#"Step","Time (ps)","Potential Energy (kJ/mole)","Kinetic Energy (kJ/mole)","Total Energy (kJ/mole)","Temperature (K)","Box Volume (nm^3)","Density (g/mL)","Speed (ns/day)"
1000,4.000000000000003,-2153660.8793718573,7887.266524653917,-2145773.6128472034,7.154294633410766,1428.4328132192022,0.9238804444120753,0
2000,7.999999999999562,-2152778.3793718573,13618.717705641704,-2139159.6616662154,12.35311608791917,1428.4328132192022,0.9238804444120753,162
3000,11.999999999999122,-2148581.8793718573,20026.039110662456,-2128555.840261195,18.164998442749226,1428.4328132192022,0.9238804444120753,122
4000,15.999999999998682,-2143841.3793718573,26691.824580452714,-2117149.5547914044,24.21132552766797,1428.4328132192022,0.9238804444120753,132
5000,20.000000000000018,-2139624.8793718573,33375.20465020289,-2106249.6747216545,30.273612128050885,1428.4328132192022,0.9238804444120753,138
6000,24.000000000001354,-2135409.3793718573,40005.72187424922,-2095403.657497608,36.287948482027936,1428.4328132192022,0.9238804444120753,142
7000,28.00000000000269,-2131481.8793718573,46760.21573209127,-2084721.663639766,42.414740192123695,1428.4328132192022,0.9238804444120753,144
8000,32.00000000000402,-2127932.8793718573,53368.7104278462,-2074564.168944011,48.40910059429579,1428.4328132192022,0.9238804444120753,146
9000,36.000000000001805,-2124016.3793718573,59992.37537678366,-2064024.0039950735,54.41722146222521,1428.4328132192022,0.9238804444120753,147
10000,39.99999999999959,-2119819.3793718573,66325.30826055928,-2053494.071111298,60.161628298551115,1428.4328132192022,0.9238804444120753,148
11000,43.99999999999737,-2115162.3793718573,73031.11915439459,-2042131.2602174627,66.24426120317945,1428.4328132192022,0.9238804444120753,148
12000,47.999999999995154,-2110465.3793718573,79752.48259610511,-2030712.896775752,72.34100134121388,1428.4328132192022,0.9238804444120753,149
13000,51.99999999999294,-2106080.3793718573,86600.23421138288,-2019480.1451604743,78.55238426823641,1428.4328132192022,0.9238804444120753,149
14000,55.99999999999072,-2101350.3793718573,93053.73576319247,-2008296.6436086649,84.40615520072626,1428.4328132192022,0.9238804444120753,149
15000,59.9999999999885,-2096632.3793718573,99259.12159305127,-1997373.257778806,90.03486806367215,1428.4328132192022,0.9238804444120753,150
16000,63.99999999998629,-2091978.3793718573,105902.40909332415,-1986075.9702785332,96.06078793880818,1428.4328132192022,0.9238804444120753,150
17000,67.99999999999118,-2087020.8793718573,112835.88797077029,-1974184.991401087,102.34993140425692,1428.4328132192022,0.9238804444120753,150
18000,71.99999999999606,-2082245.3793718573,119475.9162164571,-1962769.4631554002,108.37289491072946,1428.4328132192022,0.9238804444120753,150
19000,76.00000000000095,-2077558.8793718573,126161.4971693498,-1951397.3822025075,114.43717786389266,1428.4328132192022,0.9238804444120753,150
20000,80.00000000000584,-2071179.3793718573,132717.56351543238,-1938461.8158564249,120.38398213752174,1428.4328132192022,0.9238804444120753,150
21000,84.00000000001073,-2065900.3793718573,139146.45994787445,-1926753.9194239827,126.21543453000852,1428.4328132192022,0.9238804444120753,150
22000,88.00000000001562,-2059760.3793718573,146434.87880961862,-1913325.5005622387,132.82653303741114,1428.4328132192022,0.9238804444120753,150
23000,92.0000000000205,-2053389.3793718573,152054.72528190273,-1901334.6540899544,137.92412132501104,1428.4328132192022,0.9238804444120753,150
24000,96.0000000000254,-2047179.3793718573,158714.98668483947,-1888464.3926870178,143.96543770036124,1428.4328132192022,0.9238804444120753,150
25000,100.00000000003028,-2040712.8793718573,165642.12544243765,-1875070.7539294197,150.24883023990154,1428.4328132192022,0.9238804444120753,150
26000,104.00000000003517,-2033173.3793718573,171878.32964520148,-1861295.0497266557,155.90549749226685,1428.4328132192022,0.9238804444120753,150
27000,108.00000000004006,-2026137.3793718573,178881.85861690063,-1847255.5207549566,162.25818122376563,1428.4328132192022,0.9238804444120753,150
28000,112.00000000004495,-2019625.3793718573,186148.9353642091,-1833476.4440076482,168.8499209616509,1428.4328132192022,0.9238804444120753,149
29000,116.00000000004984,-2011357.3793718573,192202.90808610458,-1819154.4712857527,174.3412916944248,1428.4328132192022,0.9238804444120753,149
30000,120.00000000005473,-2002222.3793718573,198802.40494377125,-1803419.974428086,180.32749043697174,1428.4328132192022,0.9238804444120753,149
31000,124.00000000005961,-1993608.8793718573,204864.8752721737,-1788744.0040996836,185.82656908483128,1428.4328132192022,0.9238804444120753,149
32000,128.0000000000645,-1983440.3793718573,211368.7571959109,-1772071.6221759464,191.72603848882383,1428.4328132192022,0.9238804444120753,149
33000,132.00000000005517,-1972109.3793718573,217645.4576851536,-1754463.9216867036,197.41943866559626,1428.4328132192022,0.9238804444120753,148
34000,136.00000000004584,-1961747.8793718573,224748.21068218624,-1736999.668689671,203.86212543043112,1428.4328132192022,0.9238804444120753,148
35000,140.00000000003652,-1946334.3793718573,231508.53184975454,-1714825.8475221028,209.9942029122922,1428.4328132192022,0.9238804444120753,148
36000,144.0000000000272,-1931301.3793718573,237573.994425837,-1693727.3849460203,215.49599573513896,1428.4328132192022,0.9238804444120753,148
37000,148.00000000001788,-1914459.3793718573,243454.9482611645,-1671004.4311106927,220.83042640664036,1428.4328132192022,0.9238804444120753,148
38000,152.00000000000855,-1896743.3793718573,251686.67559352375,-1645056.7037783335,228.29717074620515,1428.4328132192022,0.9238804444120753,147
39000,155.99999999999923,-1876085.3793718573,257408.1904238449,-1618677.1889480124,233.4869792454612,1428.4328132192022,0.9238804444120753,147
40000,159.9999999999899,-1860795.8793718573,263131.0716737229,-1597664.8076981343,238.6780271814818,1428.4328132192022,0.9238804444120753,147
41000,163.9999999999806,-1847195.3793718573,271106.53448880865,-1576088.8448830487,245.91232193221475,1428.4328132192022,0.9238804444120753,147
42000,167.99999999997127,-1827652.8793718573,278563.5589822061,-1549089.3203896512,252.67635737434995,1428.4328132192022,0.9238804444120753,147
43000,171.99999999996194,-1814538.3793718573,283393.65851561975,-1531144.7208562375,257.05759072848184,1428.4328132192022,0.9238804444120753,146
44000,175.99999999995262,-1800181.3793718573,290472.2579816385,-1509709.1213902188,263.4783685750913,1428.4328132192022,0.9238804444120753,146
45000,179.9999999999433,-1787195.3793718573,297136.52468349313,-1490058.854688364,269.52331803276013,1428.4328132192022,0.9238804444120753,146
46000,183.99999999993398,-1774159.8793718573,304687.4378971208,-1469472.4414747364,276.37251701858713,1428.4328132192022,0.9238804444120753,146
47000,187.99999999992465,-1756492.8793718573,308809.2651218791,-1447683.6142499782,280.1112985472396,1428.4328132192022,0.9238804444120753,146
48000,191.99999999991533,-1746724.3793718573,317211.15356845804,-1429513.2258033992,287.73239075148877,1428.4328132192022,0.9238804444120753,146
49000,195.999999999906,-1731664.3793718573,325442.7600369684,-1406221.6193348889,295.19902545920803,1428.4328132192022,0.9238804444120753,145
50000,199.9999999998967,-1718295.3793718573,330241.9020294418,-1388053.4773424156,299.5521781889156,1428.4328132192022,0.9238804444120753,145
51000,203.99999999988736,-1716781.3793718573,331159.47783515544,-1385621.9015367017,300.3844827195214,1428.4328132192022,0.9238804444120753,145
52000,207.99999999987804,-1713272.624066988,329637.0108520037,-1383635.6132149843,299.00350017847745,1428.4328132192022,0.9238804444120753,128
53000,211.99999999986872,-1714408.8217464369,332806.1124983551,-1381602.7092480818,301.8780939088091,1428.4328132192022,0.9238804444120753,126
54000,215.9999999998594,-1712830.9681091532,330810.69372686994,-1382020.2743822832,300.068111481612,1428.4328132192022,0.9238804444120753,125
55000,219.99999999985008,-1713254.8330383096,331208.2934077548,-1382046.5396305548,300.42876181012684,1428.4328132192022,0.9238804444120753,124
56000,223.99999999984075,-1713605.2965512127,331311.6620415522,-1382293.6345096605,300.5225242891464,1428.4328132192022,0.9238804444120753,123
57000,227.99999999983143,-1710586.3450073749,332616.2765239537,-1377970.068483421,301.70589958918737,1428.4328132192022,0.9238804444120753,122
58000,231.9999999998221,-1710977.8681586608,332751.7807174555,-1378226.0874412053,301.8288112368848,1428.4328132192022,0.9238804444120753,121
59000,235.9999999998128,-1711200.1955218893,331560.96974579495,-1379639.2257760942,300.7486635688267,1428.4328132192022,0.9238804444120753,120
60000,239.99999999980346,-1713312.7042924035,332518.1634864687,-1380794.540805935,301.6169042984422,1428.4328132192022,0.9238804444120753,120
61000,243.99999999979414,-1710964.6115169097,332534.41548989795,-1378430.1960270116,301.6316459862693,1428.4328132192022,0.9238804444120753,119
62000,247.99999999978482,-1711887.4953271076,331990.4370409928,-1379897.0582861148,301.13822002107224,1428.4328132192022,0.9238804444120753,118
63000,251.9999999997755,-1713029.1014326215,331876.6669578025,-1381152.4344748189,301.03502271018306,1428.4328132192022,0.9238804444120753,117
64000,255.99999999976617,-1712124.3664164785,333042.7324890988,-1379081.6339273797,302.0927245574177,1428.4328132192022,0.9238804444120753,117
65000,259.99999999978525,-1713305.79764436,330841.61885056284,-1382464.1787937973,300.0961627013574,1428.4328132192022,0.9238804444120753,116
66000,263.99999999980434,-1709692.0309480075,332221.13889418315,-1377470.8920538244,301.347482510813,1428.4328132192022,0.9238804444120753,116
67000,267.99999999982344,-1713185.6411228217,330769.6856099395,-1382415.9555128822,300.03091429169024,1428.4328132192022,0.9238804444120753,115
68000,271.99999999984254,-1710881.7661758233,331104.5328100282,-1379777.233365795,300.3346437927941,1428.4328132192022,0.9238804444120753,115
69000,275.99999999986164,-1709531.2509954758,331542.87728273246,-1377988.3737127434,300.7322524571965,1428.4328132192022,0.9238804444120753,114
70000,279.99999999988074,-1710642.8622264024,331720.2313075296,-1378922.6309188728,300.8931247877884,1428.4328132192022,0.9238804444120753,114
71000,283.99999999989984,-1713023.7153261844,330866.51544372865,-1382157.1998824556,300.11874562819526,1428.4328132192022,0.9238804444120753,113
72000,287.99999999991894,-1712555.542075526,331210.78002788755,-1381344.7620476384,300.4310173460613,1428.4328132192022,0.9238804444120753,113
73000,291.99999999993804,-1712186.4487551507,331747.8247091898,-1380438.6240459608,300.918153905899,1428.4328132192022,0.9238804444120753,112
74000,295.99999999995714,-1712953.0270475093,330720.1160530668,-1382232.9109944426,299.98595128535504,1428.4328132192022,0.9238804444120753,112
75000,299.99999999997624,-1713355.0477696918,332322.01635661937,-1381033.0314130725,301.4389853256201,1428.4328132192022,0.9238804444120753,111
76000,303.99999999999534,-1713673.2129697222,333505.95659477066,-1380167.2563749515,302.51290076458855,1428.4328132192022,0.9238804444120753,111
77000,308.00000000001444,-1710849.1225568801,332828.9779933625,-1378020.1445635175,301.8988344895553,1428.4328132192022,0.9238804444120753,110
78000,312.00000000003354,-1710965.8837580513,332251.9681929756,-1378713.9155650758,301.37544681076577,1428.4328132192022,0.9238804444120753,110
79000,316.00000000005264,-1712011.8024246767,332606.9862482058,-1379404.8161764708,301.6974726684388,1428.4328132192022,0.9238804444120753,110
80000,320.00000000007174,-1714780.3776774406,332121.33834066964,-1382659.039336771,301.25695652666104,1428.4328132192022,0.9238804444120753,109
81000,324.00000000009084,-1714840.311405085,333280.5249183545,-1381559.7864867304,302.30841868860654,1428.4328132192022,0.9238804444120753,109
82000,328.00000000010994,-1713432.8342893142,332079.802602468,-1381353.0316868462,301.2192807478622,1428.4328132192022,0.9238804444120753,109
83000,332.00000000012903,-1713507.7659396566,332918.6636045172,-1380589.1023351394,301.98018552347474,1428.4328132192022,0.9238804444120753,108
84000,336.00000000014813,-1713045.951765431,332440.49400155223,-1380605.4577638789,301.54645271963716,1428.4328132192022,0.9238804444120753,108
85000,340.00000000016723,-1711980.0590380374,332312.52220281877,-1379667.5368352188,301.43037347341857,1428.4328132192022,0.9238804444120753,107
86000,344.00000000018633,-1711028.606277464,330936.5987058965,-1380092.0075715673,300.18231597983123,1428.4328132192022,0.9238804444120753,107
87000,348.00000000020543,-1713358.4853180982,333187.39122514834,-1380171.0940929498,302.22394000649126,1428.4328132192022,0.9238804444120753,107
88000,352.00000000022453,-1712159.970482437,330594.37325680244,-1381565.5972256344,299.87189389808503,1428.4328132192022,0.9238804444120753,107
89000,356.00000000024363,-1713445.333358284,331087.06214167713,-1382358.271216607,300.31879669184536,1428.4328132192022,0.9238804444120753,106
90000,360.00000000026273,-1712516.016420547,332890.00162520877,-1379626.0147953383,301.9541871317495,1428.4328132192022,0.9238804444120753,106
91000,364.00000000028183,-1712986.4790700655,332881.15499733086,-1380105.3240727347,301.9461626302124,1428.4328132192022,0.9238804444120753,106
92000,368.00000000030093,-1712153.2678565476,333379.33887311677,-1378773.9289834308,302.39804975965654,1428.4328132192022,0.9238804444120753,106
93000,372.00000000032003,-1710017.2851829864,331743.9124524438,-1378273.3727305427,300.91460521924625,1428.4328132192022,0.9238804444120753,105
94000,376.0000000003391,-1711668.1084844936,332265.67373451503,-1379402.4347499786,301.38787868205816,1428.4328132192022,0.9238804444120753,105
95000,380.0000000003582,-1714187.6580407359,331209.3318890322,-1382978.3261517037,300.42970378425775,1428.4328132192022,0.9238804444120753,105
96000,384.0000000003773,-1710659.6707349084,330756.10789816594,-1379903.5628367425,300.01859837081037,1428.4328132192022,0.9238804444120753,105
97000,388.0000000003964,-1712853.149829382,330954.2385740314,-1381898.9112553508,300.1983165566517,1428.4328132192022,0.9238804444120753,105
98000,392.0000000004155,-1713729.700021064,332348.47485267743,-1381381.2251683865,301.46298500608793,1428.4328132192022,0.9238804444120753,104
99000,396.0000000004346,-1712025.3686533533,331295.54420406977,-1380729.8244492835,300.50790429908494,1428.4328132192022,0.9238804444120753,104
100000,400.0000000004537,-1712563.071125729,331649.12068896316,-1380913.9504367658,300.82862255305366,1428.4328132192022,0.9238804444120753,104
101000,404.0000000004728,-1712495.7948001958,330192.0461023879,-1382303.748697808,299.50695542507844,1428.4328132192022,0.9238804444120753,104
102000,408.0000000004919,-1714152.0788768437,332056.3212873207,-1382095.757589523,301.1979815757829,1428.4328132192022,0.9238804444120753,104
103000,412.000000000511,-1711912.223756332,331514.33269437874,-1380397.8910619533,300.7063605471624,1428.4328132192022,0.9238804444120753,103
104000,416.0000000005301,-1714439.486378247,332720.364649613,-1381719.121728634,301.80031469694086,1428.4328132192022,0.9238804444120753,103
105000,420.0000000005492,-1714328.9762964882,332298.33869416546,-1382030.6376023227,301.41750805299387,1428.4328132192022,0.9238804444120753,103
106000,424.0000000005683,-1713999.7366438434,331817.54523089866,-1382182.1914129448,300.9813952269246,1428.4328132192022,0.9238804444120753,103
107000,428.0000000005874,-1713310.566753704,332772.37363979034,-1380538.1931139138,301.8474904375035,1428.4328132192022,0.9238804444120753,103
108000,432.0000000006065,-1711137.6572707202,333174.69499812095,-1377962.9622725993,302.2124236530622,1428.4328132192022,0.9238804444120753,103
109000,436.0000000006256,-1713990.9440397844,330857.89472485567,-1383133.0493149287,300.110926041704,1428.4328132192022,0.9238804444120753,102
110000,440.0000000006447,-1712010.3850988075,332200.8716018366,-1379809.513496971,301.3290986790488,1428.4328132192022,0.9238804444120753,102
111000,444.0000000006638,-1711762.4549264796,331398.6636458299,-1380363.7912806496,300.6014407437428,1428.4328132192022,0.9238804444120753,102
112000,448.0000000006829,-1712270.560659701,331161.02466738713,-1381109.5359923139,300.38588580302303,1428.4328132192022,0.9238804444120753,102
113000,452.000000000702,-1712181.6989368033,331733.9064988682,-1380447.792437935,300.9055291293557,1428.4328132192022,0.9238804444120753,102
114000,456.0000000007211,-1714061.8081985041,332667.79083985585,-1381394.0173586484,301.7526266260702,1428.4328132192022,0.9238804444120753,102
115000,460.0000000007402,-1712492.1118147802,331527.9906580299,-1380964.1211567502,300.71874926202923,1428.4328132192022,0.9238804444120753,101
116000,464.0000000007593,-1712086.3995908946,332411.8147142384,-1379674.584876656,301.52043862835745,1428.4328132192022,0.9238804444120753,101
117000,468.0000000007784,-1713609.2475328092,331967.9182788342,-1381641.3292539748,301.1177939509302,1428.4328132192022,0.9238804444120753,101
118000,472.0000000007975,-1713322.1146234125,332933.4567294906,-1380388.657893922,301.99360390794004,1428.4328132192022,0.9238804444120753,101
119000,476.0000000008166,-1713075.996562874,332130.94538475934,-1380945.0511781145,301.26567077813957,1428.4328132192022,0.9238804444120753,101
120000,480.0000000008357,-1711926.4157606866,333563.28096301004,-1378363.1347976765,302.5648979195949,1428.4328132192022,0.9238804444120753,101
121000,484.0000000008548,-1713912.5989948045,332259.326853783,-1381653.2721410217,301.38212162356166,1428.4328132192022,0.9238804444120753,100
122000,488.0000000008739,-1713826.4034529198,332804.9582214039,-1381021.445231516,301.8770469000169,1428.4328132192022,0.9238804444120753,100
123000,492.000000000893,-1713314.548856359,331753.4527479173,-1381561.0961084417,300.923258925127,1428.4328132192022,0.9238804444120753,100
124000,496.0000000009121,-1714848.0707769766,332413.55197977426,-1382434.5187972025,301.52201444799806,1428.4328132192022,0.9238804444120753,100
125000,500.0000000009312,-1712335.0631667394,332248.07460740174,-1380086.9885593378,301.3719150601537,1428.4328132192022,0.9238804444120753,99.9
126000,504.0000000009503,-1711123.480299553,332405.9882366251,-1378717.4920629277,301.5151536113759,1428.4328132192022,0.9238804444120753,99.8
127000,508.0000000009694,-1711699.2714958321,333377.04709300754,-1378322.2244028246,302.3959709570593,1428.4328132192022,0.9238804444120753,99.7
128000,512.0000000009885,-1711501.7442421373,332488.0881121918,-1379013.6561299455,301.5896238600146,1428.4328132192022,0.9238804444120753,99.5
129000,516.0000000010076,-1712260.1922654286,331617.4882613042,-1380642.7040041243,300.79992975983635,1428.4328132192022,0.9238804444120753,99.4
130000,520.0000000010267,-1711471.163247414,330754.7460404545,-1380716.4172069593,300.01736307195415,1428.4328132192022,0.9238804444120753,99.3
131000,524.0000000010458,-1713184.3580768649,331321.62606796867,-1381862.7320088963,300.5315623482124,1428.4328132192022,0.9238804444120753,99.1
132000,528.0000000010649,-1713952.6415171474,332135.5588684582,-1381817.0826486892,301.2698555259942,1428.4328132192022,0.9238804444120753,99
133000,532.000000001084,-1712624.1169869956,332485.44032002386,-1380138.6766669718,301.58722212993007,1428.4328132192022,0.9238804444120753,98.9
134000,536.0000000011031,-1714153.0259109195,331157.1101311698,-1382995.9157797499,300.3823350487326,1428.4328132192022,0.9238804444120753,98.8
135000,540.0000000011222,-1715003.4538079742,331379.5895283284,-1383623.864279646,300.5841392038428,1428.4328132192022,0.9238804444120753,98.7
136000,544.0000000011413,-1711799.6056206636,332443.4187698781,-1379356.1868507855,301.5491056861969,1428.4328132192022,0.9238804444120753,98.6
137000,548.0000000011604,-1712354.013928851,331691.9066750522,-1380662.107253799,300.8674323929019,1428.4328132192022,0.9238804444120753,98.4
138000,552.0000000011795,-1712176.910030214,332263.7178158609,-1379913.1922143532,301.3861045289613,1428.4328132192022,0.9238804444120753,98.3
139000,556.0000000011986,-1711293.9277768303,330506.812789627,-1380787.1149872034,299.79247051630205,1428.4328132192022,0.9238804444120753,98.2
140000,560.0000000012177,-1712984.4255599156,331135.820193565,-1381848.6053663506,300.3630236071989,1428.4328132192022,0.9238804444120753,98.1
141000,564.0000000012368,-1713282.618285153,330933.71729519794,-1382348.900989955,300.17970234162937,1428.4328132192022,0.9238804444120753,98
142000,568.0000000012559,-1715782.6860165894,330254.3685879065,-1385528.317428683,299.5634862171206,1428.4328132192022,0.9238804444120753,97.9
143000,572.000000001275,-1711949.2635337748,332746.0010985499,-1379203.2624352248,301.8235687239826,1428.4328132192022,0.9238804444120753,97.8
144000,576.0000000012941,-1711070.257906679,331886.69139644376,-1379183.5665102354,301.0441155673028,1428.4328132192022,0.9238804444120753,97.7
145000,580.0000000013132,-1712609.2003309093,332528.87305305776,-1380080.3272778515,301.62661861385607,1428.4328132192022,0.9238804444120753,97.6
146000,584.0000000013323,-1713167.3374453709,331012.4719007109,-1382154.86554466,300.2511381996439,1428.4328132192022,0.9238804444120753,97.5
147000,588.0000000013514,-1711010.3051472977,334269.34911255795,-1376740.9560347397,303.2053504207679,1428.4328132192022,0.9238804444120753,97.4
148000,592.0000000013705,-1712617.7972770184,330887.7146381732,-1381730.0826388453,300.13797475942505,1428.4328132192022,0.9238804444120753,97.4
149000,596.0000000013896,-1713845.1104584634,332185.5457240777,-1381659.5647343858,301.31519705106905,1428.4328132192022,0.9238804444120753,97.3
150000,600.0000000014087,-1712157.8490729295,331479.29262783227,-1380678.556445097,300.6745767904877,1428.4328132192022,0.9238804444120753,97.2
151000,604.0000000014278,-1713397.157292178,332552.6101233954,-1380844.5471687824,301.64814977352955,1428.4328132192022,0.9238804444120753,97.1
152000,608.0000000014469,-1712979.2999704368,331909.6169923908,-1381069.6829780461,301.0649106637458,1428.4328132192022,0.9238804444120753,97.1
153000,612.000000001466,-1713581.7131169122,331646.95265379094,-1381934.7604631213,300.8266559956476,1428.4328132192022,0.9238804444120753,97
154000,616.0000000014851,-1711234.5291017909,331546.6891986802,-1379687.8399031106,300.7357101278259,1428.4328132192022,0.9238804444120753,96.9
155000,620.0000000015042,-1713015.3289413564,329764.6304302967,-1383250.6985110596,299.1192599364678,1428.4328132192022,0.9238804444120753,96.9
156000,624.0000000015233,-1714766.3911548946,331467.7983433986,-1383298.592811496,300.66415068187564,1428.4328132192022,0.9238804444120753,96.8
157000,628.0000000015424,-1712648.7944706716,332639.65658293566,-1380009.1378877359,301.72710691494217,1428.4328132192022,0.9238804444120753,96.7
158000,632.0000000015615,-1713332.244523378,331515.3917116928,-1381816.8528116853,300.70732114889466,1428.4328132192022,0.9238804444120753,96.7
159000,636.0000000015806,-1709732.7235463355,332508.1014779067,-1377224.622068429,301.60777736281347,1428.4328132192022,0.9238804444120753,96.6
160000,640.0000000015997,-1712309.8424706385,330657.98558923695,-1381651.8568814015,299.9295946702261,1428.4328132192022,0.9238804444120753,96.5
161000,644.0000000016188,-1711116.189329194,331540.82212707715,-1379575.3672021166,300.73038828929634,1428.4328132192022,0.9238804444120753,96.4
162000,648.0000000016379,-1711494.079421347,331215.88684113254,-1380278.1925802145,300.43564957783366,1428.4328132192022,0.9238804444120753,96.4
163000,652.000000001657,-1711927.3763664681,333166.4053367894,-1378760.9710296788,302.2049043585904,1428.4328132192022,0.9238804444120753,96.3
164000,656.0000000016761,-1711320.1925943643,332228.56505690515,-1379091.6275374591,301.35421855250036,1428.4328132192022,0.9238804444120753,96.3
165000,660.0000000016952,-1714747.020560328,332175.57293368055,-1382571.4476266473,301.30615104246834,1428.4328132192022,0.9238804444120753,96.2
166000,664.0000000017143,-1712759.2163104266,330760.77753136866,-1381998.438779058,300.022834050137,1428.4328132192022,0.9238804444120753,96.1
167000,668.0000000017334,-1711844.9927828256,331933.21448163595,-1379911.7783011897,301.08631521374303,1428.4328132192022,0.9238804444120753,96.1
168000,672.0000000017525,-1712092.7238810435,332019.5983319629,-1380073.1255490805,301.16467132290654,1428.4328132192022,0.9238804444120753,96
169000,676.0000000017716,-1713251.5722349305,331970.67256779084,-1381280.8996671396,301.120292280946,1428.4328132192022,0.9238804444120753,95.9
170000,680.0000000017907,-1714107.4506984875,331677.4747953658,-1382429.9759031218,300.8543416828229,1428.4328132192022,0.9238804444120753,95.9
171000,684.0000000018098,-1712156.6104691364,331763.44881961535,-1380393.161649521,300.93232605147307,1428.4328132192022,0.9238804444120753,95.8
172000,688.0000000018289,-1714641.9296522848,332010.38133353554,-1382631.5483187493,301.1563108697408,1428.4328132192022,0.9238804444120753,95.8
173000,692.000000001848,-1714896.7181731984,331085.6259473674,-1383811.092225831,300.31749396456837,1428.4328132192022,0.9238804444120753,95.7
174000,696.0000000018671,-1712867.524516074,330667.596397907,-1382199.928118167,299.9383123364386,1428.4328132192022,0.9238804444120753,95.6
175000,700.0000000018862,-1715116.9986242652,331396.77925110573,-1383720.2193731596,300.5997314677826,1428.4328132192022,0.9238804444120753,95.6
176000,704.0000000019053,-1714285.4723002333,331850.03672039724,-1382435.4355798361,301.0108672484703,1428.4328132192022,0.9238804444120753,95.5
177000,708.0000000019244,-1711454.4807110932,332920.1381407792,-1378534.342570314,301.98152302954645,1428.4328132192022,0.9238804444120753,95.5
178000,712.0000000019435,-1711326.342814289,332212.6995784293,-1379113.6432358597,301.33982746946015,1428.4328132192022,0.9238804444120753,95.4
179000,716.0000000019626,-1711812.6643090341,331532.6482630715,-1380280.0160459627,300.7229740309843,1428.4328132192022,0.9238804444120753,95.3
180000,720.0000000019817,-1710070.303647818,331933.18602532474,-1378137.1176224933,301.08628940190647,1428.4328132192022,0.9238804444120753,95.3
181000,724.0000000020008,-1711471.2033493612,329775.27178322204,-1381695.9315661392,299.1289123773849,1428.4328132192022,0.9238804444120753,95.2
182000,728.0000000020199,-1711571.9804798737,332892.31631994183,-1378679.664159932,301.9562867194907,1428.4328132192022,0.9238804444120753,95.1
183000,732.000000002039,-1712220.1036564913,332235.07479370676,-1379985.0288627846,301.3601233326823,1428.4328132192022,0.9238804444120753,95.1
184000,736.0000000020581,-1712133.9126358312,330866.8483672654,-1381267.0642685657,300.11904761280107,1428.4328132192022,0.9238804444120753,95
185000,740.0000000020772,-1711245.0883757435,332118.48925301165,-1379126.599122732,301.2543722076859,1428.4328132192022,0.9238804444120753,95
186000,744.0000000020963,-1712897.7787975483,331580.2841132052,-1381317.494684343,300.7661830319613,1428.4328132192022,0.9238804444120753,94.9
187000,748.0000000021154,-1714142.8182801977,332079.97576934716,-1382062.8425108506,301.21943782216294,1428.4328132192022,0.9238804444120753,94.9
188000,752.0000000021345,-1711685.1328479983,330877.49747563945,-1380807.6353723588,300.1287070884448,1428.4328132192022,0.9238804444120753,94.8
189000,756.0000000021536,-1713579.0928180888,331442.62391625054,-1382136.4689018382,300.64131574045683,1428.4328132192022,0.9238804444120753,94.8
190000,760.0000000021727,-1710283.952291118,330894.44594447373,-1379389.5063466444,300.1440805184217,1428.4328132192022,0.9238804444120753,94.7
191000,764.0000000021918,-1713904.6334712282,332473.1012602088,-1381431.5322110194,301.5760297517924,1428.4328132192022,0.9238804444120753,94.7
192000,768.0000000022109,-1713043.561561808,331380.1665130789,-1381663.3950487291,300.5846625687996,1428.4328132192022,0.9238804444120753,94.7
193000,772.00000000223,-1710409.874769505,330949.16508186766,-1379460.7096876374,300.1937145493979,1428.4328132192022,0.9238804444120753,94.6
194000,776.0000000022491,-1712208.6386564802,330950.6195218519,-1381258.0191346284,300.19503382675987,1428.4328132192022,0.9238804444120753,94.6
195000,780.0000000022682,-1711840.9576143883,331834.400546196,-1380006.5570681924,300.9966841602197,1428.4328132192022,0.9238804444120753,94.5
196000,784.0000000022873,-1711826.2016403116,332377.81436200324,-1379448.3872783084,301.4895979642605,1428.4328132192022,0.9238804444120753,94.5
197000,788.0000000023064,-1713567.4995373096,332273.61280048615,-1381293.8867368235,301.3950799623616,1428.4328132192022,0.9238804444120753,94.4
198000,792.0000000023255,-1713936.972264193,331924.28197722044,-1382012.6902869726,301.0782128162644,1428.4328132192022,0.9238804444120753,94.4
199000,796.0000000023446,-1709668.556462776,330344.6102591142,-1379323.9462036616,299.6453416358532,1428.4328132192022,0.9238804444120753,94.3
200000,800.0000000023637,-1713160.7830447797,331825.52896769217,-1381335.2540770876,300.9886370267443,1428.4328132192022,0.9238804444120753,94.3
201000,804.0000000023828,-1714300.7856660038,331367.99625286844,-1382932.7894131355,300.5736233035435,1428.4328132192022,0.9238804444120753,94.3
202000,808.0000000024019,-1712165.6518155728,332338.45024481387,-1379827.2015707588,301.4538919954719,1428.4328132192022,0.9238804444120753,94.2
203000,812.000000002421,-1713071.1438595355,331241.52633618546,-1381829.61752335,300.4589063679126,1428.4328132192022,0.9238804444120753,94.2
204000,816.0000000024401,-1711119.2395484112,331426.4271594945,-1379692.8123889167,300.626624165172,1428.4328132192022,0.9238804444120753,94.1
205000,820.0000000024592,-1709864.7266772427,331151.54745789233,-1378713.1792193502,300.37728932047537,1428.4328132192022,0.9238804444120753,94.1
206000,824.0000000024783,-1712098.2550548185,333782.39165038575,-1378315.8634044328,302.76364642263013,1428.4328132192022,0.9238804444120753,94.1
207000,828.0000000024974,-1711514.4328938574,331460.68212813744,-1380053.75076572,300.6576957839089,1428.4328132192022,0.9238804444120753,94
208000,832.0000000025165,-1712791.8496516906,332599.32134809677,-1380192.5283035939,301.69052007547845,1428.4328132192022,0.9238804444120753,94
209000,836.0000000025356,-1713172.3320332132,331464.69046943885,-1381707.6415637743,300.6613316258792,1428.4328132192022,0.9238804444120753,94
210000,840.0000000025547,-1710711.383116193,331193.19221456116,-1379518.190901632,300.4150639865418,1428.4328132192022,0.9238804444120753,93.9
211000,844.0000000025738,-1712627.81880364,331745.7225319044,-1380882.0962717356,300.91624708613773,1428.4328132192022,0.9238804444120753,93.9
212000,848.0000000025929,-1715423.2726043444,331830.12170888437,-1383593.15089546,300.99280295971505,1428.4328132192022,0.9238804444120753,93.9
213000,852.000000002612,-1712250.989121005,332409.9790677069,-1379841.010053298,301.51877357036966,1428.4328132192022,0.9238804444120753,93.8
214000,856.000000002631,-1712962.581417,333180.0981066545,-1379782.4833103456,302.2173246450934,1428.4328132192022,0.9238804444120753,93.8
215000,860.0000000026502,-1709446.8085843604,332396.6786401292,-1377050.1299442311,301.50670916537666,1428.4328132192022,0.9238804444120753,93.8
216000,864.0000000026693,-1713270.5749095473,332650.0386418073,-1380620.5362677402,301.7365241582719,1428.4328132192022,0.9238804444120753,93.7
217000,868.0000000026884,-1709796.0414884407,332161.3264481284,-1377634.7150403124,301.29322849765356,1428.4328132192022,0.9238804444120753,93.7
218000,872.0000000027075,-1713391.5062960014,332710.2979909578,-1380681.2083050436,301.791183543357,1428.4328132192022,0.9238804444120753,93.7
219000,876.0000000027266,-1712082.0464321785,332061.01335416373,-1380021.0330780149,301.2022376039683,1428.4328132192022,0.9238804444120753,93.6
220000,880.0000000027457,-1713828.0797136724,332140.73310948454,-1381687.346604188,301.274548919414,1428.4328132192022,0.9238804444120753,93.6
221000,884.0000000027648,-1711448.0317028612,332938.08486646134,-1378509.9468363998,301.9978019473228,1428.4328132192022,0.9238804444120753,93.6
222000,888.0000000027838,-1711179.0430954043,333016.2293955161,-1378162.813699888,302.06868442391965,1428.4328132192022,0.9238804444120753,93.5
223000,892.000000002803,-1713505.9848802127,330239.931956806,-1383266.0529234067,299.5503911971813,1428.4328132192022,0.9238804444120753,93.5
224000,896.000000002822,-1714534.590112118,330695.56758453615,-1383839.022527582,299.9636841315676,1428.4328132192022,0.9238804444120753,93.5
225000,900.0000000028411,-1713687.0175589323,331275.4234926864,-1382411.594066246,300.4896534263624,1428.4328132192022,0.9238804444120753,93.4
226000,904.0000000028602,-1714353.7436576895,332688.2824013501,-1381665.4612563394,301.7712138854167,1428.4328132192022,0.9238804444120753,93.4
227000,908.0000000028793,-1711969.235839134,331899.13829090877,-1380070.0975482254,301.0554057589041,1428.4328132192022,0.9238804444120753,93.4
228000,912.0000000028984,-1712883.92726041,330620.2064921071,-1382263.720768303,299.89532642393243,1428.4328132192022,0.9238804444120753,93.3
229000,916.0000000029175,-1712402.6332864668,330844.5742345611,-1381558.0590519058,300.0988434384433,1428.4328132192022,0.9238804444120753,93.3
230000,920.0000000029366,-1715011.4883308336,330749.2283298103,-1384262.2600010233,300.0123581279058,1428.4328132192022,0.9238804444120753,93.3
231000,924.0000000029557,-1710690.8297350816,330638.14800969395,-1380052.6817253877,299.9116006176072,1428.4328132192022,0.9238804444120753,93.3
232000,928.0000000029748,-1710096.8195276037,332305.24714664,-1377791.5723809637,301.42377449578606,1428.4328132192022,0.9238804444120753,93.2
233000,932.0000000029939,-1710410.348472936,332017.4394153408,-1378392.9090575953,301.1627130366542,1428.4328132192022,0.9238804444120753,93.2
234000,936.000000003013,-1712130.3501481935,332557.2968199679,-1379573.0533282256,301.65240093050926,1428.4328132192022,0.9238804444120753,93.2
235000,940.0000000030321,-1712030.7055164631,331806.03379344876,-1380224.6717230144,300.9709535593439,1428.4328132192022,0.9238804444120753,93.1
236000,944.0000000030512,-1712491.3225436695,331681.5506197222,-1380809.7719239471,300.8580387365776,1428.4328132192022,0.9238804444120753,93.1
237000,948.0000000030703,-1713226.8463855702,330921.1379189462,-1382305.708466624,300.1682919799117,1428.4328132192022,0.9238804444120753,93.1
238000,952.0000000030894,-1714409.7888099793,333396.41408793244,-1381013.3747220468,302.41353815697875,1428.4328132192022,0.9238804444120753,93
239000,956.0000000031085,-1711395.4665792584,333206.5077508223,-1378188.9588284362,302.24128001352807,1428.4328132192022,0.9238804444120753,93
240000,960.0000000031276,-1712690.5898149572,332597.7129471131,-1380092.8768678443,301.68906114487305,1428.4328132192022,0.9238804444120753,93
241000,964.0000000031467,-1712673.0190634523,331629.76877107396,-1381043.2502923782,300.8110690290453,1428.4328132192022,0.9238804444120753,92.9
242000,968.0000000031658,-1712042.7690631691,330247.66772915516,-1381795.101334014,299.55740807615075,1428.4328132192022,0.9238804444120753,92.9
243000,972.0000000031849,-1713103.1028689947,332357.43744508317,-1380745.6654239115,301.4711146954486,1428.4328132192022,0.9238804444120753,92.9
244000,976.000000003204,-1713081.6314779911,332133.9214462372,-1380947.7100317539,301.2683702711253,1428.4328132192022,0.9238804444120753,92.8
245000,980.0000000032231,-1709944.419958517,331846.0778404861,-1378098.3421180309,301.0072762713917,1428.4328132192022,0.9238804444120753,92.8
246000,984.0000000032422,-1712174.8019590918,332377.27033195714,-1379797.5316271347,301.4891044914931,1428.4328132192022,0.9238804444120753,92.8
247000,988.0000000032613,-1711253.2550652027,332063.4745445623,-1379189.7805206403,301.20447007338026,1428.4328132192022,0.9238804444120753,92.8
248000,992.0000000032804,-1713893.1992223207,331625.5887854182,-1382267.6104369024,300.8072774938092,1428.4328132192022,0.9238804444120753,92.7
249000,996.0000000032995,-1714873.9501854032,332048.1976106979,-1382825.7525747053,301.1906128408879,1428.4328132192022,0.9238804444120753,92.7
250000,1000.0000000033186,-1712857.166599596,331191.5518797002,-1381665.6147198956,300.41357608970753,1428.4328132192022,0.9238804444120753,92.7
251000,1004.0000000033377,-1712026.1176462881,330705.17309131456,-1381320.9445549736,299.97239698859875,1428.4328132192022,0.9238804444120753,92.7
252000,1008.0000000033568,-1714564.779525835,330694.9202559039,-1383869.8592699312,299.9630969598592,1428.4328132192022,0.9238804444120753,92.6
253000,1012.0000000033759,-1713680.3524329737,332717.1436611579,-1380963.2087718158,301.797393038297,1428.4328132192022,0.9238804444120753,92.6
254000,1016.000000003395,-1713376.1862202957,333164.53786448145,-1380211.6483558142,302.2032104324286,1428.4328132192022,0.9238804444120753,92.6
255000,1020.0000000034141,-1710130.966626307,332044.625268686,-1378086.341357621,301.1873724803391,1428.4328132192022,0.9238804444120753,92.5
256000,1024.0000000034331,-1713589.1352279186,332590.75742052303,-1380998.3778073955,301.68275200261183,1428.4328132192022,0.9238804444120753,92.5
257000,1028.0000000033385,-1714341.7465382442,330768.0166635719,-1383573.7298746724,300.0294004422464,1428.4328132192022,0.9238804444120753,92.5
258000,1032.000000003244,-1713285.5240297876,332596.2825152925,-1380689.241514495,301.6877636445711,1428.4328132192022,0.9238804444120753,92.4
259000,1036.0000000031494,-1712346.0042446796,331618.64377475047,-1380727.3604699292,300.80097789021477,1428.4328132192022,0.9238804444120753,92.4
260000,1040.0000000030548,-1713574.0064681005,332346.5998878037,-1381227.4065802968,301.4612842836524,1428.4328132192022,0.9238804444120753,92.4
261000,1044.0000000029602,-1713472.551177919,331016.9939067456,-1382455.5572711732,300.25523997094894,1428.4328132192022,0.9238804444120753,92.4
262000,1048.0000000028656,-1711034.6544078235,333707.773715008,-1377326.8806928154,302.69596280968756,1428.4328132192022,0.9238804444120753,92.4
263000,1052.000000002771,-1714039.5776359625,333729.9733629689,-1380309.6042729937,302.7160994212467,1428.4328132192022,0.9238804444120753,92.3
264000,1056.0000000026764,-1711147.4586516954,330945.7033212952,-1380201.7553304,300.19057449384024,1428.4328132192022,0.9238804444120753,92.3
265000,1060.0000000025818,-1712164.8323466424,332765.106829817,-1379399.7255168254,301.84089893974794,1428.4328132192022,0.9238804444120753,92.3
266000,1064.0000000024872,-1714034.593187172,332360.3361364411,-1381674.2570507308,301.47374400840016,1428.4328132192022,0.9238804444120753,92.3
267000,1068.0000000023927,-1710378.3611597456,332128.5953814991,-1378249.7657782466,301.2635391631294,1428.4328132192022,0.9238804444120753,92.2
268000,1072.000000002298,-1712754.5514261816,332180.8677953832,-1380573.6836307985,301.31095384715934,1428.4328132192022,0.9238804444120753,92.2
269000,1076.0000000022035,-1712447.5445293002,331614.640567633,-1380832.9039616673,300.79734670530326,1428.4328132192022,0.9238804444120753,92.2
270000,1080.000000002109,-1710156.2702402659,333199.19583333866,-1376957.0744069272,302.2346476001502,1428.4328132192022,0.9238804444120753,92.2
271000,1084.0000000020143,-1712828.5060679596,333015.0021309208,-1379813.5039370388,302.06757121030114,1428.4328132192022,0.9238804444120753,92.1
272000,1088.0000000019197,-1712523.0428360812,330820.668709828,-1381702.3741262532,300.0771594790167,1428.4328132192022,0.9238804444120753,92.1
273000,1092.0000000018251,-1710137.422907997,332056.84346622636,-1378080.5794417704,301.1984552280591,1428.4328132192022,0.9238804444120753,92.1
274000,1096.0000000017305,-1709845.3707363382,333732.7363202794,-1376112.6344160587,302.71860561405725,1428.4328132192022,0.9238804444120753,92.1
275000,1100.000000001636,-1710832.1980963983,331954.55838948756,-1378877.6397069106,301.1056756100123,1428.4328132192022,0.9238804444120753,92.1
276000,1104.0000000015414,-1713485.629736878,330938.94652216166,-1382546.6832147164,300.1844456110861,1428.4328132192022,0.9238804444120753,92
277000,1108.0000000014468,-1713585.726951519,331301.04979644576,-1382284.6771550733,300.5128982510284,1428.4328132192022,0.9238804444120753,92
278000,1112.0000000013522,-1712676.196024526,333277.5202878962,-1379398.6757366296,302.3056932815855,1428.4328132192022,0.9238804444120753,92
279000,1116.0000000012576,-1711712.9842367955,330760.9758475042,-1380952.0083892914,300.0230139365476,1428.4328132192022,0.9238804444120753,92
280000,1120.000000001163,-1714250.57260577,330262.9979387626,-1383987.5746670074,299.5713136334158,1428.4328132192022,0.9238804444120753,91.9
281000,1124.0000000010684,-1713903.448653385,332180.2551981389,-1381723.1934552463,301.31039817921487,1428.4328132192022,0.9238804444120753,91.9
282000,1128.0000000009738,-1712776.7291931044,331515.682130552,-1381261.0470625525,300.7075845788269,1428.4328132192022,0.9238804444120753,91.9
283000,1132.0000000008793,-1712162.8059266135,332499.150295291,-1379663.6556313224,301.59965802291924,1428.4328132192022,0.9238804444120753,91.9
284000,1136.0000000007847,-1713587.259833552,331958.5374564977,-1381628.7223770542,301.1092848981818,1428.4328132192022,0.9238804444120753,91.9
285000,1140.00000000069,-1711750.448569253,330307.1299390274,-1381443.3186302257,299.6113444009408,1428.4328132192022,0.9238804444120753,91.9
286000,1144.0000000005955,-1712569.9752052855,331032.06497916696,-1381537.9102261185,300.2689104729165,1428.4328132192022,0.9238804444120753,91.8
287000,1148.000000000501,-1714517.4452548046,330218.40157421975,-1384299.0436805848,299.53086165546864,1428.4328132192022,0.9238804444120753,91.8
288000,1152.0000000004063,-1713314.3000668697,332689.85656542727,-1380624.4435014424,301.772641760787,1428.4328132192022,0.9238804444120753,91.8
289000,1156.0000000003117,-1713835.0707256924,331582.6206038201,-1382252.4501218724,300.7683023900703,1428.4328132192022,0.9238804444120753,91.8
290000,1160.0000000002171,-1711586.6940752715,332225.2922738767,-1379361.4018013948,301.3512499126067,1428.4328132192022,0.9238804444120753,91.7
291000,1164.0000000001226,-1713107.0937282387,330955.6055492603,-1382151.4881789784,300.1995564974492,1428.4328132192022,0.9238804444120753,91.7
292000,1168.000000000028,-1711577.5170383584,333095.0293138026,-1378482.4877245557,302.14016138374444,1428.4328132192022,0.9238804444120753,91.7
293000,1171.9999999999334,-1713118.2674135268,332500.8660731536,-1380617.401340373,301.6012143517585,1428.4328132192022,0.9238804444120753,91.7
294000,1175.9999999998388,-1710907.2849486452,331777.34708017064,-1379129.9378684745,300.9449327322025,1428.4328132192022,0.9238804444120753,91.7
295000,1179.9999999997442,-1714022.9725496005,332936.1381060849,-1381086.8344435156,301.9960361014153,1428.4328132192022,0.9238804444120753,91.6
296000,1183.9999999996496,-1714008.475940477,331629.7096524482,-1382378.766288029,300.811015404375,1428.4328132192022,0.9238804444120753,91.6
297000,1187.999999999555,-1713241.290097149,332910.52063373226,-1380330.769463417,301.9727992874442,1428.4328132192022,0.9238804444120753,91.6
298000,1191.9999999994604,-1710743.511522917,332324.068622605,-1378419.4429003121,301.44084687239064,1428.4328132192022,0.9238804444120753,91.6
299000,1195.9999999993659,-1710622.2324714419,331404.52159310656,-1379217.7108783354,300.60675430587906,1428.4328132192022,0.9238804444120753,91.6
300000,1199.9999999992713,-1711670.414146807,330973.357385431,-1380697.056761376,300.21565863699936,1428.4328132192022,0.9238804444120753,91.5
301000,1203.9999999991767,-1712108.792214593,330191.59508337645,-1381917.1971312165,299.5065463197334,1428.4328132192022,0.9238804444120753,91.5
302000,1207.999999999082,-1709837.7997131571,330948.07663434726,-1378889.72307881,300.192727252439,1428.4328132192022,0.9238804444120753,91.5
303000,1211.9999999989875,-1711863.4353836086,332242.5103022513,-1379620.9250813574,301.3668678516751,1428.4328132192022,0.9238804444120753,91.5
304000,1215.999999998893,-1710751.4394630976,331560.34334259864,-1379191.096120499,300.74809537793175,1428.4328132192022,0.9238804444120753,91.5
305000,1219.9999999987983,-1711561.4968911745,331896.8725094255,-1379664.624381749,301.05335053885346,1428.4328132192022,0.9238804444120753,91.5
306000,1223.9999999987037,-1710228.6428563055,332502.9634560201,-1377725.6794002852,301.60311682265115,1428.4328132192022,0.9238804444120753,91.5
307000,1227.9999999986092,-1713309.863654703,332529.66131275403,-1380780.2023419489,301.62733361975796,1428.4328132192022,0.9238804444120753,91.4
308000,1231.9999999985146,-1710267.959771324,332299.3436218804,-1377968.6161494437,301.41841959172984,1428.4328132192022,0.9238804444120753,91.4
309000,1235.99999999842,-1713816.3482830971,330832.6676117503,-1382983.6806713468,300.0880433104888,1428.4328132192022,0.9238804444120753,91.4
310000,1239.9999999983254,-1710369.519174775,331423.9149864365,-1378945.6041883386,300.62434545097227,1428.4328132192022,0.9238804444120753,91.4
311000,1243.9999999982308,-1713008.4638545178,331552.8505913168,-1381455.613263201,300.74129893582887,1428.4328132192022,0.9238804444120753,91.4
312000,1247.9999999981362,-1715030.558629835,332231.67789063096,-1382798.8807392041,301.35704210734656,1428.4328132192022,0.9238804444120753,91.4
313000,1251.9999999980416,-1711696.8615792599,331590.52049500076,-1380106.341084259,300.7754681361373,1428.4328132192022,0.9238804444120753,91.3
314000,1255.999999997947,-1713463.8939095195,331747.07492696325,-1381716.8189825562,300.91747380171546,1428.4328132192022,0.9238804444120753,91.3
315000,1259.9999999978525,-1713011.0240034666,331333.01722682023,-1381678.0067766462,300.5418949148101,1428.4328132192022,0.9238804444120753,91.3
316000,1263.9999999977579,-1713946.4577281363,332559.8978047663,-1381386.55992337,301.6547602030819,1428.4328132192022,0.9238804444120753,91.3
317000,1267.9999999976633,-1710304.8892684467,331648.6434041432,-1378656.2458643035,300.8281896228091,1428.4328132192022,0.9238804444120753,91.3
318000,1271.9999999975687,-1715231.5143645406,331166.18896751263,-1384065.325397028,300.3905701793603,1428.4328132192022,0.9238804444120753,91.2
319000,1275.999999997474,-1712202.9825447872,332074.1790645811,-1380128.803480206,301.214179811207,1428.4328132192022,0.9238804444120753,91.2
320000,1279.9999999973795,-1713648.4538869727,332685.9193541842,-1380962.5345327887,301.76907043868454,1428.4328132192022,0.9238804444120753,91.2
321000,1283.999999997285,-1712117.6624523215,332780.2200396582,-1379337.4424126633,301.85460766326105,1428.4328132192022,0.9238804444120753,91.2
322000,1287.9999999971903,-1710191.1901782863,333561.40316249005,-1376629.7870157962,302.5631946250326,1428.4328132192022,0.9238804444120753,91.2
323000,1291.9999999970958,-1713353.5438282155,331120.1848114094,-1382233.3590168061,300.34884123738834,1428.4328132192022,0.9238804444120753,91.2
324000,1295.9999999970012,-1713742.9609658476,332562.30910411954,-1381180.6518617282,301.6569474178753,1428.4328132192022,0.9238804444120753,91.2
325000,1299.9999999969066,-1712074.0664172824,332033.08778104594,-1380040.9786362364,301.1769071834396,1428.4328132192022,0.9238804444120753,91.1
326000,1303.999999996812,-1713036.2311832644,330879.9865048225,-1382156.244678442,300.13096480955403,1428.4328132192022,0.9238804444120753,91.1
327000,1307.9999999967174,-1713208.1601099912,331836.68488571944,-1381371.4752242719,300.9987562136925,1428.4328132192022,0.9238804444120753,91.1
328000,1311.9999999966228,-1714189.8130945526,331034.905389553,-1383154.9077049997,300.2714869210076,1428.4328132192022,0.9238804444120753,91.1
329000,1315.9999999965282,-1715134.5265247524,330038.7358778425,-1385095.7906469097,299.3678924793439,1428.4328132192022,0.9238804444120753,91.1
330000,1319.9999999964336,-1712714.0738412961,331465.4695777944,-1381248.6042635017,300.662038330884,1428.4328132192022,0.9238804444120753,91.1
331000,1323.999999996339,-1714562.757133102,332791.29610483383,-1381771.461028268,301.8646544181663,1428.4328132192022,0.9238804444120753,91.1
332000,1327.9999999962445,-1711522.538903093,332572.180779376,-1378950.358123717,301.66590170807075,1428.4328132192022,0.9238804444120753,91
333000,1331.9999999961499,-1713707.210724214,332406.4852739965,-1381300.7254502177,301.5156044585469,1428.4328132192022,0.9238804444120753,91
334000,1335.9999999960553,-1713351.7252420522,330646.7589167982,-1382704.966325254,299.9194113041476,1428.4328132192022,0.9238804444120753,91
335000,1339.9999999959607,-1713306.6861781273,330909.0437900683,-1382397.642388059,300.1573217710242,1428.4328132192022,0.9238804444120753,91
336000,1343.9999999958661,-1712168.052219361,331357.20713602984,-1380810.8450833312,300.5638368305676,1428.4328132192022,0.9238804444120753,91
337000,1347.9999999957715,-1712104.6495366748,331152.19874267146,-1380952.4507940034,300.3778800806818,1428.4328132192022,0.9238804444120753,91
338000,1351.999999995677,-1713722.9363880157,332756.7079711762,-1380966.2284168396,301.83328059578645,1428.4328132192022,0.9238804444120753,91
339000,1355.9999999955824,-1711776.6909600291,330895.56279237673,-1380881.1281676525,300.14509357648603,1428.4328132192022,0.9238804444120753,91
340000,1359.9999999954878,-1712502.3615693226,332334.5598701584,-1380167.8016991643,301.45036315738423,1428.4328132192022,0.9238804444120753,90.9
341000,1363.9999999953932,-1710404.9583754689,332214.21889961755,-1378190.7394758514,301.34120559854824,1428.4328132192022,0.9238804444120753,90.9
342000,1367.9999999952986,-1715449.2579229083,332877.7717316618,-1382571.4861912464,301.943093774945,1428.4328132192022,0.9238804444120753,90.9
343000,1371.999999995204,-1712649.8123057224,333040.60585189454,-1379609.206453828,302.0907955508233,1428.4328132192022,0.9238804444120753,90.9
344000,1375.9999999951094,-1711139.3470176272,331489.9942358834,-1379649.3527817437,300.68428388695895,1428.4328132192022,0.9238804444120753,90.9
345000,1379.9999999950148,-1709585.1609338373,331698.36896713235,-1377886.791966705,300.87329413744976,1428.4328132192022,0.9238804444120753,90.9
346000,1383.9999999949202,-1711147.9088064935,330275.67418741225,-1380872.2346190813,299.5828118650785,1428.4328132192022,0.9238804444120753,90.9
347000,1387.9999999948257,-1711647.2503933106,332282.64605124964,-1379364.6043420609,301.40327374372515,1428.4328132192022,0.9238804444120753,90.9
348000,1391.999999994731,-1710782.0759407338,333804.1147832746,-1376977.9611574593,302.7833508021591,1428.4328132192022,0.9238804444120753,90.8
349000,1395.9999999946365,-1711647.843512481,331623.27456418856,-1380024.5689482926,300.80517833556826,1428.4328132192022,0.9238804444120753,90.8
350000,1399.999999994542,-1711257.5311526395,331808.81370673387,-1379448.7174459058,300.97347513239265,1428.4328132192022,0.9238804444120753,90.8
351000,1403.9999999944473,-1711739.3047569394,331517.625674395,-1380221.6790825445,300.7093475071167,1428.4328132192022,0.9238804444120753,90.8
352000,1407.9999999943527,-1710985.6690794546,331893.2011385778,-1379092.4679408767,301.05002035232167,1428.4328132192022,0.9238804444120753,90.8
353000,1411.9999999942581,-1710438.0751400795,333843.3278341981,-1376594.7473058815,302.81891974342716,1428.4328132192022,0.9238804444120753,90.8
354000,1415.9999999941635,-1714593.3563149683,331541.939764018,-1383051.4165509504,300.7314020630725,1428.4328132192022,0.9238804444120753,90.8
355000,1419.999999994069,-1711347.7246990278,331482.75610985525,-1379864.9685891727,300.6777184075197,1428.4328132192022,0.9238804444120753,90.7
356000,1423.9999999939744,-1712670.0590659939,332090.02234681725,-1380580.0367191767,301.2285507607271,1428.4328132192022,0.9238804444120753,90.7
357000,1427.9999999938798,-1712820.5630857777,331658.20427888667,-1381162.358806891,300.83686199550675,1428.4328132192022,0.9238804444120753,90.7
358000,1431.9999999937852,-1711709.9794810377,331474.22824086616,-1380235.7512401715,300.669983042276,1428.4328132192022,0.9238804444120753,90.7
359000,1435.9999999936906,-1711420.8281878587,332270.4681393771,-1379150.3600484817,301.3922275378839,1428.4328132192022,0.9238804444120753,90.7
360000,1439.999999993596,-1711878.5081218015,331958.0165139392,-1379920.4916078623,301.1088123673577,1428.4328132192022,0.9238804444120753,90.7
361000,1443.9999999935014,-1713813.9156995788,330604.5268811629,-1383209.3888184158,299.8811039355606,1428.4328132192022,0.9238804444120753,90.7
362000,1447.9999999934068,-1712810.0995647106,331633.1369114707,-1381176.96265324,300.81412416464764,1428.4328132192022,0.9238804444120753,90.7
363000,1451.9999999933123,-1712689.7716932502,331765.2821965154,-1380924.4894967347,300.9339890507487,1428.4328132192022,0.9238804444120753,90.7
364000,1455.9999999932177,-1713145.9820307717,331068.8874787335,-1382077.0945520382,300.3023110192546,1428.4328132192022,0.9238804444120753,90.7
365000,1459.999999993123,-1714754.621297935,329634.07089507836,-1385120.5504028567,299.0008334348106,1428.4328132192022,0.9238804444120753,90.7
366000,1463.9999999930285,-1712593.362506928,332740.5548061673,-1379852.8077007607,301.8186285612224,1428.4328132192022,0.9238804444120753,90.6
367000,1467.999999992934,-1714381.0972495005,332162.0143838057,-1382219.0828656948,301.29385250275203,1428.4328132192022,0.9238804444120753,90.6
368000,1471.9999999928393,-1714213.4278430864,331970.68322901987,-1382242.7446140666,301.1203019514159,1428.4328132192022,0.9238804444120753,90.6
369000,1475.9999999927447,-1713630.2263152078,331213.21826889773,-1382417.00804631,300.4332289987954,1428.4328132192022,0.9238804444120753,90.6
370000,1479.9999999926501,-1712428.085193256,331239.6321374327,-1381188.4530558232,300.45718819902237,1428.4328132192022,0.9238804444120753,90.6
371000,1483.9999999925556,-1715591.0773851164,332608.94648444536,-1382982.130900671,301.6992507378834,1428.4328132192022,0.9238804444120753,90.6
372000,1487.999999992461,-1713080.424848862,330753.421314987,-1382327.003533875,300.01616145460383,1428.4328132192022,0.9238804444120753,90.6
373000,1491.9999999923664,-1716039.3085208405,332360.7464770141,-1383678.5620438263,301.4741162155964,1428.4328132192022,0.9238804444120753,90.6
374000,1495.9999999922718,-1714485.213488251,329363.8539780665,-1385121.3595101845,298.75572805727677,1428.4328132192022,0.9238804444120753,90.6
375000,1499.9999999921772,-1711885.1780531146,331662.8177427142,-1380222.3603104004,300.84104672533675,1428.4328132192022,0.9238804444120753,90.5
376000,1503.9999999920826,-1714003.5038140211,331018.19162995496,-1382985.312184066,300.2563263884933,1428.4328132192022,0.9238804444120753,90.5
377000,1507.999999991988,-1715143.9337831829,333221.738759381,-1381922.1950238019,302.25509558860114,1428.4328132192022,0.9238804444120753,90.5
378000,1511.9999999918934,-1712210.8371050693,332245.1433017531,-1379965.6938033162,301.3692561637914,1428.4328132192022,0.9238804444120753,90.5
379000,1515.9999999917989,-1713104.356767876,330888.33016376256,-1382216.0266041136,300.13853308358046,1428.4328132192022,0.9238804444120753,90.5
380000,1519.9999999917043,-1715771.8904026188,330499.957962572,-1385271.9324400467,299.7862527154632,1428.4328132192022,0.9238804444120753,90.5
381000,1523.9999999916097,-1713285.865869414,330864.426335074,-1382421.43953434,300.11685066258326,1428.4328132192022,0.9238804444120753,90.5
382000,1527.999999991515,-1713351.2140313014,332140.0223100064,-1381211.191721295,301.2739041752715,1428.4328132192022,0.9238804444120753,90.5
383000,1531.9999999914205,-1713361.271366736,332024.94181508,-1381336.3295516558,301.1695182305734,1428.4328132192022,0.9238804444120753,90.4
384000,1535.999999991326,-1713772.669180449,330882.9346577849,-1382889.7345226642,300.13363898759167,1428.4328132192022,0.9238804444120753,90.4
385000,1539.9999999912313,-1713610.478825055,333259.6888193021,-1380350.790005753,302.2895189099359,1428.4328132192022,0.9238804444120753,90.4
386000,1543.9999999911367,-1712477.295394592,332119.41962870857,-1380357.8757658834,301.2552161226005,1428.4328132192022,0.9238804444120753,90.4
387000,1547.9999999910422,-1713044.4953892883,331388.77949483495,-1381655.7158944532,300.5924751371923,1428.4328132192022,0.9238804444120753,90.4
388000,1551.9999999909476,-1712264.9614036977,333095.3325137324,-1379169.6288899654,302.14043640698907,1428.4328132192022,0.9238804444120753,90.4
389000,1555.999999990853,-1709675.3579911403,331680.7140790664,-1377994.643912074,300.8572799365161,1428.4328132192022,0.9238804444120753,90.4
390000,1559.9999999907584,-1711102.891668085,332066.75900014857,-1379036.1326679364,301.20744930108873,1428.4328132192022,0.9238804444120753,90.4
391000,1563.9999999906638,-1712658.8935584743,331593.22380995896,-1381065.6697485154,300.7779202292215,1428.4328132192022,0.9238804444120753,90.4
392000,1567.9999999905692,-1710429.6870451253,331161.35233587614,-1379268.3347092492,300.3861830209382,1428.4328132192022,0.9238804444120753,90.4
393000,1571.9999999904746,-1713873.6853264198,331790.8888981871,-1382082.7964282327,300.95721609496945,1428.4328132192022,0.9238804444120753,90.4
394000,1575.99999999038,-1712232.454099873,330014.21699394373,-1382218.2371059293,299.34565216085764,1428.4328132192022,0.9238804444120753,90.3
395000,1579.9999999902855,-1713536.901141284,332416.6199416531,-1381120.2811996308,301.5247973009848,1428.4328132192022,0.9238804444120753,90.3
396000,1583.9999999901909,-1713054.0000557695,331154.04978927167,-1381899.9502664977,300.3795591075939,1428.4328132192022,0.9238804444120753,90.3
397000,1587.9999999900963,-1712769.0723070148,332046.76294938964,-1380722.3093576252,301.189311504149,1428.4328132192022,0.9238804444120753,90.3
398000,1591.9999999900017,-1714603.7101439107,332591.4010233135,-1382012.3091205973,301.6833357947248,1428.4328132192022,0.9238804444120753,90.3
399000,1595.999999989907,-1712090.3312413953,331431.57437971636,-1380658.756861679,300.6312930488588,1428.4328132192022,0.9238804444120753,90.3
400000,1599.9999999898125,-1712054.3344821688,330990.7778001638,-1381063.556682005,300.23146015445093,1428.4328132192022,0.9238804444120753,90.3
401000,1603.999999989718,-1714061.8563552853,331412.58245552593,-1382649.2738997594,300.6140660639599,1428.4328132192022,0.9238804444120753,90.3
402000,1607.9999999896233,-1713508.7990806755,331430.48880954395,-1382078.3102711316,300.63030836185294,1428.4328132192022,0.9238804444120753,90.3
403000,1611.9999999895288,-1714295.1363715548,331899.0519686707,-1382396.0844028841,301.05532745868146,1428.4328132192022,0.9238804444120753,90.3
404000,1615.9999999894342,-1714090.6336038262,332163.58744639275,-1381927.0461574334,301.2952793789948,1428.4328132192022,0.9238804444120753,90.3
405000,1619.9999999893396,-1714161.20097881,331561.6095329049,-1382599.5914459052,300.7492438998544,1428.4328132192022,0.9238804444120753,90.2
406000,1623.999999989245,-1713227.3030688316,331491.2045797686,-1381736.0984890629,300.6853817523265,1428.4328132192022,0.9238804444120753,90.2
407000,1627.9999999891504,-1711697.3008981608,331877.58368155634,-1379819.7172166044,301.0358542418439,1428.4328132192022,0.9238804444120753,90.2
408000,1631.9999999890558,-1712079.488676643,331057.76627467363,-1381021.7224019694,300.29222332026865,1428.4328132192022,0.9238804444120753,90.2
409000,1635.9999999889612,-1713716.3509474955,332748.24720113317,-1380968.1037463625,301.82560609391385,1428.4328132192022,0.9238804444120753,90.2
410000,1639.9999999888666,-1714005.3270991389,331076.0959595528,-1382929.231139586,300.3088496084451,1428.4328132192022,0.9238804444120753,90.2
411000,1643.999999988772,-1714643.5593363214,331134.71162809344,-1383508.847708228,300.362018061871,1428.4328132192022,0.9238804444120753,90.2
412000,1647.9999999886775,-1715195.3743296154,332368.91218758293,-1382826.4621420326,301.48152307817907,1428.4328132192022,0.9238804444120753,90.2
413000,1651.9999999885829,-1713141.7902582884,330395.28741314024,-1382746.502845148,299.69130930918493,1428.4328132192022,0.9238804444120753,90.2
414000,1655.9999999884883,-1712496.2605725937,332999.1049628457,-1379497.1556097479,302.0531513826092,1428.4328132192022,0.9238804444120753,90.2
415000,1659.9999999883937,-1710624.3541706614,331422.66981749947,-1379201.684353162,300.6232159968812,1428.4328132192022,0.9238804444120753,90.2
416000,1663.9999999882991,-1714657.6779688485,331956.8304010286,-1382700.84756782,301.10773648115503,1428.4328132192022,0.9238804444120753,90.2
417000,1667.9999999882045,-1714154.4756845627,332685.7934432038,-1381468.6822413588,301.76895622874275,1428.4328132192022,0.9238804444120753,90.2
418000,1671.99999998811,-1711452.714049179,332733.4524565145,-1378719.2615926645,301.81218624031857,1428.4328132192022,0.9238804444120753,90.2
419000,1675.9999999880154,-1713618.799523646,333253.6728163503,-1380365.1267072957,302.28406198040295,1428.4328132192022,0.9238804444120753,90.2
420000,1679.9999999879208,-1713175.3284955528,331862.9432579859,-1381312.385237567,301.0225743680811,1428.4328132192022,0.9238804444120753,90.1
421000,1683.9999999878262,-1711969.2778519373,332898.3008386009,-1379070.9770133365,301.96171509059906,1428.4328132192022,0.9238804444120753,90.1
422000,1687.9999999877316,-1714551.9336994942,332316.12405183254,-1382235.8096476616,301.43364059885283,1428.4328132192022,0.9238804444120753,90.1
423000,1691.999999987637,-1713471.881414041,331602.1422159943,-1381869.7391980467,300.7860098384971,1428.4328132192022,0.9238804444120753,90.1
424000,1695.9999999875424,-1708447.9066313393,331458.3196571657,-1376989.5869741738,300.6555528598246,1428.4328132192022,0.9238804444120753,90.1
425000,1699.9999999874478,-1713015.162945453,330720.63839900994,-1382294.524546443,299.98642508914577,1428.4328132192022,0.9238804444120753,90.1
426000,1703.9999999873532,-1715302.802418569,332207.1078401521,-1383095.694578417,301.3347553772438,1428.4328132192022,0.9238804444120753,90.1
427000,1707.9999999872587,-1712808.962506555,331172.3208599314,-1381636.6416466236,300.3961322286313,1428.4328132192022,0.9238804444120753,90.1
428000,1711.999999987164,-1713407.4827396926,332435.99557292054,-1380971.4871667721,301.54237233466245,1428.4328132192022,0.9238804444120753,90.1
429000,1715.9999999870695,-1716010.8091406822,332852.0556808166,-1383158.7534598657,301.91976754348326,1428.4328132192022,0.9238804444120753,90.1
430000,1719.999999986975,-1712318.763851136,330924.41037226224,-1381394.3534788736,300.1712603207335,1428.4328132192022,0.9238804444120753,90.1
431000,1723.9999999868803,-1711130.4094110597,331380.2268538931,-1379750.1825571666,300.58471730207907,1428.4328132192022,0.9238804444120753,90.1
432000,1727.9999999867857,-1711894.0409130994,330387.35495634645,-1381506.6859567529,299.6841140238611,1428.4328132192022,0.9238804444120753,90.1
433000,1731.9999999866911,-1711155.7687877044,331709.0031830666,-1379446.7656046378,300.88294010462374,1428.4328132192022,0.9238804444120753,90.1
434000,1735.9999999865965,-1712229.916012898,332328.6208415702,-1379901.295171328,301.4449760489071,1428.4328132192022,0.9238804444120753,90.1
435000,1739.999999986502,-1714027.3004635647,331061.2662386774,-1382966.0342248874,300.29539802897295,1428.4328132192022,0.9238804444120753,90.1
436000,1743.9999999864074,-1711931.9026042577,332584.85101802374,-1379347.051586234,301.6773944882472,1428.4328132192022,0.9238804444120753,90.1
437000,1747.9999999863128,-1713340.8205159586,332026.7396907435,-1381314.0808252152,301.1711490277793,1428.4328132192022,0.9238804444120753,90
438000,1751.9999999862182,-1714026.5311574824,331337.73684133415,-1382688.7943161484,300.54617593063267,1428.4328132192022,0.9238804444120753,90
439000,1755.9999999861236,-1713084.6360635683,333047.0289761289,-1380037.6070874394,302.0966217674341,1428.4328132192022,0.9238804444120753,90
440000,1759.999999986029,-1712846.4570582155,331734.31245521165,-1381112.1446030037,300.9058973597535,1428.4328132192022,0.9238804444120753,90
441000,1763.9999999859344,-1712684.4070612378,330091.37264358136,-1382593.0344176565,299.41563765563126,1428.4328132192022,0.9238804444120753,90
442000,1767.9999999858398,-1713334.8255352527,332601.94758206734,-1380732.8779531852,301.69290225079135,1428.4328132192022,0.9238804444120753,90
443000,1771.9999999857453,-1712245.0555105023,331128.14582712617,-1381116.909683376,300.3560624276247,1428.4328132192022,0.9238804444120753,90
444000,1775.9999999856507,-1713959.2230799515,331876.85629027046,-1382082.366789681,301.03519444778766,1428.4328132192022,0.9238804444120753,90
445000,1779.999999985556,-1710793.3111765739,331174.8550252503,-1379618.4561513236,300.3984308913283,1428.4328132192022,0.9238804444120753,90
446000,1783.9999999854615,-1712862.3417477813,332858.1048624644,-1380004.236885317,301.9252545683815,1428.4328132192022,0.9238804444120753,90
447000,1787.999999985367,-1711933.33104923,329914.0388405245,-1382019.2922087056,299.2547836675524,1428.4328132192022,0.9238804444120753,90
448000,1791.9999999852723,-1714965.6624055915,331274.0411107369,-1383691.6212948547,300.4883995106069,1428.4328132192022,0.9238804444120753,89.9
449000,1795.9999999851777,-1712569.277791366,331697.3338006611,-1380871.9439907048,300.8723551700766,1428.4328132192022,0.9238804444120753,89.9
450000,1799.9999999850832,-1712545.5577751994,331650.72427303676,-1380894.8335021627,300.8300771143895,1428.4328132192022,0.9238804444120753,89.9
451000,1803.9999999849886,-1711316.704432115,332255.41788787034,-1379061.2865442447,301.37857592192177,1428.4328132192022,0.9238804444120753,89.9
452000,1807.999999984894,-1710939.487539364,331114.9059687371,-1379824.581570627,300.34405296306255,1428.4328132192022,0.9238804444120753,89.9
453000,1811.9999999847994,-1712569.3886390906,331683.25073132245,-1380886.1379077681,300.8595808550365,1428.4328132192022,0.9238804444120753,89.9
454000,1815.9999999847048,-1712849.5417495426,331710.26217574056,-1381139.279573802,300.8840820977975,1428.4328132192022,0.9238804444120753,89.9
455000,1819.9999999846102,-1711080.4251275621,331590.1081183145,-1379490.3170092476,300.77509408204594,1428.4328132192022,0.9238804444120753,89.9
456000,1823.9999999845156,-1711778.7673928011,331447.7130687538,-1380331.0543240474,300.64593195271857,1428.4328132192022,0.9238804444120753,89.9
457000,1827.999999984421,-1711220.9941517934,330752.61056418635,-1380468.3835876072,300.01542604771936,1428.4328132192022,0.9238804444120753,89.9
458000,1831.9999999843265,-1710412.6286009643,332053.3905311223,-1378359.238069842,301.1953231778098,1428.4328132192022,0.9238804444120753,89.9
459000,1835.9999999842319,-1712950.2568919528,330937.13048683037,-1382013.1264051225,300.1827983418092,1428.4328132192022,0.9238804444120753,89.9
460000,1839.9999999841373,-1712270.0829198156,333182.29645916016,-1379087.7864606553,302.2193187024116,1428.4328132192022,0.9238804444120753,89.9
461000,1843.9999999840427,-1711945.4572371263,331794.00217739714,-1380151.455059729,300.9600400539006,1428.4328132192022,0.9238804444120753,89.9
462000,1847.999999983948,-1712474.1031723544,332365.03909315896,-1380109.0640791955,301.478009914453,1428.4328132192022,0.9238804444120753,89.8
463000,1851.9999999838535,-1712300.6426900178,331728.4178855227,-1380572.224804495,300.9005505785638,1428.4328132192022,0.9238804444120753,89.8
464000,1855.999999983759,-1711655.380587941,330654.21372971137,-1381001.1668582298,299.92617333353394,1428.4328132192022,0.9238804444120753,89.8
465000,1859.9999999836643,-1711048.1760740355,330860.7153601444,-1380187.460713891,300.11348455241813,1428.4328132192022,0.9238804444120753,89.8
466000,1863.9999999835698,-1712528.908137139,332900.6620254363,-1379628.2461117026,301.9638568498831,1428.4328132192022,0.9238804444120753,89.8
467000,1867.9999999834752,-1712982.953840606,329777.6160059979,-1383205.337834608,299.13103874909706,1428.4328132192022,0.9238804444120753,89.8
468000,1871.9999999833806,-1711749.1086038947,331988.38377090485,-1379760.7248329897,301.13635756351175,1428.4328132192022,0.9238804444120753,89.8
469000,1875.999999983286,-1711762.526056096,331583.1115705216,-1380179.4144855742,300.768747730725,1428.4328132192022,0.9238804444120753,89.8
470000,1879.9999999831914,-1711179.8448805474,330268.3570668561,-1380911.4878136911,299.5761747321551,1428.4328132192022,0.9238804444120753,89.8
471000,1883.9999999830968,-1714567.1626408473,331801.5777394818,-1382765.5849013655,300.9669116111122,1428.4328132192022,0.9238804444120753,89.8
472000,1887.9999999830022,-1711849.6251078546,333385.34527965804,-1378464.2798281966,302.4034979845834,1428.4328132192022,0.9238804444120753,89.8
473000,1891.9999999829076,-1713861.3333035316,331217.3930807092,-1382643.9402228224,300.437015840998,1428.4328132192022,0.9238804444120753,89.8
474000,1895.999999982813,-1711670.1887690108,331520.47032756294,-1380149.718441448,300.7119278037036,1428.4328132192022,0.9238804444120753,89.8
475000,1899.9999999827185,-1713611.599364426,331740.7807598462,-1381870.8186045797,300.9117645581028,1428.4328132192022,0.9238804444120753,89.8
476000,1903.9999999826239,-1715144.6734199524,331679.47626917594,-1383465.1971507764,300.85615715758763,1428.4328132192022,0.9238804444120753,89.8
477000,1907.9999999825293,-1712896.7914082557,332657.07804073114,-1380239.7133675246,301.74290937852356,1428.4328132192022,0.9238804444120753,89.8
478000,1911.9999999824347,-1713001.8919462822,331886.09864506917,-1381115.793301213,301.0435779009307,1428.4328132192022,0.9238804444120753,89.7
479000,1915.9999999823401,-1712963.2262445632,332328.8888162003,-1380634.337428363,301.4452191203758,1428.4328132192022,0.9238804444120753,89.7
480000,1919.9999999822455,-1712778.4246564303,330973.72266028373,-1381804.7019961465,300.21598996647964,1428.4328132192022,0.9238804444120753,89.7
481000,1923.999999982151,-1715297.9599989634,333587.3781275124,-1381710.5818714509,302.5867557095074,1428.4328132192022,0.9238804444120753,89.7
482000,1927.9999999820564,-1712039.508674115,331813.2485375252,-1380226.2601365899,300.97749782974046,1428.4328132192022,0.9238804444120753,89.7
483000,1931.9999999819618,-1712155.757689938,331187.8017404118,-1380967.9559495263,300.41017445476825,1428.4328132192022,0.9238804444120753,89.7
484000,1935.9999999818672,-1710601.3941912055,332604.1563819698,-1377997.2378092357,301.69490578461887,1428.4328132192022,0.9238804444120753,89.7
485000,1939.9999999817726,-1711431.717650259,333414.64236265596,-1378017.0752876028,302.4300724591509,1428.4328132192022,0.9238804444120753,89.7
486000,1943.999999981678,-1712124.1330521535,331737.28356025106,-1380386.8494919024,300.9085923569077,1428.4328132192022,0.9238804444120753,89.7
487000,1947.9999999815834,-1710665.0012517292,331454.0188223155,-1379210.9824294136,300.6516517060355,1428.4328132192022,0.9238804444120753,89.7
488000,1951.9999999814888,-1709923.3066612054,332446.7783105482,-1377476.528350657,301.5521530212542,1428.4328132192022,0.9238804444120753,89.7
489000,1955.9999999813942,-1711588.7967815436,333420.9879099784,-1378167.8088715654,302.43582830815296,1428.4328132192022,0.9238804444120753,89.7
490000,1959.9999999812997,-1711344.7659271378,331536.67891244247,-1379808.0870146954,300.72663010791206,1428.4328132192022,0.9238804444120753,89.7
491000,1963.999999981205,-1710101.7655258402,332020.5242149412,-1378081.2413108991,301.16551116261553,1428.4328132192022,0.9238804444120753,89.7
492000,1967.9999999811105,-1710626.799837811,330917.998364205,-1379708.801473606,300.1654441872619,1428.4328132192022,0.9238804444120753,89.7
493000,1971.999999981016,-1712001.8584927078,329787.7548435222,-1382214.1036491855,299.14023537389255,1428.4328132192022,0.9238804444120753,89.7
494000,1975.9999999809213,-1712319.281477524,332643.2428105425,-1379676.0386669815,301.7303598706831,1428.4328132192022,0.9238804444120753,89.7
495000,1979.9999999808267,-1712016.1727090813,330971.43142673356,-1381044.7412823478,300.21391165964917,1428.4328132192022,0.9238804444120753,89.7
496000,1983.9999999807321,-1712064.1956403013,330701.3830005635,-1381362.812639738,299.9689591149278,1428.4328132192022,0.9238804444120753,89.6
497000,1987.9999999806375,-1714367.7919937838,331419.5018020207,-1382948.290191763,300.62034238837975,1428.4328132192022,0.9238804444120753,89.6
498000,1991.999999980543,-1712555.054469077,332193.5490847497,-1380361.5053843271,301.32245665109986,1428.4328132192022,0.9238804444120753,89.6
499000,1995.9999999804484,-1713204.7183592804,332107.80416555126,-1381096.9141937292,301.2446800965297,1428.4328132192022,0.9238804444120753,89.6
500000,1999.9999999803538,-1712509.93358773,330857.3863656176,-1381652.5472221123,300.1104649248193,1428.4328132192022,0.9238804444120753,89.6
501000,2003.9999999802592,-1711948.9746100288,332692.3983843984,-1379256.5762256305,301.7749473658743,1428.4328132192022,0.9238804444120753,89.6
502000,2007.9999999801646,-1711911.436513437,330436.32122619485,-1381475.115287242,299.7285298072633,1428.4328132192022,0.9238804444120753,89.6
503000,2011.99999998007,-1712749.4031234402,332485.0345234665,-1380264.3685999736,301.5868540444693,1428.4328132192022,0.9238804444120753,89.6
504000,2015.9999999799754,-1711026.3485004492,331724.951068023,-1379301.3974324262,300.89740593602437,1428.4328132192022,0.9238804444120753,89.6
505000,2019.9999999798808,-1711557.154897241,331679.6415764421,-1379877.5133207988,300.8563071026774,1428.4328132192022,0.9238804444120753,89.6
506000,2023.9999999797863,-1713120.8268712517,332627.1229374851,-1380493.7039337666,301.71573803421484,1428.4328132192022,0.9238804444120753,89.6
507000,2027.9999999796917,-1714037.7860196996,331274.5077899825,-1382763.2782297172,300.48882282086424,1428.4328132192022,0.9238804444120753,89.5
508000,2031.999999979597,-1711847.991488235,330448.3527504436,-1381399.6387377915,299.7394432294351,1428.4328132192022,0.9238804444120753,89.5
509000,2035.9999999795025,-1712850.054597387,331983.0534063059,-1380867.0011910812,301.13152255524557,1428.4328132192022,0.9238804444120753,89.5
510000,2039.999999979408,-1712391.8748011887,331729.7576260157,-1380662.117175173,300.90176581557773,1428.4328132192022,0.9238804444120753,89.5
511000,2043.9999999793133,-1716235.3404006697,333208.8381526049,-1383026.5022480648,302.2433938486463,1428.4328132192022,0.9238804444120753,89.5
512000,2047.9999999792187,-1713113.8537396304,331761.4959020115,-1381352.3578376188,300.93055462053576,1428.4328132192022,0.9238804444120753,89.5
513000,2051.9999999791244,-1712795.7855878547,331124.15947622724,-1381671.6261116276,300.3524465324658,1428.4328132192022,0.9238804444120753,89.5
514000,2055.99999997903,-1712962.684384212,332847.66971922317,-1380115.0146649887,301.91578917386784,1428.4328132192022,0.9238804444120753,89.5
515000,2059.999999978935,-1712156.1204012502,331886.0481140192,-1380270.072287231,301.04353206578384,1428.4328132192022,0.9238804444120753,89.5
516000,2063.9999999788406,-1712120.6474391837,331747.0851544648,-1380373.5622847187,300.91748307876463,1428.4328132192022,0.9238804444120753,89.5
517000,2067.999999978746,-1712338.9054872934,331508.67638320837,-1380830.229104085,300.70122988287903,1428.4328132192022,0.9238804444120753,89.5
518000,2071.9999999786514,-1716156.8046995346,331790.4480918577,-1384366.356607677,300.9568162532313,1428.4328132192022,0.9238804444120753,89.5
519000,2075.999999978557,-1713793.3939938396,329347.55560345,-1384445.8383903897,298.74094430758515,1428.4328132192022,0.9238804444120753,89.4
520000,2079.9999999784623,-1713081.1395920515,332800.9381631616,-1380280.2014288898,301.87340042997323,1428.4328132192022,0.9238804444120753,89.4
521000,2083.9999999783677,-1712341.2515850496,332443.2115411004,-1379898.0400439491,301.5489177154053,1428.4328132192022,0.9238804444120753,89.4
522000,2087.999999978273,-1710576.0912569482,332527.6892323322,-1378048.402024616,301.6255448068233,1428.4328132192022,0.9238804444120753,89.4
523000,2091.9999999781785,-1710566.2188967783,333079.9293074173,-1377486.289589361,302.12646463667636,1428.4328132192022,0.9238804444120753,89.4
524000,2095.999999978084,-1709445.2508106064,332119.286490559,-1377325.9643200473,301.2550953571178,1428.4328132192022,0.9238804444120753,89.4
525000,2099.9999999779893,-1712093.3398470003,330575.2914861806,-1381518.0483608197,299.8545854162772,1428.4328132192022,0.9238804444120753,89.4
526000,2103.9999999778947,-1713693.931278631,333074.9686530306,-1380618.9626256004,302.12196498106744,1428.4328132192022,0.9238804444120753,89.4
527000,2107.9999999778,-1714627.5307751782,332044.9517755953,-1382582.578999583,301.1876686446214,1428.4328132192022,0.9238804444120753,89.4
528000,2111.9999999777056,-1713640.7144810036,332595.7223533584,-1381044.9921276453,301.68725553906876,1428.4328132192022,0.9238804444120753,89.4
529000,2115.999999977611,-1710136.4486884177,332375.9967502598,-1377760.451938158,301.48794926506906,1428.4328132192022,0.9238804444120753,89.4
530000,2119.9999999775164,-1710752.1034508403,332457.3767409341,-1378294.7267099062,301.56176652846807,1428.4328132192022,0.9238804444120753,89.4
531000,2123.999999977422,-1712693.8243720569,331094.1602006894,-1381599.6641713674,300.32523512084236,1428.4328132192022,0.9238804444120753,89.4
532000,2127.999999977327,-1711980.5009083226,330990.9503089264,-1380989.5505993962,300.2316166317946,1428.4328132192022,0.9238804444120753,89.4
533000,2131.9999999772326,-1712645.4323560167,333145.8042021237,-1379499.628153893,302.18621770882135,1428.4328132192022,0.9238804444120753,89.4
534000,2135.999999977138,-1712234.5104501713,330419.25216318865,-1381815.2582869828,299.7130469900565,1428.4328132192022,0.9238804444120753,89.4
535000,2139.9999999770434,-1711929.8148694169,331456.2843755417,-1380473.530493875,300.6537067190413,1428.4328132192022,0.9238804444120753,89.3
536000,2143.999999976949,-1710558.63767525,331973.4032610937,-1378585.2344141563,301.12276920807676,1428.4328132192022,0.9238804444120753,89.3
537000,2147.9999999768543,-1712235.1384875532,331707.54517752526,-1380527.5933100278,300.8816175930555,1428.4328132192022,0.9238804444120753,89.3
538000,2151.9999999767597,-1712553.3129095603,330692.0179038289,-1381861.2950057313,299.96046432638474,1428.4328132192022,0.9238804444120753,89.3
539000,2155.999999976665,-1710862.7055667844,331503.39150487364,-1379359.3140619108,300.69643613379117,1428.4328132192022,0.9238804444120753,89.3
540000,2159.9999999765705,-1713482.6760179065,333205.4760955318,-1380277.1999223747,302.24034423103797,1428.4328132192022,0.9238804444120753,89.3
541000,2163.999999976476,-1713932.991446063,330233.892102098,-1383699.0993439648,299.5449126324607,1428.4328132192022,0.9238804444120753,89.3
542000,2167.9999999763813,-1712801.9655518308,332398.58805522515,-1380403.3774966057,301.50844113653943,1428.4328132192022,0.9238804444120753,89.3
543000,2171.9999999762867,-1712665.3419645429,331668.7797291113,-1380996.5622354315,300.84645465812963,1428.4328132192022,0.9238804444120753,89.3
544000,2175.999999976192,-1710048.7543740515,330595.33915742656,-1379453.415216625,299.8727700365584,1428.4328132192022,0.9238804444120753,89.3
545000,2179.9999999760976,-1713383.501170013,331748.33715814207,-1381635.164011871,300.91861873243647,1428.4328132192022,0.9238804444120753,89.3
546000,2183.999999976003,-1711537.9304090291,332977.3756909559,-1378560.5547180732,302.03344143458304,1428.4328132192022,0.9238804444120753,89.3
547000,2187.9999999759084,-1712327.0920630507,331066.8670238952,-1381260.2250391555,300.3004783273883,1428.4328132192022,0.9238804444120753,89.3
548000,2191.999999975814,-1711840.2767633833,332724.73742144404,-1379115.5393419391,301.8042811025323,1428.4328132192022,0.9238804444120753,89.3
549000,2195.999999975719,-1712997.1277727038,331810.0881214661,-1381187.0396512377,300.97463111443676,1428.4328132192022,0.9238804444120753,89.3
550000,2199.9999999756246,-1709548.3693579156,329841.7269790312,-1379706.6423788844,299.1891918226469,1428.4328132192022,0.9238804444120753,89.2
551000,2203.99999997553,-1712907.2802992407,331437.30500066606,-1381469.9752985747,300.6364911172363,1428.4328132192022,0.9238804444120753,89.2
552000,2207.9999999754355,-1711418.1655524578,332031.8171740426,-1379386.3483784152,301.1757546552681,1428.4328132192022,0.9238804444120753,89.2
553000,2211.999999975341,-1713374.5762765855,330903.1398541967,-1382471.4364223888,300.151966494061,1428.4328132192022,0.9238804444120753,89.2
554000,2215.9999999752463,-1711276.0465131793,332311.0272531139,-1378965.0192600654,301.4290174509465,1428.4328132192022,0.9238804444120753,89.2
555000,2219.9999999751517,-1713880.1047885306,331358.7361817064,-1382521.3686068242,300.56522378043724,1428.4328132192022,0.9238804444120753,89.2
556000,2223.999999975057,-1715656.3937091958,332590.0408952244,-1383066.3528139715,301.6821020647553,1428.4328132192022,0.9238804444120753,89.2
557000,2227.9999999749625,-1711712.6100335214,332263.9873013536,-1379448.6227321678,301.38634897088656,1428.4328132192022,0.9238804444120753,89.2
558000,2231.999999974868,-1714150.8587859217,332184.1971843426,-1381966.661601579,301.31397383253585,1428.4328132192022,0.9238804444120753,89.2
559000,2235.9999999747733,-1712396.2964549419,331862.3115222028,-1380533.984932739,301.02200134016215,1428.4328132192022,0.9238804444120753,89.2
560000,2239.9999999746788,-1712227.8242003787,331495.59390157374,-1380732.230298805,300.68936316988567,1428.4328132192022,0.9238804444120753,89.2
561000,2243.999999974584,-1712601.3738960847,332845.44799507083,-1379755.925901014,301.91377391685455,1428.4328132192022,0.9238804444120753,89.2
562000,2247.9999999744896,-1712413.9710261151,331360.8319362685,-1381053.1390898465,300.5671247743455,1428.4328132192022,0.9238804444120753,89.2
563000,2251.999999974395,-1712125.2109700833,333499.4717440016,-1378625.7392260816,302.50701855775424,1428.4328132192022,0.9238804444120753,89.2
564000,2255.9999999743004,-1713232.5713160373,329605.7017728272,-1383626.8695432101,298.97510068463134,1428.4328132192022,0.9238804444120753,89.2
565000,2259.999999974206,-1714296.0106246155,330688.50762670697,-1383607.5029979085,299.9572802629711,1428.4328132192022,0.9238804444120753,89.2
566000,2263.9999999741112,-1715829.1645709388,331321.92914893496,-1384507.2354220038,300.5318372635488,1428.4328132192022,0.9238804444120753,89.2
567000,2267.9999999740166,-1712300.9732114654,332674.4937779043,-1379626.4794335612,301.758706653106,1428.4328132192022,0.9238804444120753,89.2
568000,2271.999999973922,-1712397.7181931976,331635.3689772497,-1380762.349215948,300.8161488022296,1428.4328132192022,0.9238804444120753,89.2
569000,2275.9999999738275,-1712763.2281551845,330793.25919478596,-1381969.9689603986,300.0522971587494,1428.4328132192022,0.9238804444120753,89.2
570000,2279.999999973733,-1712377.6433787532,334135.77342151216,-1378241.869957241,303.084188057785,1428.4328132192022,0.9238804444120753,89.1
571000,2283.9999999736383,-1713861.1758157723,330922.5960048196,-1382938.5798109528,300.1696145643466,1428.4328132192022,0.9238804444120753,89.1
572000,2287.9999999735437,-1711733.0996047556,331479.4199027625,-1380253.6797019932,300.6746922376262,1428.4328132192022,0.9238804444120753,89.1
573000,2291.999999973449,-1712597.3065039143,332965.64908071863,-1379631.6574231957,302.02280459044624,1428.4328132192022,0.9238804444120753,89.1
574000,2295.9999999733545,-1713953.9970005471,332632.66292619053,-1381321.3340743566,301.72076318600097,1428.4328132192022,0.9238804444120753,89.1
575000,2299.99999997326,-1715178.9458551388,331341.6181259195,-1383837.3277292193,300.5496965233998,1428.4328132192022,0.9238804444120753,89.1
576000,2303.9999999731654,-1714869.701632863,333705.7974335087,-1381163.9041993544,302.69417018608596,1428.4328132192022,0.9238804444120753,89.1
577000,2307.9999999730708,-1714162.5907260086,331521.76698355767,-1382640.823742451,300.7131039601065,1428.4328132192022,0.9238804444120753,89.1
578000,2311.999999972976,-1714391.2003915329,332915.1053863572,-1381476.0950051756,301.9769579742335,1428.4328132192022,0.9238804444120753,89.1
579000,2315.9999999728816,-1713225.1933417805,333122.5138954431,-1380102.6794463373,302.16509179459314,1428.4328132192022,0.9238804444120753,89.1
580000,2319.999999972787,-1715475.2694221605,332261.23682209844,-1383214.032600062,301.3838540965327,1428.4328132192022,0.9238804444120753,89.1
581000,2323.9999999726924,-1713639.4847997185,332091.8509499311,-1381547.6338497875,301.2302094298494,1428.4328132192022,0.9238804444120753,89.1
582000,2327.999999972598,-1711481.4271785766,333158.01472108037,-1378323.4124574962,302.19729349153647,1428.4328132192022,0.9238804444120753,89.1
583000,2331.9999999725032,-1712444.237001706,332686.6891578921,-1379757.547843814,301.76976870373227,1428.4328132192022,0.9238804444120753,89.1
584000,2335.9999999724087,-1713144.3839999288,331506.8743797615,-1381637.5096201673,300.69959534148893,1428.4328132192022,0.9238804444120753,89.1
585000,2339.999999972314,-1710174.1935871113,332604.0499054705,-1377570.1436816407,301.69480920309155,1428.4328132192022,0.9238804444120753,89.1
586000,2343.9999999722195,-1713244.351791054,333294.38204708166,-1379949.9697439724,302.32098805993144,1428.4328132192022,0.9238804444120753,89.1
587000,2347.999999972125,-1711127.7836552877,332724.36255410075,-1378403.421101187,301.8039410720015,1428.4328132192022,0.9238804444120753,89.1
588000,2351.9999999720303,-1713324.1077378336,332870.7592407188,-1380453.3484971148,301.9367329620875,1428.4328132192022,0.9238804444120753,89.1
589000,2355.9999999719357,-1713077.4564410597,333073.0685948408,-1380004.387846219,302.12024149726375,1428.4328132192022,0.9238804444120753,89.1
590000,2359.999999971841,-1713734.9830469117,330578.0093890736,-1383156.973657838,299.8570507416241,1428.4328132192022,0.9238804444120753,89.1
591000,2363.9999999717465,-1713758.8763362505,330713.05347724736,-1383045.8228590032,299.97954504206086,1428.4328132192022,0.9238804444120753,89.1
592000,2367.999999971652,-1712845.6103989985,331158.72981634625,-1381686.8805826523,300.3838042148791,1428.4328132192022,0.9238804444120753,89
593000,2371.9999999715574,-1710958.566734476,332227.6936864846,-1378730.8730479914,301.35342815944034,1428.4328132192022,0.9238804444120753,89
594000,2375.999999971463,-1711597.1704309005,331672.1727305398,-1379924.9977003606,300.84953234440223,1428.4328132192022,0.9238804444120753,89
595000,2379.999999971368,-1712631.2107227314,332828.6978043461,-1379802.5129183852,301.898580338796,1428.4328132192022,0.9238804444120753,89
596000,2383.9999999712736,-1713670.4765706304,332357.08167925116,-1381313.3948913794,301.47079199130576,1428.4328132192022,0.9238804444120753,89
597000,2387.999999971179,-1712465.6108460464,331835.07186306815,-1380630.538982978,300.9972930909159,1428.4328132192022,0.9238804444120753,89
598000,2391.9999999710844,-1714259.4992929269,332617.05282167124,-1381642.4464712557,301.7066037447496,1428.4328132192022,0.9238804444120753,89
599000,2395.99999997099,-1712534.9396566842,331345.49149913085,-1381189.4481575533,300.5532099400053,1428.4328132192022,0.9238804444120753,89
600000,2399.9999999708953,-1711916.8950344734,331418.0059174718,-1380498.8891170016,300.6189855179396,1428.4328132192022,0.9238804444120753,89
601000,2403.9999999708007,-1714797.4849163387,331878.19113034644,-1382919.2937859923,301.0364052397854,1428.4328132192022,0.9238804444120753,89
602000,2407.999999970706,-1712847.9929856267,330149.8543685055,-1382698.1386171211,299.4686846129605,1428.4328132192022,0.9238804444120753,89
603000,2411.9999999706115,-1714164.5236755796,332512.02306807716,-1381652.5006075024,301.6113345155258,1428.4328132192022,0.9238804444120753,89
604000,2415.999999970517,-1713638.0014213808,332973.9136342668,-1380664.087787114,302.03030111042716,1428.4328132192022,0.9238804444120753,89
605000,2419.9999999704223,-1714905.9734483194,332512.07578135165,-1382393.8976669677,301.6113823301008,1428.4328132192022,0.9238804444120753,89
606000,2423.9999999703277,-1714152.552150024,332405.3233594223,-1381747.2287906017,301.514550521904,1428.4328132192022,0.9238804444120753,89
607000,2427.999999970233,-1711935.7371990457,330662.0074061742,-1381273.7297928715,299.9332427355274,1428.4328132192022,0.9238804444120753,89
608000,2431.9999999701386,-1714053.7969102692,332321.9727163025,-1381731.8241939666,301.43894574084334,1428.4328132192022,0.9238804444120753,89
609000,2435.999999970044,-1714320.664072875,330634.7597363938,-1383685.9043364811,299.90852722007304,1428.4328132192022,0.9238804444120753,89
610000,2439.9999999699494,-1713890.5317833498,332713.0102361,-1381177.5215472498,301.7936437367339,1428.4328132192022,0.9238804444120753,89
611000,2443.999999969855,-1711588.9055793565,331934.7193246594,-1379654.1862546972,301.0876802101373,1428.4328132192022,0.9238804444120753,89
612000,2447.99999996976,-1711712.1095134448,329926.13012303645,-1381785.9793904084,299.2657512945897,1428.4328132192022,0.9238804444120753,89
613000,2451.9999999696656,-1712285.095897656,330871.45357301494,-1381413.6423246409,300.1232248519848,1428.4328132192022,0.9238804444120753,88.9
614000,2455.999999969571,-1713393.3788682148,331055.02001524996,-1382338.3588529648,300.28973227359296,1428.4328132192022,0.9238804444120753,88.9
615000,2459.9999999694764,-1712844.6052813288,331600.1879565464,-1381244.4173247823,300.7842371904146,1428.4328132192022,0.9238804444120753,88.9
616000,2463.999999969382,-1711248.8790056445,331771.1956777531,-1379477.6833278914,300.9393529860171,1428.4328132192022,0.9238804444120753,88.9
617000,2467.9999999692873,-1712354.2190534212,333180.55050851725,-1379173.6685449039,302.21773500478,1428.4328132192022,0.9238804444120753,88.9
618000,2471.9999999691927,-1709396.8481581304,332055.86929359275,-1377340.9788645376,301.19757158630273,1428.4328132192022,0.9238804444120753,88.9
619000,2475.999999969098,-1711087.4761249442,333129.2935073799,-1377958.1826175642,302.1712413701329,1428.4328132192022,0.9238804444120753,88.9
620000,2479.9999999690035,-1710941.5572965723,331315.60687396803,-1379625.950422604,300.52610252417804,1428.4328132192022,0.9238804444120753,88.9
621000,2483.999999968909,-1713402.4453037828,331378.28890098527,-1382024.1564027974,300.582959445153,1428.4328132192022,0.9238804444120753,88.9
622000,2487.9999999688143,-1715452.1215055082,331629.28377526597,-1383822.8377302422,300.8106291044028,1428.4328132192022,0.9238804444120753,88.9
623000,2491.9999999687197,-1712480.033157209,330981.0892391148,-1381498.943918094,300.222671961469,1428.4328132192022,0.9238804444120753,88.9
624000,2495.999999968625,-1711727.1655923706,332100.4389582402,-1379626.7266341303,301.23799934560355,1428.4328132192022,0.9238804444120753,88.9
625000,2499.9999999685306,-1709978.44222638,331993.7907023184,-1377984.6515240618,301.14126202315873,1428.4328132192022,0.9238804444120753,88.9
626000,2503.999999968436,-1712785.0083751474,332624.26158125,-1380160.7467938974,301.71314258679416,1428.4328132192022,0.9238804444120753,88.9
627000,2507.9999999683414,-1713038.3112793956,332392.3344939194,-1380645.9767854763,301.5027687251977,1428.4328132192022,0.9238804444120753,88.9
628000,2511.999999968247,-1713530.454838898,331996.04066770856,-1381534.4141711895,301.14330289692225,1428.4328132192022,0.9238804444120753,88.9
629000,2515.999999968152,-1712331.5532549564,332405.5582834701,-1379925.9949714863,301.5147636142154,1428.4328132192022,0.9238804444120753,88.9
630000,2519.9999999680576,-1710979.4728267435,331028.60637445585,-1379950.8664522876,300.2657732799427,1428.4328132192022,0.9238804444120753,88.9
631000,2523.999999967963,-1711870.2833943851,332556.13684186566,-1379314.1465525194,301.65134875037995,1428.4328132192022,0.9238804444120753,88.8
632000,2527.9999999678685,-1711995.0931335874,332084.8973573629,-1379910.1957762246,301.22390204187946,1428.4328132192022,0.9238804444120753,88.8
633000,2531.999999967774,-1712499.2189969905,332833.79606045823,-1379665.4229365322,301.9032048086588,1428.4328132192022,0.9238804444120753,88.8
634000,2535.9999999676793,-1710529.7942870427,332908.3268448424,-1377621.4674422003,301.97080936964034,1428.4328132192022,0.9238804444120753,88.8
635000,2539.9999999675847,-1711185.351202486,332336.6659434861,-1378848.685259,301.45227351112453,1428.4328132192022,0.9238804444120753,88.8
636000,2543.99999996749,-1713710.7702983208,331634.79150293005,-1382075.9787953908,300.8156249931998,1428.4328132192022,0.9238804444120753,88.8
637000,2547.9999999673955,-1711504.5004560072,331484.32402668707,-1380020.1764293201,300.6791406162077,1428.4328132192022,0.9238804444120753,88.8
638000,2551.999999967301,-1709794.1412263121,331259.9337542588,-1378534.2074720534,300.4756031654565,1428.4328132192022,0.9238804444120753,88.8
639000,2555.9999999672063,-1710843.3667908758,332179.81223129726,-1378663.5545595787,301.30999637774306,1428.4328132192022,0.9238804444120753,88.8
640000,2559.9999999671118,-1711838.2268034387,331669.07118129986,-1380169.1556221389,300.84671902536286,1428.4328132192022,0.9238804444120753,88.8
641000,2563.999999967017,-1713267.0338484365,332254.1932046651,-1381012.8406437715,301.377465049802,1428.4328132192022,0.9238804444120753,88.8
642000,2567.9999999669226,-1712036.5111728013,332480.9698254766,-1379555.5413473246,301.5831670830962,1428.4328132192022,0.9238804444120753,88.8
643000,2571.999999966828,-1712022.1022680514,330987.4828170026,-1381034.6194510488,300.22847137750597,1428.4328132192022,0.9238804444120753,88.8
644000,2575.9999999667334,-1713096.8564146906,332003.616170687,-1381093.2402440035,301.1501744005204,1428.4328132192022,0.9238804444120753,88.8
645000,2579.999999966639,-1715199.2091596443,333065.1590849247,-1382134.0500747196,302.1130670263404,1428.4328132192022,0.9238804444120753,88.8
646000,2583.9999999665442,-1712914.0705918372,331431.7451297722,-1381482.325462065,300.63144793093414,1428.4328132192022,0.9238804444120753,88.8
647000,2587.9999999664496,-1711712.1454815045,332708.16969371325,-1379003.9757877912,301.7892530309917,1428.4328132192022,0.9238804444120753,88.8
648000,2591.999999966355,-1711346.1159700882,332747.67841895507,-1378598.437551133,301.8250901692559,1428.4328132192022,0.9238804444120753,88.8
649000,2595.9999999662605,-1710912.707469657,330974.5481778137,-1379938.1592918434,300.21673876780596,1428.4328132192022,0.9238804444120753,88.8
650000,2599.999999966166,-1712879.6174985114,330084.7236984518,-1382794.8938000596,299.40960660389624,1428.4328132192022,0.9238804444120753,88.8
651000,2603.9999999660713,-1711445.4619956613,331319.75294806715,-1380125.709047594,300.52986329929377,1428.4328132192022,0.9238804444120753,88.8
652000,2607.9999999659767,-1711647.2203657124,330245.34656997945,-1381401.8737957329,299.5553026247143,1428.4328132192022,0.9238804444120753,88.8
653000,2611.999999965882,-1713342.7716111075,333379.72860390646,-1379963.043007201,302.3984032723581,1428.4328132192022,0.9238804444120753,88.8
654000,2615.9999999657875,-1712988.7511122618,331893.0118944946,-1381095.7392177673,301.04984869488817,1428.4328132192022,0.9238804444120753,88.8
655000,2619.999999965693,-1715844.0721833948,332835.97282140143,-1383008.0993619934,301.90517928094084,1428.4328132192022,0.9238804444120753,88.8
656000,2623.9999999655984,-1710327.3556213751,332381.8122324718,-1377945.5433889034,301.4932243084634,1428.4328132192022,0.9238804444120753,88.8
657000,2627.999999965504,-1711642.8343196828,330900.9000087277,-1380741.934310955,300.1499347997638,1428.4328132192022,0.9238804444120753,88.8
658000,2631.999999965409,-1710248.7070314325,332560.055955214,-1377688.6510762186,301.6549036564438,1428.4328132192022,0.9238804444120753,88.8
659000,2635.9999999653146,-1714015.7326391358,332533.2968112061,-1381482.4358279298,301.6306312675532,1428.4328132192022,0.9238804444120753,88.7
660000,2639.99999996522,-1709501.1137051862,331799.38251251465,-1377701.7311926715,300.96492038887305,1428.4328132192022,0.9238804444120753,88.7
661000,2643.9999999651254,-1710163.939732859,330571.7929779186,-1379592.1467549403,299.851412028031,1428.4328132192022,0.9238804444120753,88.7
662000,2647.999999965031,-1714523.2010443285,330848.3989768438,-1383674.8020674847,300.1023127434429,1428.4328132192022,0.9238804444120753,88.7
663000,2651.9999999649363,-1710876.2230278067,332492.0154515094,-1378384.2075762972,301.59318622759986,1428.4328132192022,0.9238804444120753,88.7
664000,2655.9999999648417,-1711710.9478419852,331379.31011507136,-1380331.6377269137,300.5838857567507,1428.4328132192022,0.9238804444120753,88.7
665000,2659.999999964747,-1712374.578438202,332436.2721367287,-1379938.3063014732,301.54262319710796,1428.4328132192022,0.9238804444120753,88.7
666000,2663.9999999646525,-1709785.8062486984,330625.4595504733,-1379160.346698225,299.90009131011453,1428.4328132192022,0.9238804444120753,88.7
667000,2667.999999964558,-1711006.254545927,332028.8359923682,-1378977.4185535589,301.17305051791107,1428.4328132192022,0.9238804444120753,88.7
668000,2671.9999999644633,-1712645.6313555203,331748.9535200852,-1380896.6778354351,300.9191778152224,1428.4328132192022,0.9238804444120753,88.7
669000,2675.9999999643687,-1712504.6771945767,330817.29369370267,-1381687.383500874,300.0740981066544,1428.4328132192022,0.9238804444120753,88.7
670000,2679.999999964274,-1709328.194891503,332054.73422650574,-1377273.4606649973,301.1965420021821,1428.4328132192022,0.9238804444120753,88.7
671000,2683.9999999641796,-1710134.7619293444,332410.42065744294,-1377724.3412719015,301.51917412271166,1428.4328132192022,0.9238804444120753,88.7
672000,2687.999999964085,-1714807.0948050544,332440.69107971113,-1382366.4037253433,301.5466314831175,1428.4328132192022,0.9238804444120753,88.7
673000,2691.9999999639904,-1714482.2613275703,334119.4086208071,-1380362.8527067632,303.0693440550503,1428.4328132192022,0.9238804444120753,88.7
674000,2695.999999963896,-1713174.7616538145,332362.26811007777,-1380812.4935437366,301.47549644171494,1428.4328132192022,0.9238804444120753,88.7
675000,2699.999999963801,-1711606.9747528154,331976.6278761148,-1379630.3468767006,301.12569415626604,1428.4328132192022,0.9238804444120753,88.7
676000,2703.9999999637066,-1710742.3851445485,330987.4496432345,-1379754.935501314,300.22844128661075,1428.4328132192022,0.9238804444120753,88.7
677000,2707.999999963612,-1711717.8414740097,330738.6729888548,-1380979.1684851549,300.0027837057767,1428.4328132192022,0.9238804444120753,88.7
678000,2711.9999999635174,-1712246.626071388,331061.0146307521,-1381185.6114406358,300.29516980323416,1428.4328132192022,0.9238804444120753,88.7
679000,2715.999999963423,-1711704.2209769525,332474.6912409741,-1379229.5297359782,301.57747197398953,1428.4328132192022,0.9238804444120753,88.7
680000,2719.9999999633283,-1712435.8004343398,332835.81068820285,-1379599.989746137,301.90503221494924,1428.4328132192022,0.9238804444120753,88.7
681000,2723.9999999632337,-1712818.052504219,330980.9329296613,-1381837.1195745578,300.2225301780158,1428.4328132192022,0.9238804444120753,88.7
682000,2727.999999963139,-1710959.1909273285,331999.0842379098,-1378960.1066894187,301.1460636249754,1428.4328132192022,0.9238804444120753,88.7
683000,2731.9999999630445,-1714443.2215371374,332711.60361093277,-1381731.6179262046,301.7923678307082,1428.4328132192022,0.9238804444120753,88.7
684000,2735.99999996295,-1711674.149342563,331964.11360063555,-1379710.0357419276,301.1143428454384,1428.4328132192022,0.9238804444120753,88.6
685000,2739.9999999628553,-1710859.564387912,329447.2467696616,-1381412.3176182504,298.83137106991103,1428.4328132192022,0.9238804444120753,88.6
686000,2743.9999999627607,-1714052.4560118243,332212.78580834274,-1381839.6702034816,301.33990568593794,1428.4328132192022,0.9238804444120753,88.6
687000,2747.999999962666,-1715488.1911071949,331822.9053021426,-1383665.2858050521,300.98625718116637,1428.4328132192022,0.9238804444120753,88.6
688000,2751.9999999625716,-1712512.5876076203,332623.8932085654,-1379888.6943990549,301.71280844736674,1428.4328132192022,0.9238804444120753,88.6
689000,2755.999999962477,-1711779.3960535154,331706.14669097593,-1380073.2493625395,300.88034906931756,1428.4328132192022,0.9238804444120753,88.6
690000,2759.9999999623824,-1712361.2672551721,331025.5056662697,-1381335.7615889024,300.26296072379705,1428.4328132192022,0.9238804444120753,88.6
691000,2763.999999962288,-1713979.88795417,332417.72037004493,-1381562.167584125,301.5257954654203,1428.4328132192022,0.9238804444120753,88.6
692000,2767.999999962193,-1713534.6367707327,330591.6912866701,-1382942.9454840627,299.8694611662299,1428.4328132192022,0.9238804444120753,88.6
693000,2771.9999999620986,-1714587.676369451,330993.5593813569,-1383594.116988094,300.23398324040727,1428.4328132192022,0.9238804444120753,88.6
694000,2775.999999962004,-1709990.3835578933,332032.23292579985,-1377958.1506320934,301.1761317707817,1428.4328132192022,0.9238804444120753,88.6
695000,2779.9999999619095,-1711059.835906921,331493.8194545036,-1379566.0164524172,300.6877536240295,1428.4328132192022,0.9238804444120753,88.6
696000,2783.999999961815,-1713496.0923249144,332726.60235310695,-1380769.4899718075,301.8059727241538,1428.4328132192022,0.9238804444120753,88.6
697000,2787.9999999617203,-1711969.7348899506,332026.09389131353,-1379943.640998637,301.1705632431628,1428.4328132192022,0.9238804444120753,88.6
698000,2791.9999999616257,-1711660.0425430518,332036.86325565155,-1379623.1792874,301.1803317992586,1428.4328132192022,0.9238804444120753,88.6
699000,2795.999999961531,-1711328.2284130808,331472.84941078397,-1379855.3790022968,300.6687323483091,1428.4328132192022,0.9238804444120753,88.6
700000,2799.9999999614365,-1713704.4054829795,331482.63799556915,-1382221.7674874105,300.67761126971726,1428.4328132192022,0.9238804444120753,88.6
701000,2803.999999961342,-1710269.7427021284,332020.12013659487,-1378249.6225655335,301.1651446356907,1428.4328132192022,0.9238804444120753,88.6
702000,2807.9999999612473,-1713076.1567652896,331712.7302029749,-1381363.4265623146,300.886320768691,1428.4328132192022,0.9238804444120753,88.6
703000,2811.9999999611528,-1708654.245625984,333206.03578676586,-1375448.209839218,302.24085190958283,1428.4328132192022,0.9238804444120753,88.6
704000,2815.999999961058,-1712799.3159931097,330880.9713830862,-1381918.3446100235,300.1318581620551,1428.4328132192022,0.9238804444120753,88.6
705000,2819.9999999609636,-1712253.3289128393,332555.033172133,-1379698.2957407064,301.65034764582475,1428.4328132192022,0.9238804444120753,88.6
706000,2823.999999960869,-1712659.6410265435,334659.07152657036,-1378000.5694999732,303.55885552502343,1428.4328132192022,0.9238804444120753,88.6
707000,2827.9999999607744,-1712468.4735518005,331475.67285751936,-1380992.8006942812,300.6712934091993,1428.4328132192022,0.9238804444120753,88.6
708000,2831.99999996068,-1712338.2829025425,331143.11772750237,-1381195.1651750403,300.3696429737085,1428.4328132192022,0.9238804444120753,88.6
709000,2835.9999999605852,-1710405.2173583005,330801.21797641297,-1379603.9993818875,300.0595163225122,1428.4328132192022,0.9238804444120753,88.6
710000,2839.9999999604906,-1711077.8186206426,330711.0832902484,-1380366.7353303942,299.97775794659134,1428.4328132192022,0.9238804444120753,88.6
711000,2843.999999960396,-1714083.322065061,332746.4839232159,-1381336.838141845,301.8240066792495,1428.4328132192022,0.9238804444120753,88.6
712000,2847.9999999603015,-1710676.0178531315,332587.90324761975,-1378088.1146055118,301.68016307096855,1428.4328132192022,0.9238804444120753,88.6
713000,2851.999999960207,-1710168.770459136,331011.9885615193,-1379156.7818976166,300.2506997776667,1428.4328132192022,0.9238804444120753,88.6
714000,2855.9999999601123,-1712070.5871870816,333215.29458019754,-1378855.2926068841,302.24925027369966,1428.4328132192022,0.9238804444120753,88.5
715000,2859.9999999600177,-1710759.4880170543,332632.1138567034,-1378127.3741603508,301.720265142113,1428.4328132192022,0.9238804444120753,88.5
716000,2863.999999959923,-1711022.429503275,332864.5202664738,-1378157.9092368013,301.93107378221583,1428.4328132192022,0.9238804444120753,88.5
717000,2867.9999999598285,-1711374.615401486,330848.27538860653,-1380526.3400128793,300.1022006403892,1428.4328132192022,0.9238804444120753,88.5
718000,2871.999999959734,-1711460.3175324574,332698.4215162584,-1378761.8960161991,301.78041076181853,1428.4328132192022,0.9238804444120753,88.5
719000,2875.9999999596394,-1712196.691040257,329737.05002130655,-1382459.6410189504,299.0942426036049,1428.4328132192022,0.9238804444120753,88.5
720000,2879.9999999595448,-1712789.2212868687,332173.5084838833,-1380615.7128029855,301.30427844414044,1428.4328132192022,0.9238804444120753,88.5
721000,2883.99999995945,-1710934.2357400283,332324.61391790747,-1378609.6218221209,301.4413414928328,1428.4328132192022,0.9238804444120753,88.5
722000,2887.9999999593556,-1710960.6002295706,333409.75424865866,-1377550.845980912,302.4256386026774,1428.4328132192022,0.9238804444120753,88.5
723000,2891.999999959261,-1710415.0271443892,331834.740968469,-1378580.2861759202,300.99699294669637,1428.4328132192022,0.9238804444120753,88.5
724000,2895.9999999591664,-1712381.5783438068,330633.98577915464,-1381747.5925646522,299.907825187486,1428.4328132192022,0.9238804444120753,88.5
725000,2899.999999959072,-1710032.8545697983,332439.4629585651,-1377593.3916112334,301.5455174925484,1428.4328132192022,0.9238804444120753,88.5
726000,2903.9999999589772,-1713316.0379269589,333381.99205385323,-1379934.0458731055,302.40045637754434,1428.4328132192022,0.9238804444120753,88.5
727000,2907.9999999588827,-1711631.7230140548,332269.4837546378,-1379362.239259417,301.3913346330436,1428.4328132192022,0.9238804444120753,88.5
728000,2911.999999958788,-1712278.4874776974,332184.0336332212,-1380094.4538444763,301.31382548039045,1428.4328132192022,0.9238804444120753,88.5
729000,2915.9999999586935,-1711696.840299476,331607.47607700236,-1380089.3642224735,300.79084801824746,1428.4328132192022,0.9238804444120753,88.5
730000,2919.999999958599,-1713531.257220436,330992.6100942737,-1382538.6471261622,300.2331221715612,1428.4328132192022,0.9238804444120753,88.5
731000,2923.9999999585043,-1714106.097698031,330333.55878086283,-1383772.538917168,299.6353171829838,1428.4328132192022,0.9238804444120753,88.5
732000,2927.9999999584097,-1714824.712635113,332405.8432128531,-1382418.8694222597,301.5150220648141,1428.4328132192022,0.9238804444120753,88.5
733000,2931.999999958315,-1713985.826804977,332854.61598553834,-1381131.2108194386,301.9220899164211,1428.4328132192022,0.9238804444120753,88.5
734000,2935.9999999582205,-1713262.0697011035,332062.2398431414,-1381199.8298579622,301.2033501140481,1428.4328132192022,0.9238804444120753,88.5
735000,2939.999999958126,-1712716.241735736,332823.17870780645,-1379893.0630279295,301.8935741376449,1428.4328132192022,0.9238804444120753,88.5
736000,2943.9999999580314,-1714340.0298911147,330012.92401316774,-1384327.105877947,299.3444793381315,1428.4328132192022,0.9238804444120753,88.5
737000,2947.999999957937,-1709236.4347086698,331461.66144216515,-1377774.7732665045,300.6585840892642,1428.4328132192022,0.9238804444120753,88.5
738000,2951.999999957842,-1713646.4940792434,331720.6883931415,-1381925.8056861018,300.8935393959584,1428.4328132192022,0.9238804444120753,88.5
739000,2955.9999999577476,-1712964.6672697645,330659.18805632123,-1382305.4792134431,299.9306853907921,1428.4328132192022,0.9238804444120753,88.5
740000,2959.999999957653,-1713199.5244147535,334294.21187588107,-1378905.3125388725,303.22790266160547,1428.4328132192022,0.9238804444120753,88.5
741000,2963.9999999575584,-1713609.3454669043,332654.1578562424,-1380955.187610662,301.7402605698202,1428.4328132192022,0.9238804444120753,88.5
742000,2967.999999957464,-1713885.8496915828,332752.6004701885,-1381133.2492213943,301.82955480914273,1428.4328132192022,0.9238804444120753,88.5
743000,2971.9999999573693,-1709952.0384766255,330070.7380759689,-1379881.3004006566,299.3969206798741,1428.4328132192022,0.9238804444120753,88.5
744000,2975.9999999572747,-1710859.7659419961,331646.8494711913,-1379212.9164708047,300.82656240191443,1428.4328132192022,0.9238804444120753,88.5
745000,2979.99999995718,-1712461.621268222,332845.4426777363,-1379616.1785904858,301.9137690936654,1428.4328132192022,0.9238804444120753,88.5
746000,2983.9999999570855,-1712967.9002771564,331563.4741831158,-1381404.4260940405,300.75093526617945,1428.4328132192022,0.9238804444120753,88.5
747000,2987.999999956991,-1713610.415096296,332052.8066757098,-1381557.6084205862,301.1947935806888,1428.4328132192022,0.9238804444120753,88.5
748000,2991.9999999568963,-1712839.8312608097,330599.8576753567,-1382239.973585453,299.8768686439121,1428.4328132192022,0.9238804444120753,88.5
749000,2995.9999999568017,-1710977.307379607,331940.1356133272,-1379037.17176628,301.0925931574592,1428.4328132192022,0.9238804444120753,88.5
750000,2999.999999956707,-1712457.9852124397,332056.89886315854,-1380401.086349281,301.1985054768967,1428.4328132192022,0.9238804444120753,88.5
751000,3003.9999999566126,-1711869.5145578645,334169.0549094156,-1377700.459648449,303.11437666236117,1428.4328132192022,0.9238804444120753,88.5
752000,3007.999999956518,-1710863.4427499827,331506.2121284009,-1379357.230621582,300.69899463383695,1428.4328132192022,0.9238804444120753,88.5
753000,3011.9999999564234,-1713185.7393452022,330943.9485867646,-1382241.7907584375,300.18898282861676,1428.4328132192022,0.9238804444120753,88.5
754000,3015.999999956329,-1713192.280082373,332354.4981238703,-1380837.7819585027,301.46844852841673,1428.4328132192022,0.9238804444120753,88.4
755000,3019.999999956234,-1713820.3249983434,330318.8378474211,-1383501.4871509222,299.6219642812159,1428.4328132192022,0.9238804444120753,88.4
756000,3023.9999999561396,-1713909.4354810026,332378.5629230975,-1381530.872557905,301.4902769607928,1428.4328132192022,0.9238804444120753,88.4
757000,3027.999999956045,-1714125.7506163493,332442.6361654361,-1381683.1144509132,301.54839581000067,1428.4328132192022,0.9238804444120753,88.4
758000,3031.9999999559504,-1713696.0911473949,332463.3560579665,-1381232.7350894283,301.56719018134226,1428.4328132192022,0.9238804444120753,88.4
759000,3035.999999955856,-1713505.337688852,332471.26319775084,-1381034.0744911013,301.57436250239266,1428.4328132192022,0.9238804444120753,88.4
760000,3039.9999999557613,-1713429.7784597892,332044.1779639699,-1381385.6004958195,301.18696674411603,1428.4328132192022,0.9238804444120753,88.4
761000,3043.9999999556667,-1711858.3859446105,331244.4006759783,-1380613.9852686322,300.4615135923154,1428.4328132192022,0.9238804444120753,88.4
762000,3047.999999955572,-1714301.1338331904,330334.7211319637,-1383966.4127012268,299.6363715155865,1428.4328132192022,0.9238804444120753,88.4
763000,3051.9999999554775,-1711875.3947163485,332741.03475309245,-1379134.359963256,301.81906390617996,1428.4328132192022,0.9238804444120753,88.4
764000,3055.999999955383,-1710519.4872383662,330668.35912593553,-1379851.1281124307,299.9390041833572,1428.4328132192022,0.9238804444120753,88.4
765000,3059.9999999552883,-1712760.196064623,331033.3780749615,-1381726.8179896616,300.2701015413515,1428.4328132192022,0.9238804444120753,88.4
766000,3063.9999999551937,-1712046.2632908858,332216.62735899654,-1379829.6359318893,301.3433902372892,1428.4328132192022,0.9238804444120753,88.4
767000,3067.999999955099,-1713892.1747599468,331518.3625853214,-1382373.8121746252,300.7100159361434,1428.4328132192022,0.9238804444120753,88.4
768000,3071.9999999550046,-1710568.2649435103,333010.7803878772,-1377557.484555633,302.06374179823473,1428.4328132192022,0.9238804444120753,88.4
769000,3075.99999995491,-1712926.9338846393,333049.4690490553,-1379877.464835584,302.0988350818426,1428.4328132192022,0.9238804444120753,88.4
770000,3079.9999999548154,-1711478.6062532049,331607.6214957059,-1379870.9847574988,300.79097992303946,1428.4328132192022,0.9238804444120753,88.4
771000,3083.999999954721,-1711987.6408850309,331814.78642544127,-1380172.8544595896,300.9788928001311,1428.4328132192022,0.9238804444120753,88.4
772000,3087.999999954626,-1711839.0505145509,332990.7842721234,-1378848.2662424275,302.04560394234016,1428.4328132192022,0.9238804444120753,88.4
773000,3091.9999999545316,-1711665.1299416889,333306.7589179967,-1378358.3710236922,302.3322147353442,1428.4328132192022,0.9238804444120753,88.4
774000,3095.999999954437,-1710683.6456640307,332321.78409393097,-1378361.8615700998,301.4387746473452,1428.4328132192022,0.9238804444120753,88.4
775000,3099.9999999543425,-1712247.1942271367,332820.7013115238,-1379426.4929156129,301.8913269683785,1428.4328132192022,0.9238804444120753,88.4
776000,3103.999999954248,-1712880.9375148155,332703.30609680095,-1380177.6314180144,301.78484141320496,1428.4328132192022,0.9238804444120753,88.4
777000,3107.9999999541533,-1712157.3695594575,331355.4984899624,-1380801.871069495,300.56228697075846,1428.4328132192022,0.9238804444120753,88.4
778000,3111.9999999540587,-1711761.9847752526,331347.850689785,-1380414.1340854676,300.55534988861524,1428.4328132192022,0.9238804444120753,88.4
779000,3115.999999953964,-1712943.0096420366,332204.1893495339,-1380738.8202925026,301.33210810499776,1428.4328132192022,0.9238804444120753,88.4
780000,3119.9999999538695,-1714903.8559090514,331411.0330783113,-1383492.8228307401,300.61266067198324,1428.4328132192022,0.9238804444120753,88.4
781000,3123.999999953775,-1712668.5520427693,331321.67953737674,-1381346.8725053924,300.53161084865263,1428.4328132192022,0.9238804444120753,88.4
782000,3127.9999999536803,-1716840.9871138353,330638.1262769764,-1386202.8608368589,299.91158090453376,1428.4328132192022,0.9238804444120753,88.4
783000,3131.9999999535858,-1714188.537941929,330207.80093664175,-1383980.7370052873,299.52124614617935,1428.4328132192022,0.9238804444120753,88.4
784000,3135.999999953491,-1712717.6845845934,331930.68737576064,-1380786.9972088328,301.08402295444824,1428.4328132192022,0.9238804444120753,88.4
785000,3139.9999999533966,-1713811.7696627397,333150.02706409706,-1380661.7425986426,302.1900481358342,1428.4328132192022,0.9238804444120753,88.4
786000,3143.999999953302,-1711373.0861349087,331660.50906405755,-1379712.577070851,300.8389525945917,1428.4328132192022,0.9238804444120753,88.4
787000,3147.9999999532074,-1712379.4913857393,331848.7249003622,-1380530.7664853772,301.0096773372371,1428.4328132192022,0.9238804444120753,88.4
788000,3151.999999953113,-1710831.398440022,331272.06752798276,-1379559.3309120391,300.48660933495324,1428.4328132192022,0.9238804444120753,88.4
789000,3155.9999999530182,-1713292.1553155202,333597.73340241687,-1379694.4219131034,302.5961486579319,1428.4328132192022,0.9238804444120753,88.4
790000,3159.9999999529236,-1714522.728646731,331703.5127527728,-1382819.2158939582,300.8779599057344,1428.4328132192022,0.9238804444120753,88.4
791000,3163.999999952829,-1717249.7476469874,332645.37431416713,-1384604.3733328204,301.73229329145636,1428.4328132192022,0.9238804444120753,88.4
792000,3167.9999999527345,-1713535.7552683894,331637.88485819526,-1381897.8704101942,300.818430879739,1428.4328132192022,0.9238804444120753,88.4
793000,3171.99999995264,-1712743.1537925526,332023.0442674222,-1380720.1095251304,301.1677970239954,1428.4328132192022,0.9238804444120753,88.4
794000,3175.9999999525453,-1712797.7117054295,333092.00365148165,-1379705.708053948,302.13741689937365,1428.4328132192022,0.9238804444120753,88.4
795000,3179.9999999524507,-1713855.8417945951,333540.2454295421,-1380315.596365053,302.5440031022393,1428.4328132192022,0.9238804444120753,88.4
796000,3183.999999952356,-1712112.324179642,331690.905031045,-1380421.419148597,300.86652383271536,1428.4328132192022,0.9238804444120753,88.4
797000,3187.9999999522615,-1713251.060418466,333611.9811431981,-1379639.0792752681,302.60907234132594,1428.4328132192022,0.9238804444120753,88.3
798000,3191.999999952167,-1711035.6151223872,331885.6136164805,-1379150.0015059067,301.0431379465538,1428.4328132192022,0.9238804444120753,88.3
799000,3195.9999999520724,-1708292.5891771503,331819.440797828,-1376473.1483793221,300.9831146368453,1428.4328132192022,0.9238804444120753,88.3
800000,3199.9999999519778,-1711734.1458567418,331483.44751430437,-1380250.6983424374,300.67834555903346,1428.4328132192022,0.9238804444120753,88.3
801000,3203.999999951883,-1713061.1276724022,331272.4661313328,-1381788.6615410694,300.4869708956789,1428.4328132192022,0.9238804444120753,88.3
802000,3207.9999999517886,-1710411.4763099402,332265.776071236,-1378145.7002387042,301.3879715085211,1428.4328132192022,0.9238804444120753,88.3
803000,3211.999999951694,-1712562.3861024156,333949.12947925477,-1378613.2566231608,302.9148891314362,1428.4328132192022,0.9238804444120753,88.3
804000,3215.9999999515994,-1712212.7793800477,333384.42937054345,-1378828.3500095042,302.40266719185655,1428.4328132192022,0.9238804444120753,88.3
805000,3219.999999951505,-1715479.6959882304,331967.5351281525,-1383512.160860078,301.1174464068403,1428.4328132192022,0.9238804444120753,88.3
806000,3223.9999999514102,-1711650.888890829,329844.5658423776,-1381806.3230484514,299.19176686746636,1428.4328132192022,0.9238804444120753,88.3
807000,3227.9999999513157,-1713733.2823808342,331153.9971292227,-1382579.2852516114,300.37951134129816,1428.4328132192022,0.9238804444120753,88.3
808000,3231.999999951221,-1712790.278731782,332249.04715525056,-1380541.2315765314,301.3727972281182,1428.4328132192022,0.9238804444120753,88.3
809000,3235.9999999511265,-1712151.8370922953,331859.67586889304,-1380292.1612234022,301.01961062085894,1428.4328132192022,0.9238804444120753,88.3
810000,3239.999999951032,-1714419.6473933905,332601.11307272885,-1381818.5343206618,301.6921452932747,1428.4328132192022,0.9238804444120753,88.3
811000,3243.9999999509373,-1712560.6294416375,332346.88654045004,-1380213.7429011874,301.46154429736976,1428.4328132192022,0.9238804444120753,88.3
812000,3247.9999999508427,-1710585.632808609,333453.36928534496,-1377132.2635232639,302.4652004485876,1428.4328132192022,0.9238804444120753,88.3
813000,3251.999999950748,-1713158.0544898603,330276.24206537975,-1382881.8124244804,299.5833269695551,1428.4328132192022,0.9238804444120753,88.3
814000,3255.9999999506535,-1711031.2194492705,330941.1473814869,-1380090.0720677837,300.18644194226243,1428.4328132192022,0.9238804444120753,88.3
815000,3259.999999950559,-1713432.628203852,331809.6396194472,-1381622.9885844048,300.97422429217744,1428.4328132192022,0.9238804444120753,88.3
816000,3263.9999999504644,-1714855.218200205,332373.4617561299,-1382481.756444075,301.4856498505834,1428.4328132192022,0.9238804444120753,88.3
817000,3267.99999995037,-1713910.0130312871,333042.32087676594,-1380867.6921545211,302.09235119664754,1428.4328132192022,0.9238804444120753,88.3
818000,3271.999999950275,-1713529.7104153316,331097.1486512731,-1382432.5617640587,300.3279458516014,1428.4328132192022,0.9238804444120753,88.3
819000,3275.9999999501806,-1710627.1709354483,332983.6068444186,-1377643.5640910296,302.03909352046594,1428.4328132192022,0.9238804444120753,88.3
820000,3279.999999950086,-1711623.4163068738,330549.11666673614,-1381074.2996401377,299.83084305005985,1428.4328132192022,0.9238804444120753,88.3
821000,3283.9999999499914,-1712928.6274340246,331117.0976903497,-1381811.529743675,300.3460410057034,1428.4328132192022,0.9238804444120753,88.3
822000,3287.999999949897,-1713839.543393653,330549.8968519209,-1383289.646541732,299.8315507318229,1428.4328132192022,0.9238804444120753,88.3
823000,3291.9999999498023,-1713487.0852446426,331662.2544878847,-1381824.8307567579,300.840535814365,1428.4328132192022,0.9238804444120753,88.3
824000,3295.9999999497077,-1713820.7724692281,332024.45500989567,-1381796.3174593325,301.1690766647017,1428.4328132192022,0.9238804444120753,88.3
825000,3299.999999949613,-1714469.1191878766,331241.74384741415,-1383227.3753404624,300.45910366559633,1428.4328132192022,0.9238804444120753,88.3
826000,3303.9999999495185,-1713362.8814114574,331717.93853223784,-1381644.9428792195,300.891045082492,1428.4328132192022,0.9238804444120753,88.3
827000,3307.999999949424,-1714469.375170868,331921.6399121475,-1382547.7352587203,301.0758162810499,1428.4328132192022,0.9238804444120753,88.3
828000,3311.9999999493293,-1711015.7354728132,330534.40422139096,-1380481.3312514224,299.81749784758085,1428.4328132192022,0.9238804444120753,88.3
829000,3315.9999999492347,-1713342.1852827724,331693.1955625455,-1381648.989720227,300.86860150273833,1428.4328132192022,0.9238804444120753,88.3
830000,3319.99999994914,-1714869.624608606,333115.91294247046,-1381753.7116661356,302.15910427505383,1428.4328132192022,0.9238804444120753,88.3
831000,3323.9999999490456,-1713712.878249716,333339.95648211887,-1380372.921767597,302.36232721526346,1428.4328132192022,0.9238804444120753,88.3
832000,3327.999999948951,-1712448.858902678,332600.1897815963,-1379848.6691210815,301.69130780454856,1428.4328132192022,0.9238804444120753,88.3
833000,3331.9999999488564,-1712265.5814433862,332399.22834645153,-1379866.3530969345,301.50902192483534,1428.4328132192022,0.9238804444120753,88.3
834000,3335.999999948762,-1711533.3503351621,330452.99155946425,-1381080.3587756979,299.74365094910297,1428.4328132192022,0.9238804444120753,88.3
835000,3339.999999948667,-1712289.741797408,332267.0979538851,-1380022.643843523,301.38917054723913,1428.4328132192022,0.9238804444120753,88.3
836000,3343.9999999485726,-1711694.0051241554,332736.1250174512,-1378957.8801067043,301.8146104373844,1428.4328132192022,0.9238804444120753,88.3
837000,3347.999999948478,-1713622.9432970863,331751.84182482614,-1381871.1014722602,300.9217977067961,1428.4328132192022,0.9238804444120753,88.3
838000,3351.9999999483834,-1713802.3933451958,330680.228858663,-1383122.1644865328,299.94977084946225,1428.4328132192022,0.9238804444120753,88.3
839000,3355.999999948289,-1713721.4261365812,332749.7839465632,-1380971.642190018,301.82700002799083,1428.4328132192022,0.9238804444120753,88.3
840000,3359.9999999481943,-1714944.8492156304,331576.0994090754,-1383368.749806555,300.76238721674383,1428.4328132192022,0.9238804444120753,88.3
841000,3363.9999999480997,-1714688.946797073,332288.21514151583,-1382400.7316555572,301.4083252926338,1428.4328132192022,0.9238804444120753,88.3
842000,3367.999999948005,-1713673.4304139148,330522.3512354614,-1383151.0791784534,299.80656495818465,1428.4328132192022,0.9238804444120753,88.3
843000,3371.9999999479105,-1712094.822183866,331996.89437107486,-1380097.9278127912,301.14407726474576,1428.4328132192022,0.9238804444120753,88.3
844000,3375.999999947816,-1713122.9008787964,331564.0377974389,-1381558.8630813574,300.75144650323665,1428.4328132192022,0.9238804444120753,88.3
845000,3379.9999999477213,-1714536.8344330173,332022.3586040869,-1382514.4758289303,301.1671750800678,1428.4328132192022,0.9238804444120753,88.3
846000,3383.9999999476267,-1714558.3849499896,332003.5286808257,-1382554.856269164,301.1500950411831,1428.4328132192022,0.9238804444120753,88.3
847000,3387.999999947532,-1712779.416398164,332334.4156699311,-1380445.0007282328,301.45023235783424,1428.4328132192022,0.9238804444120753,88.3
848000,3391.9999999474376,-1711568.6662065424,332063.65769774443,-1379505.008508798,301.20463620594643,1428.4328132192022,0.9238804444120753,88.3
849000,3395.999999947343,-1712074.64947577,332332.49022136186,-1379742.1592544082,301.4484858432055,1428.4328132192022,0.9238804444120753,88.3
850000,3399.9999999472484,-1714029.8090987466,332736.5473738397,-1381293.261724907,301.814993543754,1428.4328132192022,0.9238804444120753,88.3
851000,3403.999999947154,-1713277.0219077412,332082.080708881,-1381194.9411988603,301.221347147474,1428.4328132192022,0.9238804444120753,88.3
852000,3407.999999947059,-1712492.4533080421,332165.6420154993,-1380326.8112925428,301.29714301485484,1428.4328132192022,0.9238804444120753,88.3
853000,3411.9999999469646,-1711228.6866170168,332230.9095794945,-1378997.7770375223,301.35634519616406,1428.4328132192022,0.9238804444120753,88.3
854000,3415.99999994687,-1713734.4528694004,331203.93837230915,-1382530.5144970913,300.42481149266007,1428.4328132192022,0.9238804444120753,88.3
855000,3419.9999999467755,-1714057.3932946008,332159.04786279047,-1381898.3454318102,301.2911616636238,1428.4328132192022,0.9238804444120753,88.3
856000,3423.999999946681,-1712490.7398942262,331572.9942041711,-1380917.7456900552,300.75957058176476,1428.4328132192022,0.9238804444120753,88.3
857000,3427.9999999465863,-1711916.6517612562,332807.90974609094,-1379108.7420151653,301.8797241364414,1428.4328132192022,0.9238804444120753,88.3
858000,3431.9999999464917,-1714148.4973780122,330498.9440340694,-1383649.5533439429,299.78533301239224,1428.4328132192022,0.9238804444120753,88.3
859000,3435.999999946397,-1712773.4701032992,330334.9118049751,-1382438.5582983242,299.63654446915643,1428.4328132192022,0.9238804444120753,88.3
860000,3439.9999999463025,-1714493.0688574873,332720.437297891,-1381772.6315595964,301.80038059393877,1428.4328132192022,0.9238804444120753,88.3
861000,3443.999999946208,-1711685.7740028892,331827.4441361385,-1379858.3298667506,300.99037421659256,1428.4328132192022,0.9238804444120753,88.2
862000,3447.9999999461133,-1712543.9715319704,332703.5235677487,-1379840.4479642217,301.7850386743511,1428.4328132192022,0.9238804444120753,88.2
863000,3451.9999999460188,-1713664.9944149833,329386.0604629931,-1384278.9339519902,298.77587087043526,1428.4328132192022,0.9238804444120753,88.3
864000,3455.999999945924,-1711379.7541202474,331610.32369578676,-1379769.4304244607,300.79343100485295,1428.4328132192022,0.9238804444120753,88.3
865000,3459.9999999458296,-1713563.042931566,331844.6269739013,-1381718.4159576646,301.00596023534945,1428.4328132192022,0.9238804444120753,88.3
866000,3463.999999945735,-1713442.037559472,332502.25641159154,-1380939.7811478805,301.60247548459756,1428.4328132192022,0.9238804444120753,88.3
867000,3467.9999999456404,-1710210.836392453,330763.9772563079,-1379446.859136145,300.02573642130574,1428.4328132192022,0.9238804444120753,88.2
868000,3471.999999945546,-1711114.9358800538,331037.05448700103,-1380077.8813930526,300.27343630059187,1428.4328132192022,0.9238804444120753,88.2
869000,3475.9999999454512,-1712804.7901709713,330786.63599735976,-1382018.1541736117,300.0462894619568,1428.4328132192022,0.9238804444120753,88.2
870000,3479.9999999453566,-1711867.9222793411,332799.9125350991,-1379068.009744242,301.87247011459453,1428.4328132192022,0.9238804444120753,88.2
871000,3483.999999945262,-1713162.0582858473,331971.24939972593,-1381190.8088861215,301.1208155072887,1428.4328132192022,0.9238804444120753,88.2
872000,3487.9999999451675,-1711477.0971024334,331721.7213178717,-1379755.3757845617,300.89447632991784,1428.4328132192022,0.9238804444120753,88.2
873000,3491.999999945073,-1712411.2266556844,331866.55096781196,-1380544.6756878723,301.02584680967624,1428.4328132192022,0.9238804444120753,88.2
874000,3495.9999999449783,-1714016.4093535673,331498.5682976798,-1382517.8410558875,300.69206115226433,1428.4328132192022,0.9238804444120753,88.2
875000,3499.9999999448837,-1714521.5054053701,332234.720970685,-1382286.784434685,301.35980239080243,1428.4328132192022,0.9238804444120753,88.2
876000,3503.999999944789,-1713607.4178030211,331817.35062037484,-1381790.0671826464,300.98121870175936,1428.4328132192022,0.9238804444120753,88.2
877000,3507.9999999446945,-1713175.1981285624,331066.2600994767,-1382108.9380290858,300.2999278050881,1428.4328132192022,0.9238804444120753,88.2
878000,3511.9999999446,-1713863.9199567437,333014.89631842147,-1380849.0236383223,302.0674752310676,1428.4328132192022,0.9238804444120753,88.2
879000,3515.9999999445054,-1713591.5149386432,330555.9642551693,-1383035.550683474,299.8370542849695,1428.4328132192022,0.9238804444120753,88.2
880000,3519.999999944411,-1713444.2067635432,332431.37836290896,-1381012.8284006342,301.53818420678516,1428.4328132192022,0.9238804444120753,88.2
881000,3523.999999944316,-1712435.9879527707,332942.6218468582,-1379493.3661059125,302.001917301407,1428.4328132192022,0.9238804444120753,88.2
882000,3527.9999999442216,-1711205.0118393172,330624.3633035688,-1380580.6485357485,299.8990969385764,1428.4328132192022,0.9238804444120753,88.2
883000,3531.999999944127,-1712536.3279444687,332512.1376243442,-1380024.1903201244,301.61143842595965,1428.4328132192022,0.9238804444120753,88.2
884000,3535.9999999440324,-1713769.2757353652,330965.28771635384,-1382803.9880190114,300.20833889067256,1428.4328132192022,0.9238804444120753,88.2
885000,3539.999999943938,-1714568.0395312645,331151.66616565187,-1383416.3733656127,300.37739699659915,1428.4328132192022,0.9238804444120753,88.2
886000,3543.9999999438432,-1711082.321223624,333264.7007973824,-1377817.6204262418,302.2940651196742,1428.4328132192022,0.9238804444120753,88.2
887000,3547.9999999437487,-1710844.1461075023,331858.1965893992,-1378985.9495181032,301.0182688123489,1428.4328132192022,0.9238804444120753,88.2
888000,3551.999999943654,-1711201.108020261,331535.25044863106,-1379665.8575716298,300.72533439273013,1428.4328132192022,0.9238804444120753,88.2
889000,3555.9999999435595,-1711178.3149294853,333419.55420176545,-1377758.7607277199,302.43452783593716,1428.4328132192022,0.9238804444120753,88.2
890000,3559.999999943465,-1713592.4231515601,332560.8526160697,-1381031.5705354903,301.65562628277667,1428.4328132192022,0.9238804444120753,88.2
891000,3563.9999999433703,-1714579.9659819864,331332.7474494978,-1383247.2185324887,300.54165020817516,1428.4328132192022,0.9238804444120753,88.2
892000,3567.9999999432757,-1714594.0378629863,330630.38884617767,-1383963.6490168087,299.90456252123613,1428.4328132192022,0.9238804444120753,88.2
893000,3571.999999943181,-1715073.8290498685,331646.68615029554,-1383427.1428995728,300.8264142585996,1428.4328132192022,0.9238804444120753,88.2
894000,3575.9999999430866,-1712311.8127559386,330143.6525177998,-1382168.1602381389,299.46305910669895,1428.4328132192022,0.9238804444120753,88.2
895000,3579.999999942992,-1712755.9307921417,331984.787954786,-1380771.1428373558,301.1330959103292,1428.4328132192022,0.9238804444120753,88.2
896000,3583.9999999428974,-1711425.9971317556,333535.1947899333,-1377890.8023418223,302.5394218238286,1428.4328132192022,0.9238804444120753,88.2
897000,3587.999999942803,-1712112.9098561797,331985.0294246067,-1380127.880431573,301.133314940108,1428.4328132192022,0.9238804444120753,88.2
898000,3591.999999942708,-1712669.5420690123,332417.3042797835,-1380252.2377892288,301.52541804286017,1428.4328132192022,0.9238804444120753,88.2
899000,3595.9999999426136,-1712168.5653018933,332946.3847593464,-1379222.1805425468,302.0053305225193,1428.4328132192022,0.9238804444120753,88.2
900000,3599.999999942519,-1713079.1085985526,332698.8866985508,-1380380.2219000019,301.7808327142361,1428.4328132192022,0.9238804444120753,88.2
901000,3603.9999999424244,-1710967.786763072,330898.0589950375,-1380069.7277680344,300.14735780443425,1428.4328132192022,0.9238804444120753,88.2
902000,3607.99999994233,-1711321.0407243725,332117.91832337755,-1379203.1224009949,301.25385433513725,1428.4328132192022,0.9238804444120753,88.2
903000,3611.9999999422353,-1711076.9745708741,333671.35980067967,-1377405.6147701945,302.66293287833605,1428.4328132192022,0.9238804444120753,88.2
904000,3615.9999999421407,-1710095.7149872724,330895.02367574006,-1379200.6913115324,300.14460456051984,1428.4328132192022,0.9238804444120753,88.1
905000,3619.999999942046,-1714137.0499178208,330963.7264890348,-1383173.3234287861,300.206922749834,1428.4328132192022,0.9238804444120753,88.1
906000,3623.9999999419515,-1711250.2923061699,331096.9671423612,-1380153.3251638087,300.3277812105017,1428.4328132192022,0.9238804444120753,88.1
907000,3627.999999941857,-1712665.533755459,332667.5039259045,-1379998.0298295543,301.7523663753311,1428.4328132192022,0.9238804444120753,88.1
908000,3631.9999999417623,-1710376.7435922269,331532.70204156043,-1378844.0415506666,300.72302281178224,1428.4328132192022,0.9238804444120753,88.1
909000,3635.9999999416677,-1713988.4031984136,332232.37367853406,-1381756.0295198795,301.35767323495526,1428.4328132192022,0.9238804444120753,88.1
910000,3639.999999941573,-1712034.2029875442,332734.66535129666,-1379299.5376362475,301.8132864195256,1428.4328132192022,0.9238804444120753,88.1
911000,3643.9999999414786,-1712977.52200187,333147.9978315276,-1379829.5241703424,302.1882074819605,1428.4328132192022,0.9238804444120753,88.1
912000,3647.999999941384,-1711034.449485246,331662.0063554122,-1379372.4431298338,300.8403107411016,1428.4328132192022,0.9238804444120753,88.1
913000,3651.9999999412894,-1716654.60097274,331718.2333327422,-1384936.3676399977,300.89131248687846,1428.4328132192022,0.9238804444120753,88.1
914000,3655.999999941195,-1713372.5555079821,330867.75146814476,-1382504.8040398373,300.11986678757523,1428.4328132192022,0.9238804444120753,88.1
915000,3659.9999999411,-1711425.1293089539,331148.231840617,-1380276.8974683369,300.374281826966,1428.4328132192022,0.9238804444120753,88.1
916000,3663.9999999410056,-1712643.082753269,329921.43319863745,-1382721.6495546317,299.26149086026606,1428.4328132192022,0.9238804444120753,88.1
917000,3667.999999940911,-1711788.6008880846,330949.9683958747,-1380838.6324922098,300.1944432105978,1428.4328132192022,0.9238804444120753,88.1
918000,3671.9999999408165,-1714225.6301490497,332981.30902624776,-1381244.3211228019,302.0370092409304,1428.4328132192022,0.9238804444120753,88.1
919000,3675.999999940722,-1713724.4411659706,330902.1211522922,-1382822.3200136784,300.1510424611853,1428.4328132192022,0.9238804444120753,88.1
920000,3679.9999999406273,-1710806.7104297634,331783.3034053052,-1379023.4070244583,300.95033552983995,1428.4328132192022,0.9238804444120753,88.1
921000,3683.9999999405327,-1712249.368132418,332552.0842721061,-1379697.2838603118,301.64767279014814,1428.4328132192022,0.9238804444120753,88.1
922000,3687.999999940438,-1713411.924188599,331777.32777668576,-1381634.5964119132,300.94491522261063,1428.4328132192022,0.9238804444120753,88.1
923000,3691.9999999403435,-1712943.015264256,331989.87795051595,-1380953.1373137399,301.1377128874557,1428.4328132192022,0.9238804444120753,88.1
924000,3695.999999940249,-1712478.2345540747,331550.72151227336,-1380927.5130418013,300.7393677143179,1428.4328132192022,0.9238804444120753,88.1
925000,3699.9999999401543,-1711933.1157641634,332992.84225612506,-1378940.2735080384,302.0474706757455,1428.4328132192022,0.9238804444120753,88.1
926000,3703.9999999400598,-1712348.1792388223,331269.5488112856,-1381078.6304275368,300.4843246852215,1428.4328132192022,0.9238804444120753,88.1
927000,3707.999999939965,-1712992.284890782,332144.9867740319,-1380847.29811675,301.2784072864855,1428.4328132192022,0.9238804444120753,88.1
928000,3711.9999999398706,-1713350.991152294,330592.46353597404,-1382758.52761632,299.87016164960187,1428.4328132192022,0.9238804444120753,88.1
929000,3715.999999939776,-1711824.632335322,332976.9744558887,-1378847.6578794334,302.0330774867084,1428.4328132192022,0.9238804444120753,88.1
930000,3719.9999999396814,-1713172.6894569863,331901.56131373893,-1381271.1281432472,301.0576036076995,1428.4328132192022,0.9238804444120753,88.1
931000,3723.999999939587,-1709752.8509951662,329901.87215384596,-1379850.9788413201,299.2437476437362,1428.4328132192022,0.9238804444120753,88.1
932000,3727.999999939492,-1712223.8517404702,331443.32157159364,-1380780.5301688765,300.6419485619624,1428.4328132192022,0.9238804444120753,88.1
933000,3731.9999999393976,-1713411.040106045,331215.8007053536,-1382195.2394006914,300.43557144674236,1428.4328132192022,0.9238804444120753,88.1
934000,3735.999999939303,-1713769.7518622074,331403.68206752284,-1382366.0697946846,300.60599279828205,1428.4328132192022,0.9238804444120753,88.1
935000,3739.9999999392085,-1713809.8494574875,332251.77803673316,-1381558.0714207543,301.37527432594095,1428.4328132192022,0.9238804444120753,88.1
936000,3743.999999939114,-1712923.6214253101,332027.1240854077,-1380896.4973399024,301.1714977002471,1428.4328132192022,0.9238804444120753,88.1
937000,3747.9999999390193,-1714444.2967417538,330512.5601666211,-1383931.7365751327,299.79768378356727,1428.4328132192022,0.9238804444120753,88.1
938000,3751.9999999389247,-1710423.7713977378,331722.4209239308,-1378701.350473807,300.89511092085735,1428.4328132192022,0.9238804444120753,88.1
939000,3755.99999993883,-1712035.6125094313,331956.79045194574,-1380078.8220574856,301.107700244582,1428.4328132192022,0.9238804444120753,88.1
940000,3759.9999999387355,-1709779.266771363,333954.48968105664,-1375824.7770903064,302.91975120410297,1428.4328132192022,0.9238804444120753,88.1
941000,3763.999999938641,-1713549.4464884978,332227.75881544326,-1381321.6876730546,301.353487235897,1428.4328132192022,0.9238804444120753,88.1
942000,3767.9999999385464,-1712026.962797178,331519.210569639,-1380507.752227539,300.7107851163953,1428.4328132192022,0.9238804444120753,88.1
943000,3771.9999999384518,-1714085.2043629251,331637.60676646204,-1382447.597596463,300.8181786313602,1428.4328132192022,0.9238804444120753,88.1
944000,3775.999999938357,-1710392.212921897,332431.92271955404,-1377960.290202343,301.5386779758004,1428.4328132192022,0.9238804444120753,88.1
945000,3779.9999999382626,-1710409.4520500153,332447.6555257434,-1377961.7965242718,301.5529487159278,1428.4328132192022,0.9238804444120753,88.1
946000,3783.999999938168,-1712949.1004108787,331804.6056882675,-1381144.4947226113,300.96965816946425,1428.4328132192022,0.9238804444120753,88.1
947000,3787.9999999380734,-1714435.4126814846,331588.81741753605,-1382846.5952639487,300.7739233274348,1428.4328132192022,0.9238804444120753,88.1
948000,3791.999999937979,-1713028.9795261044,330826.06298876327,-1382202.9165373412,300.08205246199344,1428.4328132192022,0.9238804444120753,88.1
949000,3795.9999999378842,-1712652.6402215306,331102.8564959025,-1381549.7837256282,300.3331232602858,1428.4328132192022,0.9238804444120753,88.1
950000,3799.9999999377897,-1711915.3222446665,331903.55522737873,-1380011.7670172877,301.0594122248685,1428.4328132192022,0.9238804444120753,88.1
951000,3803.999999937695,-1711028.9895716645,332700.9485390781,-1378328.0410325862,301.78270294577624,1428.4328132192022,0.9238804444120753,88.1
952000,3807.9999999376005,-1713074.987020649,333364.7959488711,-1379710.1910717778,302.38485832450476,1428.4328132192022,0.9238804444120753,88.1
953000,3811.999999937506,-1714748.5216819178,331091.3489009812,-1383657.1727809366,300.3226850781435,1428.4328132192022,0.9238804444120753,88.1
954000,3815.9999999374113,-1711623.8063114583,333436.8024731041,-1378187.0038383543,302.4501732074595,1428.4328132192022,0.9238804444120753,88.1
955000,3819.9999999373167,-1711979.754263332,330885.2910064988,-1381094.4632568334,300.1357763583659,1428.4328132192022,0.9238804444120753,88.1
956000,3823.999999937222,-1711573.7498133462,331054.8261501849,-1380518.9236631612,300.2895564246102,1428.4328132192022,0.9238804444120753,88.1
957000,3827.9999999371275,-1715582.4147582427,333231.13167060685,-1382351.2830876359,302.2636156068058,1428.4328132192022,0.9238804444120753,88.1
958000,3831.999999937033,-1715159.385443814,332038.91202764213,-1383120.473416172,301.1821901767347,1428.4328132192022,0.9238804444120753,88.1
959000,3835.9999999369384,-1713830.076090239,330632.4631542809,-1383197.612935958,299.9064440617273,1428.4328132192022,0.9238804444120753,88.1
960000,3839.999999936844,-1713332.593913775,330968.3684673122,-1382364.2254464626,300.2111333442363,1428.4328132192022,0.9238804444120753,88.1
961000,3843.999999936749,-1713398.505811002,331977.4350528223,-1381421.0707581798,301.1264263212016,1428.4328132192022,0.9238804444120753,88
962000,3847.9999999366546,-1713178.8588084187,331039.60236885364,-1382139.2564395652,300.2757474051308,1428.4328132192022,0.9238804444120753,88
963000,3851.99999993656,-1712658.6521792244,330251.9638052869,-1382406.6883739375,299.561304913454,1428.4328132192022,0.9238804444120753,88
964000,3855.9999999364654,-1711884.4889035225,332926.1363303342,-1378958.3525731883,301.98696380110005,1428.4328132192022,0.9238804444120753,88
965000,3859.999999936371,-1712465.8666586615,333168.04942735506,-1379297.8172313063,302.20639566210775,1428.4328132192022,0.9238804444120753,88
966000,3863.9999999362763,-1715190.1243406665,330618.1729678092,-1384571.9513728572,299.893481877165,1428.4328132192022,0.9238804444120753,88
967000,3867.9999999361817,-1713053.1284410898,330515.88436980784,-1382537.244071282,299.80069906509027,1428.4328132192022,0.9238804444120753,88
968000,3871.999999936087,-1713366.9945241008,331942.6193734246,-1381424.3751506761,301.0948460991444,1428.4328132192022,0.9238804444120753,88
969000,3875.9999999359925,-1713187.441355167,330811.73162822484,-1382375.7097269422,300.0690529297133,1428.4328132192022,0.9238804444120753,88
970000,3879.999999935898,-1712582.6034467872,330575.9726452597,-1382006.6308015275,299.8552032745337,1428.4328132192022,0.9238804444120753,88
971000,3883.9999999358033,-1713218.782799976,332139.358957954,-1381079.423842022,301.27330246921605,1428.4328132192022,0.9238804444120753,88
972000,3887.9999999357087,-1711232.0213982873,332029.8742520788,-1379202.1471462084,301.1739922910657,1428.4328132192022,0.9238804444120753,88
973000,3891.999999935614,-1712664.2437941805,331338.1177966349,-1381326.1259975457,300.5465214833606,1428.4328132192022,0.9238804444120753,88
974000,3895.9999999355196,-1713234.3356445935,331576.4101279938,-1381657.9255165998,300.7626690602296,1428.4328132192022,0.9238804444120753,88
975000,3899.999999935425,-1714828.221690029,333790.8121094526,-1381037.4095805762,302.7712843596676,1428.4328132192022,0.9238804444120753,88
976000,3903.9999999353304,-1714482.0422457103,333015.2065780926,-1381466.8356676176,302.0677566579844,1428.4328132192022,0.9238804444120753,88
977000,3907.999999935236,-1713127.1751539279,331856.27934769273,-1381270.8958062353,301.0165297419107,1428.4328132192022,0.9238804444120753,88
978000,3911.999999935141,-1713465.596416548,329955.261964972,-1383510.3344515758,299.2921758841188,1428.4328132192022,0.9238804444120753,88
979000,3915.9999999350466,-1711446.7313788235,331391.9124229036,-1380054.81895592,300.5953169189931,1428.4328132192022,0.9238804444120753,88
980000,3919.999999934952,-1715303.8130725026,331492.03204571875,-1383811.7810267839,300.68613232100427,1428.4328132192022,0.9238804444120753,88
981000,3923.9999999348574,-1714123.5085583292,331099.07336964965,-1383024.4351886795,300.329691703895,1428.4328132192022,0.9238804444120753,88
982000,3927.999999934763,-1713687.479031777,333320.4691326037,-1380367.0098991734,302.34465084543115,1428.4328132192022,0.9238804444120753,88
983000,3931.9999999346683,-1713285.0333562866,330262.8319788537,-1383022.2013774328,299.57116309633403,1428.4328132192022,0.9238804444120753,88
984000,3935.9999999345737,-1713911.5359461773,332058.75900785485,-1381852.7769383225,301.20019275640936,1428.4328132192022,0.9238804444120753,88
985000,3939.999999934479,-1712804.5043861642,332375.2548497832,-1380429.249536381,301.48727631017636,1428.4328132192022,0.9238804444120753,88
986000,3943.9999999343845,-1710901.8812276516,333174.36464813526,-1377727.5165795162,302.21212400284475,1428.4328132192022,0.9238804444120753,88
987000,3947.99999993429,-1713811.7718105447,332795.9162867065,-1381015.8555238382,301.8688452417265,1428.4328132192022,0.9238804444120753,88
988000,3951.9999999341953,-1711491.8748571053,332125.4710546915,-1379366.403802414,301.26070518326543,1428.4328132192022,0.9238804444120753,88
989000,3955.9999999341007,-1714396.245340608,332509.6418760532,-1381886.603464555,301.6091746101562,1428.4328132192022,0.9238804444120753,88
990000,3959.999999934006,-1712697.8227932304,331480.27066294564,-1381217.5521302847,300.67546393577953,1428.4328132192022,0.9238804444120753,88
991000,3963.9999999339116,-1712768.7895243187,333786.88466959685,-1378981.9048547219,302.7677219008873,1428.4328132192022,0.9238804444120753,88
992000,3967.999999933817,-1711842.2049529478,332282.65574698546,-1379559.5492059623,301.4032825384262,1428.4328132192022,0.9238804444120753,88
993000,3971.9999999337224,-1712022.3014332317,331810.22529479983,-1380212.076138432,300.97475554010975,1428.4328132192022,0.9238804444120753,88
994000,3975.999999933628,-1714844.6221333127,330362.3051290342,-1384482.3170042785,299.6613921030857,1428.4328132192022,0.9238804444120753,88
995000,3979.999999933533,-1713881.0855267923,331947.15587566525,-1381933.9296511272,301.09896101950784,1428.4328132192022,0.9238804444120753,88
996000,3983.9999999334386,-1713299.9834534153,331993.5765472985,-1381306.4069061168,301.1410677697878,1428.4328132192022,0.9238804444120753,88
997000,3987.999999933344,-1711046.6778788753,332173.32034690224,-1378873.3575319732,301.304107790925,1428.4328132192022,0.9238804444120753,88
998000,3991.9999999332495,-1709694.8698404692,331774.1009290706,-1377920.7689113985,300.94198824930453,1428.4328132192022,0.9238804444120753,88
999000,3995.999999933155,-1711218.7542506866,331018.13176014775,-1380200.6224905387,300.2562720824496,1428.4328132192022,0.9238804444120753,88
1000000,3999.9999999330603,-1712204.0920417886,331440.1805468518,-1380763.9114949368,300.6390994359206,1428.4328132192022,0.9238804444120753,88
1001000,4003.9999999329657,-1712676.246932853,332337.36400590633,-1380338.8829269467,301.4529067018771,1428.4328132192022,0.9238804444120753,88
1002000,4007.999999932871,-1712701.7421072964,332480.3417342537,-1380221.4003730426,301.5825973610447,1428.4328132192022,0.9238804444120753,88
1003000,4011.9999999327765,-1712887.7087119594,331254.2487652666,-1381633.459946693,300.4704464884112,1428.4328132192022,0.9238804444120753,88
1004000,4015.999999932682,-1711076.7921569757,332248.24658311973,-1378828.545573856,301.37207105398915,1428.4328132192022,0.9238804444120753,88
1005000,4019.9999999325873,-1715068.8966249377,333000.544322657,-1382068.3523022807,302.0544569812144,1428.4328132192022,0.9238804444120753,88
1006000,4023.9999999324928,-1711896.4490795434,333005.0656105522,-1378891.3834689911,302.0585581011174,1428.4328132192022,0.9238804444120753,88
1007000,4027.999999932398,-1713533.2239529155,332467.6904977121,-1381065.5334552033,301.57112181708885,1428.4328132192022,0.9238804444120753,88
1008000,4031.9999999323036,-1713475.1482967343,330329.440487889,-1383145.7078088452,299.6315816072644,1428.4328132192022,0.9238804444120753,88
1009000,4035.999999932209,-1711907.6104493253,331181.0415771097,-1380726.5688722157,300.40404252048125,1428.4328132192022,0.9238804444120753,88
1010000,4039.9999999321144,-1712773.8237773776,331311.3450540798,-1381462.4787232978,300.5222367596499,1428.4328132192022,0.9238804444120753,88
1011000,4043.99999993202,-1712081.5555970818,331197.3353547783,-1380884.2202423036,300.4188221004242,1428.4328132192022,0.9238804444120753,88
1012000,4047.9999999319252,-1708933.8631431796,332224.1683977311,-1376709.6947454484,301.3502304794416,1428.4328132192022,0.9238804444120753,88
1013000,4051.9999999318306,-1712172.189259356,331180.1959447681,-1380991.9933145877,300.4032754736337,1428.4328132192022,0.9238804444120753,88
1014000,4055.999999931736,-1712439.6477061454,332837.38139381254,-1379602.2663123328,301.906456953251,1428.4328132192022,0.9238804444120753,88
1015000,4059.9999999316415,-1711961.362197211,333046.8278337592,-1378914.5343634519,302.0964393174343,1428.4328132192022,0.9238804444120753,88
1016000,4063.999999931547,-1713547.5655174851,332587.79693562107,-1380959.768581864,301.6800666386546,1428.4328132192022,0.9238804444120753,88
1017000,4067.9999999314523,-1713684.1184382252,331516.834177053,-1382167.2842611722,300.7086295644469,1428.4328132192022,0.9238804444120753,87.9
1018000,4071.9999999313577,-1712261.277630305,331008.35753959254,-1381252.9200907124,300.2474061903886,1428.4328132192022,0.9238804444120753,87.9
1019000,4075.999999931263,-1713268.2271897271,330633.35327223485,-1382634.8739174923,299.90725146009294,1428.4328132192022,0.9238804444120753,88
1020000,4079.9999999311685,-1714539.0358316842,330536.2045459355,-1384002.8312857486,299.81913086609075,1428.4328132192022,0.9238804444120753,87.9
1021000,4083.999999931074,-1713467.9880807884,330697.5895836127,-1382770.3984971757,299.9655182241644,1428.4328132192022,0.9238804444120753,87.9
1022000,4087.9999999309794,-1713745.1941026729,330559.2791869347,-1383185.9149157382,299.840061156674,1428.4328132192022,0.9238804444120753,87.9
1023000,4091.9999999308848,-1711675.7980004027,332577.9693766618,-1379097.828623741,301.67115236498296,1428.4328132192022,0.9238804444120753,87.9
1024000,4095.99999993079,-1712636.157857716,333223.69585864624,-1379412.46199907,302.2568708125937,1428.4328132192022,0.9238804444120753,87.9
1025000,4099.999999930696,-1712480.7070615422,331880.04728612554,-1380600.6597754166,301.03808890107507,1428.4328132192022,0.9238804444120753,87.9
1026000,4103.999999930601,-1714964.792840995,331677.02403018036,-1383287.7688108145,300.85393280771547,1428.4328132192022,0.9238804444120753,87.9
1027000,4107.999999930506,-1713573.8583597466,330466.81551823474,-1383107.0428415118,299.75619023298987,1428.4328132192022,0.9238804444120753,87.9
1028000,4111.999999930412,-1715115.1335098613,331799.59899824526,-1383315.534511616,300.9651167563593,1428.4328132192022,0.9238804444120753,87.9
1029000,4115.999999930317,-1712537.9346683677,331710.2029512345,-1380827.7317171332,300.8840283770864,1428.4328132192022,0.9238804444120753,87.9
1030000,4119.999999930223,-1712998.1234477907,332485.069258924,-1380513.0541888666,301.5868855519246,1428.4328132192022,0.9238804444120753,87.9
1031000,4123.999999930128,-1713108.569449095,331783.2459712818,-1381325.3234778133,300.95028343322014,1428.4328132192022,0.9238804444120753,87.9
1032000,4127.9999999300335,-1714608.7998756338,331148.3238667055,-1383460.4760089284,300.37436530097426,1428.4328132192022,0.9238804444120753,87.9
1033000,4131.999999929939,-1713561.3634312898,331764.29886161373,-1381797.064569676,300.9330970981834,1428.4328132192022,0.9238804444120753,87.9
1034000,4135.999999929844,-1713845.4221224096,330404.6052866438,-1383440.8168357657,299.69976126300094,1428.4328132192022,0.9238804444120753,87.9
1035000,4139.99999992975,-1712010.2056928575,330314.888777348,-1381695.3169155095,299.6183822023369,1428.4328132192022,0.9238804444120753,87.9
1036000,4143.999999929655,-1710278.7351105735,332622.44767062983,-1377656.2874399438,301.71149724477675,1428.4328132192022,0.9238804444120753,87.9
1037000,4147.9999999295605,-1711188.3616561778,330615.3634154816,-1380572.9982406963,299.89093341946085,1428.4328132192022,0.9238804444120753,87.9
1038000,4151.999999929466,-1712350.8146845084,333493.28064675216,-1378857.5340377563,302.501402805619,1428.4328132192022,0.9238804444120753,87.9
1039000,4155.999999929371,-1713936.2197228167,331262.3784322802,-1382673.8412905366,300.47782065700375,1428.4328132192022,0.9238804444120753,87.9
1040000,4159.999999929277,-1715508.348291425,330557.67208123504,-1384950.67621019,299.8386034009805,1428.4328132192022,0.9238804444120753,87.9
1041000,4163.999999929182,-1712630.9738311302,331588.88820330164,-1381042.0856278285,300.7739875350055,1428.4328132192022,0.9238804444120753,87.9
1042000,4167.999999929088,-1711805.6472680513,331823.05913827673,-1379982.5881297747,300.9863967211483,1428.4328132192022,0.9238804444120753,87.9
1043000,4171.999999928993,-1711735.9641257487,332097.09850566974,-1379638.865620079,301.23496932476894,1428.4328132192022,0.9238804444120753,87.9
1044000,4175.999999928898,-1709526.7278329767,330877.19245252304,-1378649.5353804538,300.12843041144424,1428.4328132192022,0.9238804444120753,87.9
1045000,4179.999999928804,-1713032.6954677925,332031.17137514555,-1381001.5240926468,301.1751688711351,1428.4328132192022,0.9238804444120753,87.9
1046000,4183.999999928709,-1713044.7813844066,331714.1894826699,-1381330.5919017368,300.88764443600434,1428.4328132192022,0.9238804444120753,87.9
1047000,4187.999999928615,-1714362.4390173797,331417.74334279454,-1382944.6956745852,300.61874734460054,1428.4328132192022,0.9238804444120753,87.9
1048000,4191.99999992852,-1710822.7878253534,331362.8619163099,-1379459.9259090435,300.56896610622783,1428.4328132192022,0.9238804444120753,87.9
1049000,4195.9999999284255,-1710084.9937478118,331126.0058948818,-1378958.98785293,300.3541213615121,1428.4328132192022,0.9238804444120753,87.9
1050000,4199.999999928331,-1711998.8921961803,332291.5390081723,-1379707.353188008,301.41134026890063,1428.4328132192022,0.9238804444120753,87.9
1051000,4203.999999928236,-1710311.895294916,331969.90740470344,-1378341.9878902123,301.1195982252611,1428.4328132192022,0.9238804444120753,87.9
1052000,4207.999999928142,-1712052.7928350437,332178.6436960127,-1379874.149139031,301.3089364356593,1428.4328132192022,0.9238804444120753,87.9
1053000,4211.999999928047,-1711536.477252826,332720.9437389084,-1378815.5335139176,301.80083997086507,1428.4328132192022,0.9238804444120753,87.9
1054000,4215.999999927953,-1713390.766796833,332723.32953011047,-1380667.4372667223,301.80300404800636,1428.4328132192022,0.9238804444120753,87.9
1055000,4219.999999927858,-1710324.2524950132,331270.17001646315,-1379054.08247855,300.484888161155,1428.4328132192022,0.9238804444120753,87.9
1056000,4223.999999927763,-1710388.497940002,331892.3720259406,-1378496.1259140614,301.04926828998526,1428.4328132192022,0.9238804444120753,87.9
1057000,4227.999999927669,-1710617.162630653,332671.8359987495,-1377945.3266319036,301.7562958641356,1428.4328132192022,0.9238804444120753,87.9
1058000,4231.999999927574,-1710857.1713403277,332624.9805156544,-1378232.1908246733,301.7137947098757,1428.4328132192022,0.9238804444120753,87.9
1059000,4235.99999992748,-1710802.9098861832,331152.9146695648,-1379649.9952166183,300.3785294757434,1428.4328132192022,0.9238804444120753,87.9
1060000,4239.999999927385,-1712444.5462669525,333620.687466747,-1378823.8588002054,302.6169695771615,1428.4328132192022,0.9238804444120753,87.9
1061000,4243.99999992729,-1713263.6538672838,331650.07707143074,-1381613.5767958532,300.82949005790266,1428.4328132192022,0.9238804444120753,87.9
1062000,4247.999999927196,-1711469.049651485,331875.7436845048,-1379593.30596698,301.03418523763435,1428.4328132192022,0.9238804444120753,87.9
1063000,4251.999999927101,-1711965.4511956647,333066.4049654071,-1378899.0462302575,302.11419712585223,1428.4328132192022,0.9238804444120753,87.9
1064000,4255.999999927007,-1712339.9850665275,333116.67384251545,-1379223.3112240122,302.1597944638653,1428.4328132192022,0.9238804444120753,87.9
1065000,4259.999999926912,-1710137.1559396107,332177.1658247289,-1377959.9901148817,301.30759590449287,1428.4328132192022,0.9238804444120753,87.9
1066000,4263.9999999268175,-1712749.6955892593,331587.9923692859,-1381161.7032199735,300.77317495177766,1428.4328132192022,0.9238804444120753,87.9
1067000,4267.999999926723,-1714561.5345765445,331435.04842251405,-1383126.4861540305,300.63444424524175,1428.4328132192022,0.9238804444120753,87.9
1068000,4271.999999926628,-1711667.0388810635,332036.2148883906,-1379630.8239926728,301.1797436854424,1428.4328132192022,0.9238804444120753,87.9
1069000,4275.999999926534,-1712038.5091717225,333971.77564223687,-1378066.7335294855,302.9354307629107,1428.4328132192022,0.9238804444120753,87.9
1070000,4279.999999926439,-1713343.8282211293,331097.6573861547,-1382246.1708349746,300.32840730922067,1428.4328132192022,0.9238804444120753,87.9
1071000,4283.999999926345,-1714192.1068241093,331509.1730901905,-1382682.9337339187,300.7016804303641,1428.4328132192022,0.9238804444120753,87.9
1072000,4287.99999992625,-1714714.6607872304,331274.30404868966,-1383440.3567385408,300.4886380134619,1428.4328132192022,0.9238804444120753,87.9
1073000,4291.999999926155,-1713826.7471726201,333445.78383214405,-1380380.9633404762,302.45831991945147,1428.4328132192022,0.9238804444120753,87.9
1074000,4295.999999926061,-1711673.4488299135,332162.725634178,-1379510.7231957356,301.2944976558866,1428.4328132192022,0.9238804444120753,87.9
1075000,4299.999999925966,-1714018.358912956,331783.9552945851,-1382234.4036183709,300.9509268383702,1428.4328132192022,0.9238804444120753,87.8
1076000,4303.999999925872,-1713251.386177605,331836.89879786246,-1381414.4873797426,300.9989502467573,1428.4328132192022,0.9238804444120753,87.8
1077000,4307.999999925777,-1713349.0738883223,332232.62673442427,-1381116.447153898,301.3579027740981,1428.4328132192022,0.9238804444120753,87.8
1078000,4311.9999999256825,-1713798.575853359,331523.1188499028,-1382275.457003456,300.71433019610447,1428.4328132192022,0.9238804444120753,87.8
1079000,4315.999999925588,-1712805.942561224,332170.2297397237,-1380635.7128215004,301.30130439708984,1428.4328132192022,0.9238804444120753,87.8
1080000,4319.999999925493,-1712957.2814477272,332332.79733569117,-1380624.484112036,301.4487644170804,1428.4328132192022,0.9238804444120753,87.8
1081000,4323.999999925399,-1713094.8455971554,331816.7641437795,-1381278.081453376,300.98068672704477,1428.4328132192022,0.9238804444120753,87.8
1082000,4327.999999925304,-1713175.7782269828,330858.2154769371,-1382317.5627500457,300.1112169859605,1428.4328132192022,0.9238804444120753,87.8
1083000,4331.9999999252095,-1712034.8900921158,331951.35650115163,-1380083.5335909643,301.1027712764936,1428.4328132192022,0.9238804444120753,87.8
1084000,4335.999999925115,-1712644.6735228486,333537.40412249044,-1379107.2694003582,302.54142584081063,1428.4328132192022,0.9238804444120753,87.8
1085000,4339.99999992502,-1713021.1708900407,332390.4426653243,-1380630.7282247164,301.50105270620395,1428.4328132192022,0.9238804444120753,87.8
1086000,4343.999999924926,-1713311.285603255,330982.564541845,-1382328.72106141,300.2240101627803,1428.4328132192022,0.9238804444120753,87.8
1087000,4347.999999924831,-1712815.8653988987,331974.5837672829,-1380841.281631616,301.1238400085965,1428.4328132192022,0.9238804444120753,87.8
1088000,4351.999999924737,-1713586.4016315714,330161.82466245396,-1383424.5769691174,299.4795424950275,1428.4328132192022,0.9238804444120753,87.8
1089000,4355.999999924642,-1713113.2217884865,329916.39164267574,-1383196.8301458107,299.25691782134965,1428.4328132192022,0.9238804444120753,87.8
1090000,4359.999999924547,-1712402.3863814734,332035.0535311597,-1380367.3328503137,301.1786902543483,1428.4328132192022,0.9238804444120753,87.8
1091000,4363.999999924453,-1712829.6266715787,331343.95131283236,-1381485.6753587464,300.5518128848233,1428.4328132192022,0.9238804444120753,87.8
1092000,4367.999999924358,-1712104.2812904343,331930.2206329232,-1380174.060657511,301.0835995865087,1428.4328132192022,0.9238804444120753,87.8
1093000,4371.999999924264,-1713239.5047019254,330819.2251681383,-1382420.2795337872,300.07585008715944,1428.4328132192022,0.9238804444120753,87.8
1094000,4375.999999924169,-1714361.190274274,331264.4520709178,-1383096.738203356,300.4797015902434,1428.4328132192022,0.9238804444120753,87.8
1095000,4379.9999999240745,-1712958.627366893,332460.24006564415,-1380498.387301249,301.5643637614312,1428.4328132192022,0.9238804444120753,87.8
1096000,4383.99999992398,-1712579.826064879,332359.0284154082,-1380220.7976494709,301.4725578152446,1428.4328132192022,0.9238804444120753,87.8
1097000,4387.999999923885,-1713177.7450203523,331918.2478177668,-1381259.4972025855,301.0727394175322,1428.4328132192022,0.9238804444120753,87.8
1098000,4391.999999923791,-1713818.0806582645,330717.3626576161,-1383100.7180006483,299.9834537658107,1428.4328132192022,0.9238804444120753,87.8
1099000,4395.999999923696,-1713836.9752573054,332011.6841039008,-1381825.2911534046,301.1574925722995,1428.4328132192022,0.9238804444120753,87.8
1100000,4399.9999999236015,-1714436.2128718067,332190.2675272542,-1382245.9453445524,301.31948005215946,1428.4328132192022,0.9238804444120753,87.8
1101000,4403.999999923507,-1710152.8433816656,332315.1662653907,-1377837.6771162748,301.43277182050235,1428.4328132192022,0.9238804444120753,87.8
1102000,4407.999999923412,-1713216.3250747323,330936.36051883455,-1382279.9645558977,300.182099927741,1428.4328132192022,0.9238804444120753,87.8
1103000,4411.999999923318,-1713949.6690051649,332514.2262103639,-1381435.442794801,301.6133329175057,1428.4328132192022,0.9238804444120753,87.8
1104000,4415.999999923223,-1712103.6947233006,332027.09302503156,-1380076.6016982691,301.171469526344,1428.4328132192022,0.9238804444120753,87.8
1105000,4419.999999923129,-1713240.6072142404,331700.4829462563,-1381540.1242679842,300.87521166229243,1428.4328132192022,0.9238804444120753,87.8
1106000,4423.999999923034,-1712238.4173979964,330826.644417656,-1381411.7729803403,300.08257985809365,1428.4328132192022,0.9238804444120753,87.8
1107000,4427.999999922939,-1712421.2548044473,332347.6380071711,-1380073.6167972763,301.46222592950596,1428.4328132192022,0.9238804444120753,87.8
1108000,4431.999999922845,-1713579.7513366248,332530.14136221225,-1381049.6099744127,301.6277690577202,1428.4328132192022,0.9238804444120753,87.8
1109000,4435.99999992275,-1713571.2869460452,332517.8032380366,-1381053.4837080087,301.61657752827193,1428.4328132192022,0.9238804444120753,87.8
1110000,4439.999999922656,-1713529.981467126,330169.2076745346,-1383360.7737925914,299.48623939610746,1428.4328132192022,0.9238804444120753,87.8
1111000,4443.999999922561,-1709375.8358303811,330547.03332052357,-1378828.8025098576,299.8289533113802,1428.4328132192022,0.9238804444120753,87.8
1112000,4447.9999999224665,-1711781.2331412882,331007.3225197893,-1380773.910621499,300.2464673560534,1428.4328132192022,0.9238804444120753,87.8
1113000,4451.999999922372,-1710875.1915349197,331449.26338917465,-1379425.928145745,300.6473382002484,1428.4328132192022,0.9238804444120753,87.8
1114000,4455.999999922277,-1711676.3020175193,331722.9820742593,-1379953.31994326,300.89561992290146,1428.4328132192022,0.9238804444120753,87.8
1115000,4459.999999922183,-1710985.3194284644,331235.2984216672,-1379750.0210067972,300.45325721997574,1428.4328132192022,0.9238804444120753,87.8
1116000,4463.999999922088,-1714599.074451115,331529.70164892846,-1383069.3728021865,300.7203012487619,1428.4328132192022,0.9238804444120753,87.8
1117000,4467.999999921994,-1712715.6359821726,331902.69960844086,-1380812.9363737316,301.05863611948945,1428.4328132192022,0.9238804444120753,87.8
1118000,4471.999999921899,-1714149.7686897684,331454.325465531,-1382695.4432242373,300.6519298525777,1428.4328132192022,0.9238804444120753,87.8
1119000,4475.999999921804,-1713317.2877224796,331338.72816139634,-1381978.559561083,300.5470751262892,1428.4328132192022,0.9238804444120753,87.8
1120000,4479.99999992171,-1712271.1123869736,333333.4995988463,-1378937.6127881273,302.35647037687704,1428.4328132192022,0.9238804444120753,87.8
1121000,4483.999999921615,-1711380.6425189301,331025.167700878,-1380355.4748180523,300.26265416588114,1428.4328132192022,0.9238804444120753,87.8
1122000,4487.999999921521,-1713960.3631467465,331486.4694500751,-1382473.8936966714,300.68108666316624,1428.4328132192022,0.9238804444120753,87.8
1123000,4491.999999921426,-1712451.489212148,330740.8823545039,-1381710.606857644,300.00478775277537,1428.4328132192022,0.9238804444120753,87.8
1124000,4495.999999921331,-1712949.526872944,332972.42965469754,-1379977.0972182467,302.02895503862453,1428.4328132192022,0.9238804444120753,87.8
1125000,4499.999999921237,-1711533.1025661118,333814.22455823276,-1377718.878007879,302.79252106520295,1428.4328132192022,0.9238804444120753,87.8
1126000,4503.999999921142,-1712092.2747130636,332767.72909355856,-1379324.545619505,301.8432775137894,1428.4328132192022,0.9238804444120753,87.8
1127000,4507.999999921048,-1714344.3748735003,331448.08549133193,-1382896.2893821683,300.6462697656787,1428.4328132192022,0.9238804444120753,87.8
1128000,4511.999999920953,-1709894.1073791832,330804.18885928707,-1379089.918519896,300.0622111181472,1428.4328132192022,0.9238804444120753,87.8
1129000,4515.9999999208585,-1716142.6016679108,333637.3470371535,-1382505.2546307573,302.63208095634224,1428.4328132192022,0.9238804444120753,87.8
1130000,4519.999999920764,-1713566.114302989,331394.8511688516,-1382171.2631341375,300.59798256422005,1428.4328132192022,0.9238804444120753,87.8
1131000,4523.999999920669,-1712252.3437781744,332618.36946817883,-1379633.9743099955,301.7077980339262,1428.4328132192022,0.9238804444120753,87.8
1132000,4527.999999920575,-1712334.6759493835,333942.8949840514,-1378391.7809653322,302.90923401436413,1428.4328132192022,0.9238804444120753,87.7
1133000,4531.99999992048,-1713074.6463507935,330064.32739186526,-1383010.3189589283,299.39110574731967,1428.4328132192022,0.9238804444120753,87.7
1134000,4535.999999920386,-1713760.5586395934,330421.644316319,-1383338.9143232745,299.71521683790553,1428.4328132192022,0.9238804444120753,87.7
1135000,4539.999999920291,-1713371.458375048,331715.97507724655,-1381655.4832978013,300.8892640934176,1428.4328132192022,0.9238804444120753,87.7
1136000,4543.999999920196,-1711319.609028276,332935.69613847893,-1378383.9128897972,301.9956352063192,1428.4328132192022,0.9238804444120753,87.7
1137000,4547.999999920102,-1714839.4325312525,332372.37954997725,-1382467.0529812751,301.48466821497544,1428.4328132192022,0.9238804444120753,87.7
1138000,4551.999999920007,-1712228.743406754,330645.4452828347,-1381583.2981239194,299.91821974755624,1428.4328132192022,0.9238804444120753,87.7
1139000,4555.999999919913,-1714033.2467655893,332908.84069204703,-1381124.4060735423,301.9712754644891,1428.4328132192022,0.9238804444120753,87.7
1140000,4559.999999919818,-1713399.0499937143,330802.9177862128,-1382596.1322075014,300.06105816721737,1428.4328132192022,0.9238804444120753,87.7
1141000,4563.999999919723,-1711052.808125833,331892.78706347063,-1379160.0210623625,301.0496447576454,1428.4328132192022,0.9238804444120753,87.7
1142000,4567.999999919629,-1713208.9531786442,331580.1410989922,-1381628.812079652,300.766053308208,1428.4328132192022,0.9238804444120753,87.7
1143000,4571.999999919534,-1714190.1946886498,332554.58113776374,-1381635.613550886,301.64993761948017,1428.4328132192022,0.9238804444120753,87.7
1144000,4575.99999991944,-1712660.6026698109,332537.0874693495,-1380123.5152004613,301.6340696558881,1428.4328132192022,0.9238804444120753,87.7
1145000,4579.999999919345,-1711324.0946300589,332627.47975013405,-1378696.6148799248,301.7160616878927,1428.4328132192022,0.9238804444120753,87.7
1146000,4583.9999999192505,-1709999.8519181702,332009.87446576834,-1377989.977452402,301.155851105723,1428.4328132192022,0.9238804444120753,87.7
1147000,4587.999999919156,-1712222.4052752182,332285.6200973833,-1379936.7851778348,301.4059714086547,1428.4328132192022,0.9238804444120753,87.7
1148000,4591.999999919061,-1709848.21509525,331786.49429083674,-1378061.7208044133,300.95322988305634,1428.4328132192022,0.9238804444120753,87.7
1149000,4595.999999918967,-1711820.469925072,332756.16236267943,-1379064.3075623927,301.8327856912555,1428.4328132192022,0.9238804444120753,87.7
1150000,4599.999999918872,-1711822.8612077534,331590.3956881124,-1380232.465519641,300.77535492768305,1428.4328132192022,0.9238804444120753,87.7
1151000,4603.999999918778,-1711743.3259883672,330682.92952384107,-1381060.3964645262,299.95222053901307,1428.4328132192022,0.9238804444120753,87.7
1152000,4607.999999918683,-1711864.511115225,329491.9532447203,-1382372.5578705047,298.87192292568915,1428.4328132192022,0.9238804444120753,87.7
1153000,4611.999999918588,-1712359.8103758246,330402.01576174854,-1381957.7946140761,299.6974123853507,1428.4328132192022,0.9238804444120753,87.7
1154000,4615.999999918494,-1712787.5047502443,330891.827242909,-1381895.6775073353,300.14170517552026,1428.4328132192022,0.9238804444120753,87.7
1155000,4619.999999918399,-1713705.3254735935,331368.4739702653,-1382336.8515033282,300.57405662616526,1428.4328132192022,0.9238804444120753,87.7
1156000,4623.999999918305,-1711967.232575383,331334.1521796965,-1380633.0803956864,300.54292439533367,1428.4328132192022,0.9238804444120753,87.7
1157000,4627.99999991821,-1711933.9791625552,333117.5904099589,-1378816.3887525962,302.1606258537418,1428.4328132192022,0.9238804444120753,87.7
1158000,4631.9999999181155,-1712080.0379576497,332802.82464959024,-1379277.2133080594,301.87511160325363,1428.4328132192022,0.9238804444120753,87.7
1159000,4635.999999918021,-1713572.307240935,331140.25817414466,-1382432.0490667904,300.36704916162205,1428.4328132192022,0.9238804444120753,87.7
1160000,4639.999999917926,-1711475.441711435,334094.9060150724,-1377380.5356963626,303.04711850198146,1428.4328132192022,0.9238804444120753,87.7
1161000,4643.999999917832,-1712465.0848210603,333505.3337259076,-1378959.7510951527,302.51233577957754,1428.4328132192022,0.9238804444120753,87.7
1162000,4647.999999917737,-1711673.1551188584,330537.3609576144,-1381135.794161244,299.8201798112282,1428.4328132192022,0.9238804444120753,87.7
1163000,4651.9999999176425,-1710867.2123869918,331476.03638788586,-1379391.175999106,300.6716231563103,1428.4328132192022,0.9238804444120753,87.7
1164000,4655.999999917548,-1711072.883657068,331668.5264741139,-1379404.357182954,300.84622493838293,1428.4328132192022,0.9238804444120753,87.7
1165000,4659.999999917453,-1711547.6246065553,331792.84395158646,-1379754.780654969,300.9589894632206,1428.4328132192022,0.9238804444120753,87.7
1166000,4663.999999917359,-1714208.7142855003,331694.3521064704,-1382514.36217903,300.8696505678319,1428.4328132192022,0.9238804444120753,87.7
1167000,4667.999999917264,-1712592.9703304023,330489.6524684946,-1382103.3178619076,299.7769049216817,1428.4328132192022,0.9238804444120753,87.7
1168000,4671.99999991717,-1713005.732900057,331923.4492399499,-1381082.283660107,301.07745746613557,1428.4328132192022,0.9238804444120753,87.7
1169000,4675.999999917075,-1710756.862230476,330477.1417082827,-1380279.7205221932,299.7655567994439,1428.4328132192022,0.9238804444120753,87.7
1170000,4679.99999991698,-1710840.7964411266,332369.3577251155,-1378471.4387160111,301.4819272114447,1428.4328132192022,0.9238804444120753,87.7
1171000,4683.999999916886,-1708837.8027315103,331535.98242046346,-1377301.8203110467,300.72599834165794,1428.4328132192022,0.9238804444120753,87.7
1172000,4687.999999916791,-1710719.4118705057,330420.5629270723,-1380298.8489434333,299.7142359432876,1428.4328132192022,0.9238804444120753,87.7
1173000,4691.999999916697,-1711359.1339436267,332150.1766659424,-1379208.9572776842,301.2831148763365,1428.4328132192022,0.9238804444120753,87.7
1174000,4695.999999916602,-1710705.4315812215,331002.12446978723,-1379703.3071114342,300.2417523662508,1428.4328132192022,0.9238804444120753,87.7
1175000,4699.9999999165075,-1710042.2494000364,331975.45945255697,-1378066.7899474795,301.1246343155262,1428.4328132192022,0.9238804444120753,87.7
1176000,4703.999999916413,-1712342.3893617522,332611.54880450934,-1379730.8405572427,301.701611221634,1428.4328132192022,0.9238804444120753,87.7
1177000,4707.999999916318,-1712464.0132878441,330824.53105861536,-1381639.4822292288,300.08066289570934,1428.4328132192022,0.9238804444120753,87.7
1178000,4711.999999916224,-1713990.3767467644,331236.57227919984,-1382753.8044675644,300.45441269660137,1428.4328132192022,0.9238804444120753,87.7
1179000,4715.999999916129,-1710654.3994219825,331100.39387895627,-1379554.0055430261,300.3308894968967,1428.4328132192022,0.9238804444120753,87.7
1180000,4719.9999999160345,-1713448.5043017305,331515.27421767375,-1381933.2300840567,300.7072145737172,1428.4328132192022,0.9238804444120753,87.7
1181000,4723.99999991594,-1708616.899331931,332460.0477940233,-1376156.8515379077,301.56418935781227,1428.4328132192022,0.9238804444120753,87.7
1182000,4727.999999915845,-1711110.664173741,330941.2459564671,-1380169.418217274,300.1865313565671,1428.4328132192022,0.9238804444120753,87.7
1183000,4731.999999915751,-1711168.8943083473,333324.7882445705,-1377844.1060637766,302.34856857782535,1428.4328132192022,0.9238804444120753,87.7
1184000,4735.999999915656,-1712843.3170976955,331527.190629223,-1381316.1264684726,300.71802358073245,1428.4328132192022,0.9238804444120753,87.7
1185000,4739.999999915562,-1713300.910133006,331652.2128759949,-1381648.6972570112,300.8314273799246,1428.4328132192022,0.9238804444120753,87.7
1186000,4743.999999915467,-1714286.5954900607,332292.54169712943,-1381994.0537929314,301.4122497769289,1428.4328132192022,0.9238804444120753,87.7
1187000,4747.999999915372,-1714412.9718687683,331511.8160717023,-1382901.1557970662,300.70407779685183,1428.4328132192022,0.9238804444120753,87.7
1188000,4751.999999915278,-1712489.5127039757,331653.32234838395,-1380836.1903555917,300.83243374788924,1428.4328132192022,0.9238804444120753,87.7
1189000,4755.999999915183,-1711059.8053486478,331584.34592179226,-1379475.4594268554,300.7698673724467,1428.4328132192022,0.9238804444120753,87.7
1190000,4759.999999915089,-1709642.2240132354,330443.6285602332,-1379198.5954530023,299.7351580631403,1428.4328132192022,0.9238804444120753,87.7
1191000,4763.999999914994,-1712188.9764318503,331841.30805978336,-1380347.668372067,301.0029497513765,1428.4328132192022,0.9238804444120753,87.7
1192000,4767.9999999148995,-1715539.8825946487,331566.4605777479,-1383973.422016901,300.75364413204863,1428.4328132192022,0.9238804444120753,87.7
1193000,4771.999999914805,-1711526.036546465,330495.2968433571,-1381030.7397031079,299.7820247589106,1428.4328132192022,0.9238804444120753,87.7
1194000,4775.99999991471,-1711138.8135218415,333067.07099756994,-1378071.7425242716,302.11480126295265,1428.4328132192022,0.9238804444120753,87.7
1195000,4779.999999914616,-1711523.7358380146,331181.19249180966,-1380342.543346205,300.404179410521,1428.4328132192022,0.9238804444120753,87.7
1196000,4783.999999914521,-1714181.0814285707,330499.7996400489,-1383681.281788522,299.7861091060171,1428.4328132192022,0.9238804444120753,87.7
1197000,4787.999999914427,-1711287.2563344408,333504.43191767286,-1377782.8244167678,302.5115177773211,1428.4328132192022,0.9238804444120753,87.7
1198000,4791.999999914332,-1712107.0691044815,333954.46108862234,-1378152.608015859,302.9197252687934,1428.4328132192022,0.9238804444120753,87.6
1199000,4795.999999914237,-1711824.9423152488,332369.29777117464,-1379455.644544074,301.48187282908606,1428.4328132192022,0.9238804444120753,87.6
1200000,4799.999999914143,-1714286.512227293,331339.42540738365,-1382947.0868199095,300.54770757648083,1428.4328132192022,0.9238804444120753,87.6
1201000,4803.999999914048,-1712708.7000186127,332200.725890546,-1380507.9741280666,301.32896650886016,1428.4328132192022,0.9238804444120753,87.6
1202000,4807.999999913954,-1710018.2699569762,333133.3054260233,-1376884.9645309527,302.1748804569991,1428.4328132192022,0.9238804444120753,87.6
1203000,4811.999999913859,-1711864.73351736,332684.9460629882,-1379179.7874543718,301.76818759645295,1428.4328132192022,0.9238804444120753,87.6
1204000,4815.999999913764,-1710440.385897139,331939.5216799142,-1378500.864217225,301.09203627751754,1428.4328132192022,0.9238804444120753,87.6
1205000,4819.99999991367,-1711963.9370378219,332737.30663185765,-1379226.6304059643,301.81568224313366,1428.4328132192022,0.9238804444120753,87.6
1206000,4823.999999913575,-1710957.9512098487,332266.4432376291,-1378691.5079722197,301.3885766744466,1428.4328132192022,0.9238804444120753,87.6
1207000,4827.999999913481,-1713533.801537605,332071.26817285456,-1381462.5333647504,301.21153943167974,1428.4328132192022,0.9238804444120753,87.6
1208000,4831.999999913386,-1713318.225339679,332160.16164801223,-1381158.0636916668,301.29217194362514,1428.4328132192022,0.9238804444120753,87.6
1209000,4835.9999999132915,-1715423.504252717,333148.356260139,-1382275.1479925779,302.1885326014278,1428.4328132192022,0.9238804444120753,87.6
1210000,4839.999999913197,-1711210.9345587809,332199.39276206144,-1379011.5417967194,301.3277572693939,1428.4328132192022,0.9238804444120753,87.6
1211000,4843.999999913102,-1714158.0336736143,332865.00698942435,-1381293.02668419,301.93151527349573,1428.4328132192022,0.9238804444120753,87.6
1212000,4847.999999913008,-1712328.255190881,331335.920029173,-1380992.3351617078,300.5445279567175,1428.4328132192022,0.9238804444120753,87.6
1213000,4851.999999912913,-1712865.8924789801,332892.43371987453,-1379973.4587591055,301.95639320932537,1428.4328132192022,0.9238804444120753,87.6
1214000,4855.999999912819,-1710931.3531121854,334081.2974052593,-1376850.0557069262,303.03477455444903,1428.4328132192022,0.9238804444120753,87.6
1215000,4859.999999912724,-1711498.285435347,332113.61643832276,-1379384.6689970242,301.2499522287402,1428.4328132192022,0.9238804444120753,87.6
1216000,4863.999999912629,-1712312.4387459103,332949.2091181563,-1379363.229627754,302.0078924107239,1428.4328132192022,0.9238804444120753,87.6
1217000,4867.999999912535,-1713526.12407385,332652.830260781,-1380873.293813069,301.7390563491874,1428.4328132192022,0.9238804444120753,87.6
1218000,4871.99999991244,-1712677.7111832444,332253.0272906401,-1380424.6838926042,301.3764074853815,1428.4328132192022,0.9238804444120753,87.6
1219000,4875.999999912346,-1713255.616589982,332189.8252415102,-1381065.7913484718,301.31907886849024,1428.4328132192022,0.9238804444120753,87.6
1220000,4879.999999912251,-1713970.751145307,332764.7128829793,-1381206.0382623277,301.8405416028001,1428.4328132192022,0.9238804444120753,87.6
1221000,4883.999999912156,-1715033.3667862061,333721.4114689046,-1381311.9553173017,302.7083331929134,1428.4328132192022,0.9238804444120753,87.6
1222000,4887.999999912062,-1711907.9537422564,333404.1556282528,-1378503.7981140036,302.4205602678958,1428.4328132192022,0.9238804444120753,87.6
1223000,4891.999999911967,-1711072.294628689,332237.55998374685,-1378834.7346449422,301.3623775714241,1428.4328132192022,0.9238804444120753,87.6
1224000,4895.999999911873,-1711293.9479852114,332663.09800930944,-1378630.849975902,301.7483699051532,1428.4328132192022,0.9238804444120753,87.6
1225000,4899.999999911778,-1712322.3192104883,331786.2130133173,-1380536.106197171,300.9529747449497,1428.4328132192022,0.9238804444120753,87.6
1226000,4903.9999999116835,-1714969.643801842,332218.12472000025,-1382751.5190818417,301.34474844697564,1428.4328132192022,0.9238804444120753,87.6
1227000,4907.999999911589,-1710567.4203445502,331863.2961518982,-1378704.1241926518,301.02289446719465,1428.4328132192022,0.9238804444120753,87.6
1228000,4911.999999911494,-1715777.4484259896,331083.31742556393,-1384694.1310004257,300.3153999761,1428.4328132192022,0.9238804444120753,87.6
1229000,4915.9999999114,-1712210.7756718397,330970.08669342054,-1381240.6889784192,300.21269189380325,1428.4328132192022,0.9238804444120753,87.6
1230000,4919.999999911305,-1712799.9020378795,330879.44664028287,-1381920.4553975966,300.13047511518823,1428.4328132192022,0.9238804444120753,87.6
1231000,4923.999999911211,-1710924.3623157758,333589.60908576375,-1377334.753230012,302.5887793424853,1428.4328132192022,0.9238804444120753,87.6
1232000,4927.999999911116,-1712736.328266373,331238.31732508366,-1381498.0109412894,300.45599557355405,1428.4328132192022,0.9238804444120753,87.6
1233000,4931.999999911021,-1711870.6545626763,331603.6319940924,-1380267.022568584,300.7873611699652,1428.4328132192022,0.9238804444120753,87.6
1234000,4935.999999910927,-1713630.533390008,331007.8068989663,-1382622.7264910415,300.2469067213691,1428.4328132192022,0.9238804444120753,87.6
1235000,4939.999999910832,-1711072.3639308903,332702.97136579454,-1378369.3925650958,301.78453778909955,1428.4328132192022,0.9238804444120753,87.6
1236000,4943.999999910738,-1713115.8097583707,333048.1344043189,-1380067.6753540519,302.0976244670313,1428.4328132192022,0.9238804444120753,87.6
1237000,4947.999999910643,-1711784.1240431909,333041.42551037064,-1378742.6985328202,302.09153903758374,1428.4328132192022,0.9238804444120753,87.6
1238000,4951.9999999105485,-1714227.3480672482,331129.2621294704,-1383098.0859377778,300.35707499082963,1428.4328132192022,0.9238804444120753,87.6
1239000,4955.999999910454,-1713475.4451759867,332231.234606329,-1381244.2105696579,301.35664001791633,1428.4328132192022,0.9238804444120753,87.6
1240000,4959.999999910359,-1712725.2311655525,331061.95307032845,-1381663.278095224,300.2960210326435,1428.4328132192022,0.9238804444120753,87.6
1241000,4963.999999910265,-1714889.7822536118,330385.21841713483,-1384504.563836477,299.68217603546327,1428.4328132192022,0.9238804444120753,87.6
1242000,4967.99999991017,-1714669.3385712076,333089.8458786491,-1381579.4926925586,302.13545965061735,1428.4328132192022,0.9238804444120753,87.6
1243000,4971.9999999100755,-1713215.2864598297,333708.61248173873,-1379506.673978091,302.6967236289526,1428.4328132192022,0.9238804444120753,87.6
1244000,4975.999999909981,-1709959.263684893,332009.02590794803,-1377950.2377769449,301.1550814052646,1428.4328132192022,0.9238804444120753,87.6
1245000,4979.999999909886,-1714947.157220414,331144.00221042056,-1383803.1550099934,300.3704452607081,1428.4328132192022,0.9238804444120753,87.6
1246000,4983.999999909792,-1713563.1330819875,332446.4922298193,-1381116.6408521682,301.5518935263053,1428.4328132192022,0.9238804444120753,87.6
1247000,4987.999999909697,-1713676.0647515021,332956.2570217144,-1380719.8077297877,302.0142853452653,1428.4328132192022,0.9238804444120753,87.6
1248000,4991.999999909603,-1712177.6877642516,332692.63369041804,-1379485.0540738336,301.7751608046605,1428.4328132192022,0.9238804444120753,87.6
1249000,4995.999999909508,-1711861.007423358,331263.690195694,-1380597.317227664,300.47901051687745,1428.4328132192022,0.9238804444120753,87.6
1250000,4999.999999909413,-1711304.3794087712,331179.453904167,-1380124.9255046041,300.4026023916384,1428.4328132192022,0.9238804444120753,87.6
1251000,5003.999999909319,-1712798.7675566487,331607.3492565302,-1381191.4183001185,300.7907329833338,1428.4328132192022,0.9238804444120753,87.6
1252000,5007.999999909224,-1710887.5139079373,332378.63287354686,-1378508.8810343905,301.4903404106741,1428.4328132192022,0.9238804444120753,87.6
1253000,5011.99999990913,-1712807.8130411506,331716.84639231407,-1381090.9666488366,300.8900544362686,1428.4328132192022,0.9238804444120753,87.6
1254000,5015.999999909035,-1711912.398869412,333348.7765909454,-1378563.6222784666,302.3703276621922,1428.4328132192022,0.9238804444120753,87.6
1255000,5019.9999999089405,-1710694.9276813995,332193.46350340755,-1378501.464177992,301.3223790229209,1428.4328132192022,0.9238804444120753,87.6
1256000,5023.999999908846,-1710752.9233038276,333857.7809344971,-1376895.1423693306,302.8320297020652,1428.4328132192022,0.9238804444120753,87.6
1257000,5027.999999908751,-1713072.0840377454,332310.3506631297,-1380761.7333746157,301.42840373717405,1428.4328132192022,0.9238804444120753,87.6
1258000,5031.999999908657,-1712521.3468010593,332196.6008173018,-1380324.7459837575,301.325224782968,1428.4328132192022,0.9238804444120753,87.6
1259000,5035.999999908562,-1711906.0647042133,331281.08121094614,-1380624.983493267,300.4947853669728,1428.4328132192022,0.9238804444120753,87.6
1260000,5039.9999999084675,-1713163.3914152868,331789.37816921575,-1381374.013246071,300.95584575961453,1428.4328132192022,0.9238804444120753,87.6
1261000,5043.999999908373,-1710699.1155900415,329734.81581047387,-1380964.2997795676,299.09221602031147,1428.4328132192022,0.9238804444120753,87.6
1262000,5047.999999908278,-1711700.9909033682,332631.8430457646,-1379069.1478576036,301.7200194979168,1428.4328132192022,0.9238804444120753,87.6
1263000,5051.999999908184,-1710962.34764353,330771.0443573006,-1380191.3032862293,300.03214676924415,1428.4328132192022,0.9238804444120753,87.6
1264000,5055.999999908089,-1711105.7576412484,331921.8028526447,-1379183.9547886038,301.07596407931703,1428.4328132192022,0.9238804444120753,87.6
1265000,5059.999999907995,-1712749.7423305865,332069.103715625,-1380680.6386149614,301.20957611971437,1428.4328132192022,0.9238804444120753,87.6
1266000,5063.9999999079,-1710557.376516519,331752.4096531522,-1378804.9668633668,300.9223127662446,1428.4328132192022,0.9238804444120753,87.6
1267000,5067.999999907805,-1712511.085602751,330503.8185027956,-1382007.2670999554,299.7897544916638,1428.4328132192022,0.9238804444120753,87.6
1268000,5071.999999907711,-1713980.581421947,332405.9596776054,-1381574.6217443417,301.5151277063757,1428.4328132192022,0.9238804444120753,87.6
1269000,5075.999999907616,-1715848.3417516425,331695.79098319705,-1384152.5507684455,300.8709557282461,1428.4328132192022,0.9238804444120753,87.6
1270000,5079.999999907522,-1710511.4616985582,331171.07230276923,-1379340.389395789,300.3949997011864,1428.4328132192022,0.9238804444120753,87.6
1271000,5083.999999907427,-1713110.108174581,332043.569417677,-1381066.5387569042,301.18641475066386,1428.4328132192022,0.9238804444120753,87.6
1272000,5087.9999999073325,-1713049.3653800618,333249.0093903109,-1379800.355989751,302.27983193140153,1428.4328132192022,0.9238804444120753,87.6
1273000,5091.999999907238,-1712075.4013393484,331449.3059754926,-1380626.0953638558,300.6473768289754,1428.4328132192022,0.9238804444120753,87.6
1274000,5095.999999907143,-1712373.8702180553,331044.1639304749,-1381329.7062875805,300.2798850560806,1428.4328132192022,0.9238804444120753,87.6
1275000,5099.999999907049,-1710713.1502074972,330288.5314237331,-1380424.618783764,299.5944742650397,1428.4328132192022,0.9238804444120753,87.6
1276000,5103.999999906954,-1714025.3289101422,331156.58487330156,-1382868.7440368407,300.3818586036251,1428.4328132192022,0.9238804444120753,87.5
1277000,5107.99999990686,-1711771.4326716252,331321.50955934566,-1380449.9231122795,300.53145666685697,1428.4328132192022,0.9238804444120753,87.5
1278000,5111.999999906765,-1712681.6088822838,330890.1972804529,-1381791.411601831,300.1402266871725,1428.4328132192022,0.9238804444120753,87.5
1279000,5115.99999990667,-1714675.9337899685,331462.5268094855,-1383213.4069804829,300.6593690370984,1428.4328132192022,0.9238804444120753,87.5
1280000,5119.999999906576,-1713528.111007655,330890.8732247262,-1382637.2377829289,300.1408398152406,1428.4328132192022,0.9238804444120753,87.5
1281000,5123.999999906481,-1711403.7643408421,331396.33312532876,-1380007.4312155135,300.59932680093857,1428.4328132192022,0.9238804444120753,87.5
1282000,5127.999999906387,-1712264.005897887,331823.9202377084,-1380440.0856601787,300.9871777977131,1428.4328132192022,0.9238804444120753,87.5
1283000,5131.999999906292,-1713462.667585779,331278.7524874849,-1382183.9150982942,300.4926730542077,1428.4328132192022,0.9238804444120753,87.5
1284000,5135.999999906197,-1714340.6967238858,331391.0986402771,-1382949.5980836088,300.59457876203356,1428.4328132192022,0.9238804444120753,87.5
1285000,5139.999999906103,-1714350.454088837,330915.215442791,-1383435.2386460458,300.16291988563285,1428.4328132192022,0.9238804444120753,87.5
1286000,5143.999999906008,-1712710.8219473176,331777.585438374,-1380933.2365089436,300.9451489395299,1428.4328132192022,0.9238804444120753,87.5
1287000,5147.999999905914,-1713854.2520512994,333349.9077235109,-1380504.3443277886,302.3713536774306,1428.4328132192022,0.9238804444120753,87.5
1288000,5151.999999905819,-1712226.1855606847,333317.4245653641,-1378908.7609953205,302.34188921299545,1428.4328132192022,0.9238804444120753,87.5
1289000,5155.9999999057245,-1713193.1867225636,330447.3138360988,-1382745.8728864647,299.7385008624822,1428.4328132192022,0.9238804444120753,87.5
1290000,5159.99999990563,-1712596.8389734384,332210.5404434095,-1380386.298530029,301.33786898510607,1428.4328132192022,0.9238804444120753,87.5
1291000,5163.999999905535,-1713949.5058981087,331586.2788128373,-1382363.2270852714,300.7716206379142,1428.4328132192022,0.9238804444120753,87.5
1292000,5167.999999905441,-1711860.86968855,332527.4056187441,-1379333.464069806,301.62528754974124,1428.4328132192022,0.9238804444120753,87.5
1293000,5171.999999905346,-1712581.7343267836,331026.62969081185,-1381555.1046359716,300.26398029156803,1428.4328132192022,0.9238804444120753,87.5
1294000,5175.999999905252,-1714284.694374919,331994.79858371906,-1382289.8957912,301.1421762410913,1428.4328132192022,0.9238804444120753,87.5
1295000,5179.999999905157,-1713794.5672353338,331068.70607870806,-1382725.8611566257,300.30214647692236,1428.4328132192022,0.9238804444120753,87.5
1296000,5183.999999905062,-1712686.829981517,332073.5674875054,-1380613.2624940118,301.2136250686257,1428.4328132192022,0.9238804444120753,87.5
1297000,5187.999999904968,-1711348.9263508506,331370.3381117907,-1379978.5882390598,300.5757475310776,1428.4328132192022,0.9238804444120753,87.5
1298000,5191.999999904873,-1712945.4019629285,332306.1849644414,-1380639.216998487,301.42462516120264,1428.4328132192022,0.9238804444120753,87.5
1299000,5195.999999904779,-1715849.5205322132,331491.09560433123,-1384358.424927882,300.68528290409,1428.4328132192022,0.9238804444120753,87.5
1300000,5199.999999904684,-1713632.0583621636,331174.41215946095,-1382457.6462027025,300.3980291815179,1428.4328132192022,0.9238804444120753,87.5
1301000,5203.9999999045895,-1713842.2912802473,332785.24240459746,-1381057.04887565,301.85916329459667,1428.4328132192022,0.9238804444120753,87.5
1302000,5207.999999904495,-1710549.4513312,331384.8544463023,-1379164.596884898,300.58891484750694,1428.4328132192022,0.9238804444120753,87.5
1303000,5211.9999999044,-1711292.539499279,332845.2073620848,-1378447.3321371942,301.91355564614247,1428.4328132192022,0.9238804444120753,87.5
1304000,5215.999999904306,-1711369.034275936,333076.3159104484,-1378292.7183654876,302.1231870364504,1428.4328132192022,0.9238804444120753,87.5
1305000,5219.999999904211,-1711469.5822838265,331302.777351153,-1380166.8049326735,300.5144652622778,1428.4328132192022,0.9238804444120753,87.5
1306000,5223.9999999041165,-1711296.212673379,331456.52725575014,-1379839.6854176288,300.65392702813904,1428.4328132192022,0.9238804444120753,87.5
1307000,5227.999999904022,-1713274.4017216507,331887.4330245474,-1381386.9686971032,301.0447882751345,1428.4328132192022,0.9238804444120753,87.5
1308000,5231.999999903927,-1714301.842625538,331731.4565696617,-1382570.3860558763,300.90330687462153,1428.4328132192022,0.9238804444120753,87.5
1309000,5235.999999903833,-1713634.7313816603,332428.05142662243,-1381206.6799550378,301.5351664461522,1428.4328132192022,0.9238804444120753,87.5
1310000,5239.999999903738,-1711150.4897401743,333539.77651464764,-1377610.7132255267,302.5435777640943,1428.4328132192022,0.9238804444120753,87.5
1311000,5243.999999903644,-1711291.0115330182,333431.0952181836,-1377859.9163148347,302.4449963336818,1428.4328132192022,0.9238804444120753,87.5
1312000,5247.999999903549,-1711244.6795785297,332567.4071633271,-1378677.2724152026,301.66157170913203,1428.4328132192022,0.9238804444120753,87.5
1313000,5251.999999903454,-1711779.3042548057,331223.8622549041,-1380555.4419999016,300.4428838280985,1428.4328132192022,0.9238804444120753,87.5
1314000,5255.99999990336,-1712285.09645373,331360.6967885237,-1380924.3996652062,300.5670021860214,1428.4328132192022,0.9238804444120753,87.5
1315000,5259.999999903265,-1709829.5822512507,331859.4396811693,-1377970.1425700814,301.01939638230635,1428.4328132192022,0.9238804444120753,87.5
1316000,5263.999999903171,-1711216.7972686365,331303.42787631357,-1379913.3693923228,300.5150553334577,1428.4328132192022,0.9238804444120753,87.5
1317000,5267.999999903076,-1710157.5223817788,332028.39074768394,-1378129.1316340948,301.172646650279,1428.4328132192022,0.9238804444120753,87.5
1318000,5271.9999999029815,-1711159.1937925685,331159.9313670804,-1379999.262425488,300.38489410425234,1428.4328132192022,0.9238804444120753,87.5
1319000,5275.999999902887,-1713446.5270892214,332760.5733992777,-1380685.9536899438,301.83678680562934,1428.4328132192022,0.9238804444120753,87.5
1320000,5279.999999902792,-1711772.771339599,332287.1282333649,-1379485.6431062343,301.4073393919891,1428.4328132192022,0.9238804444120753,87.5
1321000,5283.999999902698,-1712268.2576116025,333333.56149129267,-1378934.6961203099,302.3565265175939,1428.4328132192022,0.9238804444120753,87.5
1322000,5287.999999902603,-1711641.340707112,332312.48067616136,-1379328.8600309507,301.43033580587667,1428.4328132192022,0.9238804444120753,87.5
1323000,5291.9999999025085,-1713103.2560505234,329949.9696409663,-1383153.286409557,299.2873753812939,1428.4328132192022,0.9238804444120753,87.5
1324000,5295.999999902414,-1713222.017760342,333883.0647747143,-1379338.9529856276,302.8549638886827,1428.4328132192022,0.9238804444120753,87.5
1325000,5299.999999902319,-1711597.6201623138,333126.7247670128,-1378470.895395301,302.16891134548297,1428.4328132192022,0.9238804444120753,87.5
1326000,5303.999999902225,-1713433.9674816672,332286.8657491982,-1381147.101732469,301.40710130074933,1428.4328132192022,0.9238804444120753,87.5
1327000,5307.99999990213,-1712697.5042878091,332192.9238889736,-1380504.5803988355,301.32188955541824,1428.4328132192022,0.9238804444120753,87.5
1328000,5311.999999902036,-1715722.2571778875,332995.54676739336,-1382726.7104104941,302.0499238539654,1428.4328132192022,0.9238804444120753,87.5
1329000,5315.999999901941,-1713248.749509722,331859.2919503251,-1381389.457559397,301.01926238024333,1428.4328132192022,0.9238804444120753,87.5
1330000,5319.999999901846,-1710222.6535677575,330832.2842382027,-1379390.3693295547,300.08769556424414,1428.4328132192022,0.9238804444120753,87.5
1331000,5323.999999901752,-1709763.5694221389,330555.504179714,-1379208.0652424248,299.8366369648053,1428.4328132192022,0.9238804444120753,87.5
1332000,5327.999999901657,-1714456.689024629,330043.5104923197,-1384413.1785323094,299.3722233839258,1428.4328132192022,0.9238804444120753,87.5
1333000,5331.999999901563,-1711556.840933716,332481.09345437086,-1379075.7474793452,301.5832792230286,1428.4328132192022,0.9238804444120753,87.5
1334000,5335.999999901468,-1713662.7196874619,332358.62623228785,-1381304.093455174,301.4721930074204,1428.4328132192022,0.9238804444120753,87.5
1335000,5339.9999999013735,-1713520.4775084537,331716.6789819747,-1381803.798526479,300.8899025835464,1428.4328132192022,0.9238804444120753,87.5
1336000,5343.999999901279,-1712226.0920673795,332248.5152167308,-1379977.5768506487,301.37231472319905,1428.4328132192022,0.9238804444120753,87.5
1337000,5347.999999901184,-1713494.4064167757,331679.0193451647,-1381815.387071611,300.85574269600056,1428.4328132192022,0.9238804444120753,87.5
1338000,5351.99999990109,-1711155.424146749,332291.18395747256,-1378864.2401892766,301.4110182134322,1428.4328132192022,0.9238804444120753,87.5
1339000,5355.999999900995,-1712498.5003099423,330170.8051854177,-1382327.6951245246,299.4876884486407,1428.4328132192022,0.9238804444120753,87.5
1340000,5359.999999900901,-1710841.5566018596,333241.286946369,-1377600.2696554908,302.2728271422166,1428.4328132192022,0.9238804444120753,87.5
1341000,5363.999999900806,-1713089.3278899007,331311.2799043057,-1381778.047985595,300.52217766431215,1428.4328132192022,0.9238804444120753,87.5
1342000,5367.999999900711,-1713071.2766075134,332915.6642020529,-1380155.6124054606,301.9774648586048,1428.4328132192022,0.9238804444120753,87.5
1343000,5371.999999900617,-1711267.3459801823,331606.39271320764,-1379660.9532669745,300.7898653325783,1428.4328132192022,0.9238804444120753,87.5
1344000,5375.999999900522,-1711578.7285271306,331398.22854711884,-1380180.4999800117,300.601046079208,1428.4328132192022,0.9238804444120753,87.5
1345000,5379.999999900428,-1709047.3940190692,332192.1361034447,-1376855.2579156244,301.32117497961883,1428.4328132192022,0.9238804444120753,87.5
1346000,5383.999999900333,-1710667.4307757225,330620.64843848307,-1380046.7823372395,299.8957272997714,1428.4328132192022,0.9238804444120753,87.5
1347000,5387.999999900238,-1711936.4752531815,332843.98541999387,-1379092.4898331878,301.9124472604025,1428.4328132192022,0.9238804444120753,87.5
1348000,5391.999999900144,-1712551.2325848024,332387.1623541074,-1380164.070230695,301.49807723772426,1428.4328132192022,0.9238804444120753,87.5
1349000,5395.999999900049,-1711631.036609102,333147.3258236591,-1378483.710785443,302.187597924483,1428.4328132192022,0.9238804444120753,87.5
1350000,5399.999999899955,-1710954.2352930624,332591.90444061044,-1378362.330852452,301.68379242892814,1428.4328132192022,0.9238804444120753,87.5
1351000,5403.99999989986,-1712381.8582507018,331392.93799654837,-1380988.9202541534,300.5962471850112,1428.4328132192022,0.9238804444120753,87.5
1352000,5407.9999998997655,-1713223.2260930408,333823.30880164326,-1379399.9172913975,302.80076110041375,1428.4328132192022,0.9238804444120753,87.5
1353000,5411.999999899671,-1713464.7845803723,332048.49520404974,-1381416.2893763226,301.1908827785797,1428.4328132192022,0.9238804444120753,87.5
1354000,5415.999999899576,-1712859.1839354169,329961.6403236216,-1382897.5436117952,299.29796149525725,1428.4328132192022,0.9238804444120753,87.5
1355000,5419.999999899482,-1713054.947796993,331019.19086347986,-1382035.756933513,300.2572327622062,1428.4328132192022,0.9238804444120753,87.5
1356000,5423.999999899387,-1713468.2490970772,332172.35703227855,-1381295.8920647986,301.3032339981324,1428.4328132192022,0.9238804444120753,87.5
1357000,5427.999999899293,-1712029.739458358,331701.2919469441,-1380328.4475114138,300.87594548170387,1428.4328132192022,0.9238804444120753,87.5
1358000,5431.999999899198,-1713522.1258447878,331973.299165366,-1381548.8266794218,301.12267478607333,1428.4328132192022,0.9238804444120753,87.5
1359000,5435.999999899103,-1713470.4226233847,332723.78978600865,-1380746.632837376,301.80342153184466,1428.4328132192022,0.9238804444120753,87.5
1360000,5439.999999899009,-1713111.5597906392,330643.9002493558,-1382467.6595412833,299.9168182956474,1428.4328132192022,0.9238804444120753,87.5
1361000,5443.999999898914,-1712400.3868261706,332886.484471345,-1379513.9023548258,301.9509968306567,1428.4328132192022,0.9238804444120753,87.4
1362000,5447.99999989882,-1712514.3087572046,332803.83858356933,-1379710.4701736353,301.87603131129225,1428.4328132192022,0.9238804444120753,87.4
1363000,5451.999999898725,-1711050.2862124145,333223.27850272553,-1377827.007709689,302.2564922419934,1428.4328132192022,0.9238804444120753,87.4
1364000,5455.99999989863,-1710894.948765317,330652.7468722855,-1380242.2018930316,299.9248427926961,1428.4328132192022,0.9238804444120753,87.4
1365000,5459.999999898536,-1714158.9671946429,332391.8453892198,-1381767.121805423,301.50232507350717,1428.4328132192022,0.9238804444120753,87.4
1366000,5463.999999898441,-1709369.4837690983,332411.8345336355,-1376957.6492354628,301.5204566059174,1428.4328132192022,0.9238804444120753,87.4
1367000,5467.999999898347,-1711039.2353125978,330855.2079030494,-1380184.0274095484,300.108488909046,1428.4328132192022,0.9238804444120753,87.4
1368000,5471.999999898252,-1711630.6979573835,331584.94858526613,-1380045.7493721172,300.77041402977636,1428.4328132192022,0.9238804444120753,87.4
1369000,5475.9999998981575,-1712456.7205287311,331871.3219556565,-1380585.3985730745,301.0301744246523,1428.4328132192022,0.9238804444120753,87.4
1370000,5479.999999898063,-1711096.7639751825,330799.0479146565,-1380297.716060526,300.0575479268545,1428.4328132192022,0.9238804444120753,87.4
1371000,5483.999999897968,-1712129.7897441685,330889.3094338374,-1381240.480310331,300.1394213490675,1428.4328132192022,0.9238804444120753,87.4
1372000,5487.999999897874,-1713175.747921005,332501.9776209777,-1380673.7703000272,301.60222260228574,1428.4328132192022,0.9238804444120753,87.4
1373000,5491.999999897779,-1712528.0936844237,332039.5619563806,-1380488.5317280432,301.1827797069188,1428.4328132192022,0.9238804444120753,87.4
1374000,5495.999999897685,-1711183.3891676646,332503.6904658193,-1378679.6987018452,301.60377627067265,1428.4328132192022,0.9238804444120753,87.4
1375000,5499.99999989759,-1711922.0153543912,331159.5451644922,-1380762.470189899,300.3845437918728,1428.4328132192022,0.9238804444120753,87.4
1376000,5503.999999897495,-1710303.0185056608,331261.7391569364,-1379041.2793487245,300.47724079018326,1428.4328132192022,0.9238804444120753,87.4
1377000,5507.999999897401,-1711299.9730448723,330516.74737899716,-1380783.2256658752,299.80148187393695,1428.4328132192022,0.9238804444120753,87.4
1378000,5511.999999897306,-1712443.7355980594,331546.9301456922,-1380896.8054523673,300.7359286833812,1428.4328132192022,0.9238804444120753,87.4
1379000,5515.999999897212,-1713891.197484525,331514.3250368352,-1382376.8724476898,300.7063536012423,1428.4328132192022,0.9238804444120753,87.4
1380000,5519.999999897117,-1713273.1265823636,329739.29267858993,-1383533.8339037737,299.09627684841166,1428.4328132192022,0.9238804444120753,87.4
1381000,5523.9999998970225,-1713881.7151197605,332382.7708541621,-1381498.9442655984,301.4940938444418,1428.4328132192022,0.9238804444120753,87.4
1382000,5527.999999896928,-1712089.3007225338,330860.05348482623,-1381229.2472377075,300.1128841858625,1428.4328132192022,0.9238804444120753,87.4
1383000,5531.999999896833,-1712944.553473724,332811.02694781247,-1380133.5265259116,301.8825516533609,1428.4328132192022,0.9238804444120753,87.4
1384000,5535.999999896739,-1712674.0736092255,330710.3369444005,-1381963.736664825,299.9770809594402,1428.4328132192022,0.9238804444120753,87.4
1385000,5539.999999896644,-1712111.0682055615,334423.3277993378,-1377687.7404062236,303.34501970784544,1428.4328132192022,0.9238804444120753,87.4
1386000,5543.9999998965495,-1710816.5494747106,334010.1011934638,-1376806.4482812467,302.9701946807532,1428.4328132192022,0.9238804444120753,87.4
1387000,5547.999999896455,-1713871.1817285195,332334.8674718423,-1381536.3142566772,301.45064217332333,1428.4328132192022,0.9238804444120753,87.4
1388000,5551.99999989636,-1714732.2752880156,332029.72877146344,-1382702.546516552,301.17386033011536,1428.4328132192022,0.9238804444120753,87.4
1389000,5555.999999896266,-1712981.225278791,331176.5939428474,-1381804.6313359437,300.4000082095023,1428.4328132192022,0.9238804444120753,87.4
1390000,5559.999999896171,-1712318.870870674,332611.9998449403,-1379706.8710257336,301.702020346408,1428.4328132192022,0.9238804444120753,87.4
1391000,5563.999999896077,-1711619.884009689,331703.11231273605,-1379916.771696953,300.8775966790072,1428.4328132192022,0.9238804444120753,87.4
1392000,5567.999999895982,-1713814.1336219963,330465.4767248117,-1383348.6568971844,299.75497585503376,1428.4328132192022,0.9238804444120753,87.4
1393000,5571.999999895887,-1711891.7911966387,331257.48679352994,-1380634.3044031088,300.47338360333623,1428.4328132192022,0.9238804444120753,87.4
1394000,5575.999999895793,-1714732.822445713,330091.31071909354,-1384641.5117266194,299.4155814858506,1428.4328132192022,0.9238804444120753,87.4
1395000,5579.999999895698,-1714825.0341916028,332228.6829598699,-1382596.3512317329,301.3543254986198,1428.4328132192022,0.9238804444120753,87.4
1396000,5583.999999895604,-1712092.9615857005,330156.76655011787,-1381936.1950355826,299.4749544383379,1428.4328132192022,0.9238804444120753,87.4
1397000,5587.999999895509,-1712475.4503559154,333033.7469539577,-1379441.7034019576,302.084574057414,1428.4328132192022,0.9238804444120753,87.4
1398000,5591.9999998954145,-1711633.835634416,332870.1068241437,-1378763.7288102722,301.9361411752641,1428.4328132192022,0.9238804444120753,87.4
1399000,5595.99999989532,-1712250.7337529156,330605.97026510304,-1381644.7634878126,299.8824131843282,1428.4328132192022,0.9238804444120753,87.4
1400000,5599.999999895225,-1712395.4585045874,331670.6329643828,-1380724.8255402045,300.8481356703176,1428.4328132192022,0.9238804444120753,87.4
1401000,5603.999999895131,-1712005.0037853643,331395.760120227,-1380609.2436651373,300.5988070457976,1428.4328132192022,0.9238804444120753,87.4
1402000,5607.999999895036,-1713054.5404718257,332773.5260045122,-1380281.0144673134,301.8485357117717,1428.4328132192022,0.9238804444120753,87.4
1403000,5611.9999998949415,-1713465.241513094,329429.0810918942,-1384036.1604211996,298.8148935474947,1428.4328132192022,0.9238804444120753,87.4
1404000,5615.999999894847,-1712621.4593313243,331169.9015619932,-1381451.5577693311,300.39393775856973,1428.4328132192022,0.9238804444120753,87.4
1405000,5619.999999894752,-1712821.7046730556,331985.6342462912,-1380836.0704267644,301.1338635550835,1428.4328132192022,0.9238804444120753,87.4
1406000,5623.999999894658,-1714731.0596313383,330786.8146664956,-1383944.2449648427,300.0464515271838,1428.4328132192022,0.9238804444120753,87.4
1407000,5627.999999894563,-1711742.8247818965,333481.16585095215,-1378261.6589309443,302.490413850408,1428.4328132192022,0.9238804444120753,87.4
1408000,5631.999999894469,-1712778.222360121,330834.3866877807,-1381943.8356723404,300.08960263099357,1428.4328132192022,0.9238804444120753,87.4
1409000,5635.999999894374,-1711437.880614804,332038.28953076794,-1379399.591084036,301.1816255291433,1428.4328132192022,0.9238804444120753,87.4
1410000,5639.999999894279,-1712559.6185227558,331595.14133310964,-1380964.477189646,300.77965955494903,1428.4328132192022,0.9238804444120753,87.4
1411000,5643.999999894185,-1712009.2578426804,331166.60056842526,-1380842.657274255,300.39094352977145,1428.4328132192022,0.9238804444120753,87.4
1412000,5647.99999989409,-1712840.7204429787,332391.8033002126,-1380448.917142766,301.5022868958752,1428.4328132192022,0.9238804444120753,87.4
1413000,5651.999999893996,-1713865.4102398194,330804.12385819585,-1383061.2863816237,300.06215215767514,1428.4328132192022,0.9238804444120753,87.4
1414000,5655.999999893901,-1709238.7327960022,332564.98737836466,-1376673.7454176375,301.6593767973059,1428.4328132192022,0.9238804444120753,87.4
1415000,5659.9999998938065,-1713477.9774796832,330396.58406918735,-1383081.393410496,299.69248546563534,1428.4328132192022,0.9238804444120753,87.4
1416000,5663.999999893712,-1712558.0154872276,330976.9590724844,-1381581.0564147432,300.21892561552437,1428.4328132192022,0.9238804444120753,87.4
1417000,5667.999999893617,-1715105.3443809208,331134.22168301814,-1383971.1226979026,300.36157364790176,1428.4328132192022,0.9238804444120753,87.4
1418000,5671.999999893523,-1710265.1169110518,331355.8785038211,-1378909.2384072307,300.5626316695335,1428.4328132192022,0.9238804444120753,87.4
1419000,5675.999999893428,-1712371.8790442478,330391.2247883652,-1381980.6542558826,299.6876242283607,1428.4328132192022,0.9238804444120753,87.4
1420000,5679.999999893334,-1711343.8577455617,332775.8097788317,-1378568.04796673,301.8506072525656,1428.4328132192022,0.9238804444120753,87.4
1421000,5683.999999893239,-1713081.2184065916,332515.5484150497,-1380565.669991542,301.6145322483332,1428.4328132192022,0.9238804444120753,87.4
1422000,5687.999999893144,-1710918.731561385,331313.900213939,-1379604.831347446,300.5245544658427,1428.4328132192022,0.9238804444120753,87.4
1423000,5691.99999989305,-1711871.1676192153,331555.4599221735,-1380315.7076970418,300.74366577885195,1428.4328132192022,0.9238804444120753,87.4
1424000,5695.999999892955,-1713175.8178381901,331302.0790337908,-1381873.7388043993,300.5138318402752,1428.4328132192022,0.9238804444120753,87.4
1425000,5699.999999892861,-1713416.8053549323,331664.0821444231,-1381752.7232105092,300.8421936248782,1428.4328132192022,0.9238804444120753,87.4
1426000,5703.999999892766,-1709876.365980612,332967.61856456264,-1376908.7474160495,302.0245910481058,1428.4328132192022,0.9238804444120753,87.4
1427000,5707.999999892671,-1712033.3210848253,332206.88561981183,-1379826.4354650136,301.3345538080711,1428.4328132192022,0.9238804444120753,87.4
1428000,5711.999999892577,-1713081.7815900669,332161.2608774669,-1380920.5207126,301.29316902054194,1428.4328132192022,0.9238804444120753,87.4
1429000,5715.999999892482,-1711788.658293683,330245.78653805994,-1381542.8717556233,299.5557017061029,1428.4328132192022,0.9238804444120753,87.4
1430000,5719.999999892388,-1712292.2832082137,332786.8191742572,-1379505.4640339566,301.86059353341,1428.4328132192022,0.9238804444120753,87.4
1431000,5723.999999892293,-1712478.2678641975,332844.0787192046,-1379634.189144993,301.91253188922036,1428.4328132192022,0.9238804444120753,87.4
1432000,5727.9999998921985,-1714804.8371602446,331799.3461788137,-1383005.4909814307,300.9648874317008,1428.4328132192022,0.9238804444120753,87.4
1433000,5731.999999892104,-1715399.5352914296,330666.0950523241,-1384733.4402391054,299.9369505124641,1428.4328132192022,0.9238804444120753,87.4
1434000,5735.999999892009,-1712873.8816305846,332251.77872009506,-1380622.1029104895,301.3752749457973,1428.4328132192022,0.9238804444120753,87.4
1435000,5739.999999891915,-1710821.984969806,332743.7378124921,-1378078.2471573139,301.8215157674549,1428.4328132192022,0.9238804444120753,87.4
1436000,5743.99999989182,-1714375.462023355,330087.95429793914,-1384287.507725416,299.41253698040913,1428.4328132192022,0.9238804444120753,87.4
1437000,5747.999999891726,-1711189.2144792862,332034.0172600031,-1379155.197219283,301.17775028494935,1428.4328132192022,0.9238804444120753,87.4
1438000,5751.999999891631,-1710372.1028993446,331966.65909573284,-1378405.4438036117,301.1166517850256,1428.4328132192022,0.9238804444120753,87.4
1439000,5755.999999891536,-1711967.7479190007,331693.6920118099,-1380274.0559071908,300.8690518164556,1428.4328132192022,0.9238804444120753,87.4
1440000,5759.999999891442,-1713199.530608274,329669.6189876386,-1383529.9116206355,299.0330780061126,1428.4328132192022,0.9238804444120753,87.4
1441000,5763.999999891347,-1711125.316427609,333324.59526553896,-1377800.72116207,302.34839353253614,1428.4328132192022,0.9238804444120753,87.4
1442000,5767.999999891253,-1712845.7270591818,330707.9874585592,-1382137.7396006226,299.97494981376474,1428.4328132192022,0.9238804444120753,87.4
1443000,5771.999999891158,-1714425.0074901097,330992.39583932736,-1383432.6116507822,300.2329278275501,1428.4328132192022,0.9238804444120753,87.4
1444000,5775.999999891063,-1714469.024393294,331363.3882095326,-1383105.6361837615,300.5694434904733,1428.4328132192022,0.9238804444120753,87.4
1445000,5779.999999890969,-1712544.3265788686,331900.2790143746,-1380644.047564494,301.0564404737504,1428.4328132192022,0.9238804444120753,87.4
1446000,5783.999999890874,-1711925.246630501,330934.1861838311,-1380991.0604466698,300.1801276559535,1428.4328132192022,0.9238804444120753,87.4
1447000,5787.99999989078,-1710595.0811892953,332266.2999683353,-1378328.78122096,301.38844671931747,1428.4328132192022,0.9238804444120753,87.4
1448000,5791.999999890685,-1713142.2113013156,331953.50165937096,-1381188.7096419446,301.10471708292584,1428.4328132192022,0.9238804444120753,87.4
1449000,5795.9999998905905,-1712235.4379536137,332156.72583561915,-1380078.7121179947,301.28905542485546,1428.4328132192022,0.9238804444120753,87.4
1450000,5799.999999890496,-1710872.7951474302,332406.1910219339,-1378466.6041254962,301.51533755163484,1428.4328132192022,0.9238804444120753,87.4
1451000,5803.999999890401,-1710995.9369455986,331676.2761046712,-1379319.6608409274,300.85325438770263,1428.4328132192022,0.9238804444120753,87.4
1452000,5807.999999890307,-1709838.8229806349,331904.70163332974,-1377934.1213473051,301.0604520941207,1428.4328132192022,0.9238804444120753,87.4
1453000,5811.999999890212,-1712080.993383741,331698.1949854561,-1380382.798398285,300.8731363240719,1428.4328132192022,0.9238804444120753,87.4
1454000,5815.999999890118,-1712653.4041600097,330537.08558984334,-1382116.3185701664,299.8199300336708,1428.4328132192022,0.9238804444120753,87.4
1455000,5819.999999890023,-1713334.1209864095,333389.0424429438,-1379945.0785434656,302.4068515666351,1428.4328132192022,0.9238804444120753,87.4
1456000,5823.999999889928,-1710650.3220054433,330585.0012175999,-1380065.3207878433,299.86339281224485,1428.4328132192022,0.9238804444120753,87.4
1457000,5827.999999889834,-1712668.2948251367,332281.6235526835,-1380386.6712724532,301.4023462670155,1428.4328132192022,0.9238804444120753,87.4
1458000,5831.999999889739,-1711969.5298449993,333358.51479554066,-1378611.0150494587,302.3791608852939,1428.4328132192022,0.9238804444120753,87.4
1459000,5835.999999889645,-1713447.1127461847,332867.7759927082,-1380579.3367534764,301.934026950421,1428.4328132192022,0.9238804444120753,87.4
1460000,5839.99999988955,-1713544.2243114244,330961.79519428505,-1382582.4291171394,300.2051709323165,1428.4328132192022,0.9238804444120753,87.3
1461000,5843.9999998894555,-1712964.316379184,330980.7484056347,-1381983.5679735492,300.22236280199917,1428.4328132192022,0.9238804444120753,87.3
1462000,5847.999999889361,-1712492.7792241294,331608.0818766021,-1380884.6973475274,300.7913975202595,1428.4328132192022,0.9238804444120753,87.3
1463000,5851.999999889266,-1713222.2502064612,331126.49254271697,-1382095.7576637443,300.3545627846572,1428.4328132192022,0.9238804444120753,87.3
1464000,5855.999999889172,-1710106.9367703889,330824.8235496136,-1379282.1132207753,300.08092820521455,1428.4328132192022,0.9238804444120753,87.3
1465000,5859.999999889077,-1710235.6725412551,332277.52058272244,-1377958.1519585326,301.3986245903254,1428.4328132192022,0.9238804444120753,87.3
1466000,5863.9999998889825,-1713849.0186705608,331381.8806420431,-1382467.1380285178,300.58621740197424,1428.4328132192022,0.9238804444120753,87.3
1467000,5867.999999888888,-1714041.0329182409,331889.3170489465,-1382151.7158692945,301.0464972151844,1428.4328132192022,0.9238804444120753,87.3
1468000,5871.999999888793,-1712222.9214907922,331706.30997585773,-1380516.6115149343,300.88049717996523,1428.4328132192022,0.9238804444120753,87.3
1469000,5875.999999888699,-1713698.6073500905,333032.10793256736,-1380666.4994175232,302.0830873519882,1428.4328132192022,0.9238804444120753,87.3
1470000,5879.999999888604,-1713423.2117747515,332680.4866164356,-1380742.725158316,301.7641425709121,1428.4328132192022,0.9238804444120753,87.3
1471000,5883.99999988851,-1713521.136971591,329702.0645724485,-1383819.0723991427,299.06250838894005,1428.4328132192022,0.9238804444120753,87.3
1472000,5887.999999888415,-1714841.4671698064,329504.8388912375,-1385336.6282785689,298.88361109565756,1428.4328132192022,0.9238804444120753,87.3
1473000,5891.99999988832,-1715003.0345216952,332244.7195133836,-1382758.3150083115,301.3688717585163,1428.4328132192022,0.9238804444120753,87.3
1474000,5895.999999888226,-1712590.0359542258,331533.81969299936,-1381056.2162612265,300.7240365987091,1428.4328132192022,0.9238804444120753,87.3
1475000,5899.999999888131,-1713807.9606865086,331483.99553276197,-1382323.9651537465,300.6788426495651,1428.4328132192022,0.9238804444120753,87.3
1476000,5903.999999888037,-1713602.7067873925,330730.599474484,-1382872.1073129084,299.99546047150346,1428.4328132192022,0.9238804444120753,87.3
1477000,5907.999999887942,-1712851.7675328963,331148.5714722139,-1381703.1960606824,300.3745898962449,1428.4328132192022,0.9238804444120753,87.3
1478000,5911.9999998878475,-1712341.8287744652,332967.85963108763,-1379373.9691433776,302.0248097120675,1428.4328132192022,0.9238804444120753,87.3
1479000,5915.999999887753,-1713201.6950828973,332302.0128667704,-1380899.682216127,301.42084078091267,1428.4328132192022,0.9238804444120753,87.3
1480000,5919.999999887658,-1714042.9987276066,332949.15153124765,-1381093.847196359,302.0078401754266,1428.4328132192022,0.9238804444120753,87.3
1481000,5923.999999887564,-1711490.5490900595,330029.1967725522,-1381461.3523175074,299.35923985304134,1428.4328132192022,0.9238804444120753,87.3
1482000,5927.999999887469,-1713564.0471633263,333185.8935471059,-1380378.1536162205,302.2225815092288,1428.4328132192022,0.9238804444120753,87.3
1483000,5931.9999998873745,-1714149.3914554417,331695.8269119988,-1382453.5645434428,300.87098831814683,1428.4328132192022,0.9238804444120753,87.3
1484000,5935.99999988728,-1714782.6847203113,332091.92961770913,-1382690.7551026023,301.2302807869489,1428.4328132192022,0.9238804444120753,87.3
1485000,5939.999999887185,-1713872.9804939684,330719.6514274068,-1383153.3290665615,299.9855298378415,1428.4328132192022,0.9238804444120753,87.3
1486000,5943.999999887091,-1712939.063943522,331020.4529443227,-1381918.6109991993,300.2583775565621,1428.4328132192022,0.9238804444120753,87.3
1487000,5947.999999886996,-1712251.0228668563,332431.71638615505,-1379819.3064807013,301.538490817179,1428.4328132192022,0.9238804444120753,87.3
1488000,5951.999999886902,-1710962.8516098931,332926.4234479336,-1378036.4281619596,301.987224236562,1428.4328132192022,0.9238804444120753,87.3
1489000,5955.999999886807,-1713514.4706807863,331432.93062171334,-1382081.540059073,300.63252325387475,1428.4328132192022,0.9238804444120753,87.3
1490000,5959.999999886712,-1713046.1972133238,332203.96246748045,-1380842.2347458433,301.3319023073298,1428.4328132192022,0.9238804444120753,87.3
1491000,5963.999999886618,-1714074.5709409397,332335.555072501,-1381739.0158684386,301.45126587453683,1428.4328132192022,0.9238804444120753,87.3
1492000,5967.999999886523,-1712706.1656852867,330918.5299346491,-1381787.6357506376,300.16592635831114,1428.4328132192022,0.9238804444120753,87.3
1493000,5971.999999886429,-1712405.6078988165,331919.9618636501,-1380485.6460351665,301.0742941753468,1428.4328132192022,0.9238804444120753,87.3
1494000,5975.999999886334,-1712393.089379821,331354.11698472715,-1381038.9723950939,300.5610338502433,1428.4328132192022,0.9238804444120753,87.3
1495000,5979.9999998862395,-1713139.8381997608,330877.9924385629,-1382261.8457611979,300.1291560539484,1428.4328132192022,0.9238804444120753,87.3
1496000,5983.999999886145,-1712835.927230509,332139.57466526894,-1380696.35256524,301.2734981306256,1428.4328132192022,0.9238804444120753,87.3
1497000,5987.99999988605,-1712659.140293751,333229.71816950815,-1379429.4221242429,302.2623334638361,1428.4328132192022,0.9238804444120753,87.3
1498000,5991.999999885956,-1713089.726366343,331682.979537756,-1381406.746828587,300.8593348637706,1428.4328132192022,0.9238804444120753,87.3
1499000,5995.999999885861,-1711370.0038355663,332795.99051122944,-1378574.0133243368,301.8689125684872,1428.4328132192022,0.9238804444120753,87.3
1500000,5999.999999885767,-1710355.8246948253,330871.339703055,-1379484.4849917702,300.12312156407876,1428.4328132192022,0.9238804444120753,87.3
1501000,6003.999999885672,-1711658.8811435997,330655.14236805466,-1381003.738775545,299.927015672549,1428.4328132192022,0.9238804444120753,87.3
1502000,6007.999999885577,-1715220.6117818505,329755.88687746425,-1385464.7249043863,299.1113289311049,1428.4328132192022,0.9238804444120753,87.3
1503000,6011.999999885483,-1712884.3145408295,332356.86749206146,-1380527.447048768,301.47059770875467,1428.4328132192022,0.9238804444120753,87.3
1504000,6015.999999885388,-1713328.7618696876,332382.32103682,-1380946.4408328675,301.4936858290937,1428.4328132192022,0.9238804444120753,87.3
1505000,6019.999999885294,-1715646.2483593374,332871.69478295365,-1382774.5535763837,301.9375815634083,1428.4328132192022,0.9238804444120753,87.3
1506000,6023.999999885199,-1711959.1808565091,333113.17479867727,-1378846.006057832,302.1566205898146,1428.4328132192022,0.9238804444120753,87.3
1507000,6027.999999885104,-1710937.4260061476,332679.6611138941,-1378257.7648922536,301.7633937831814,1428.4328132192022,0.9238804444120753,87.3
1508000,6031.99999988501,-1713980.8650403786,331673.1981109371,-1382307.6669294415,300.8504624351315,1428.4328132192022,0.9238804444120753,87.3
1509000,6035.999999884915,-1713056.8845274318,332322.4187551645,-1380734.4657722674,301.4393503288494,1428.4328132192022,0.9238804444120753,87.3
1510000,6039.999999884821,-1713197.2908791471,333884.7190663701,-1379312.571812777,302.8564644452923,1428.4328132192022,0.9238804444120753,87.3
1511000,6043.999999884726,-1713929.9094194118,330786.467020376,-1383143.4423990357,300.0461361881802,1428.4328132192022,0.9238804444120753,87.3
1512000,6047.9999998846315,-1712148.4128062688,332712.62055389717,-1379435.7922523716,301.793290268104,1428.4328132192022,0.9238804444120753,87.3
1513000,6051.999999884537,-1712751.5907161105,332230.2002284996,-1380521.3904876108,301.3557017658958,1428.4328132192022,0.9238804444120753,87.3
1514000,6055.999999884442,-1713498.3758852463,332160.42680616817,-1381337.9490790782,301.29241246035747,1428.4328132192022,0.9238804444120753,87.3
1515000,6059.999999884348,-1713540.77519672,332509.37646042084,-1381031.398736299,301.6089338598749,1428.4328132192022,0.9238804444120753,87.3
1516000,6063.999999884253,-1712081.7706701756,333475.5664011098,-1378606.2042690658,302.48533476327026,1428.4328132192022,0.9238804444120753,87.3
1517000,6067.999999884159,-1713423.5003034081,332352.95442886866,-1381070.5458745395,301.46704829059905,1428.4328132192022,0.9238804444120753,87.3
1518000,6071.999999884064,-1713089.0730348006,333052.8274359473,-1380036.2455988533,302.1018813703436,1428.4328132192022,0.9238804444120753,87.3
1519000,6075.999999883969,-1711709.4616445918,332405.2876466922,-1379304.1739978995,301.5145181279951,1428.4328132192022,0.9238804444120753,87.3
1520000,6079.999999883875,-1714739.01084356,332398.1538185099,-1382340.85702505,301.5080472538943,1428.4328132192022,0.9238804444120753,87.3
1521000,6083.99999988378,-1712996.278278757,330880.828366352,-1382115.4499124049,300.131728436015,1428.4328132192022,0.9238804444120753,87.3
1522000,6087.999999883686,-1713967.3837179001,330792.2221353583,-1383175.161582542,300.0513564743343,1428.4328132192022,0.9238804444120753,87.3
1523000,6091.999999883591,-1712321.3575599585,330878.135725882,-1381443.2218340766,300.1292860254277,1428.4328132192022,0.9238804444120753,87.3
1524000,6095.9999998834965,-1711130.049285626,331573.8820638136,-1379556.1672218125,300.7603759316862,1428.4328132192022,0.9238804444120753,87.3
1525000,6099.999999883402,-1711400.9977417327,331063.6082476445,-1380337.3894940882,300.297522392608,1428.4328132192022,0.9238804444120753,87.3
1526000,6103.999999883307,-1714567.219693374,331095.46174929163,-1383471.7579440824,300.32641571517763,1428.4328132192022,0.9238804444120753,87.3
1527000,6107.999999883213,-1713793.0528219007,331750.5383860088,-1382042.514435892,300.92061539790535,1428.4328132192022,0.9238804444120753,87.3
1528000,6111.999999883118,-1712325.856739208,331545.32083320804,-1380780.535906,300.73446892598196,1428.4328132192022,0.9238804444120753,87.3
1529000,6115.9999998830235,-1712449.103896333,333015.3062767345,-1379433.7976195985,302.06784709152765,1428.4328132192022,0.9238804444120753,87.3
1530000,6119.999999882929,-1712746.98464901,332644.9419776695,-1380102.0426713405,301.73190113243965,1428.4328132192022,0.9238804444120753,87.3
1531000,6123.999999882834,-1711684.8079588376,331429.7800997456,-1380255.027859092,300.62966551319414,1428.4328132192022,0.9238804444120753,87.3
1532000,6127.99999988274,-1713256.1156293899,331418.98650038644,-1381837.1291290035,300.619874974263,1428.4328132192022,0.9238804444120753,87.3
1533000,6131.999999882645,-1712265.2962368578,333833.67939058546,-1378431.6168462723,302.8101679397265,1428.4328132192022,0.9238804444120753,87.3
1534000,6135.999999882551,-1713345.0918473378,332500.92289569025,-1380844.1689516476,301.60126589371754,1428.4328132192022,0.9238804444120753,87.3
1535000,6139.999999882456,-1714746.5223902017,332474.91588905035,-1382271.6065011513,301.5776757452861,1428.4328132192022,0.9238804444120753,87.3
1536000,6143.999999882361,-1710495.0094933435,331455.49050655117,-1379039.5189867923,300.6529866251227,1428.4328132192022,0.9238804444120753,87.3
1537000,6147.999999882267,-1710302.93431204,332969.4730096818,-1377333.4613023582,302.0262731577089,1428.4328132192022,0.9238804444120753,87.3
1538000,6151.999999882172,-1713759.0382192973,331956.36389235395,-1381802.6743269432,301.10731332561727,1428.4328132192022,0.9238804444120753,87.3
1539000,6155.999999882078,-1714345.7814196646,331804.82721939334,-1382540.9542002713,300.96985911347184,1428.4328132192022,0.9238804444120753,87.3
1540000,6159.999999881983,-1711770.2758493815,330452.21568635653,-1381318.0601630248,299.7429471786911,1428.4328132192022,0.9238804444120753,87.3
1541000,6163.9999998818885,-1713321.5660861563,331558.15379040985,-1381763.4122957464,300.74610930310786,1428.4328132192022,0.9238804444120753,87.3
1542000,6167.999999881794,-1712793.3933778014,334106.31440209696,-1378687.0789757045,303.0574666957201,1428.4328132192022,0.9238804444120753,87.3
1543000,6171.999999881699,-1712901.7049559075,331685.3621648743,-1381216.3427910332,300.8614960708697,1428.4328132192022,0.9238804444120753,87.3
1544000,6175.999999881605,-1709972.8292764332,333055.0423951263,-1376917.786881307,302.10389049105964,1428.4328132192022,0.9238804444120753,87.3
1545000,6179.99999988151,-1711829.9255834818,332613.38732482004,-1379216.5382586617,301.7032788863377,1428.4328132192022,0.9238804444120753,87.3
1546000,6183.9999998814155,-1710230.7411053497,330596.2761202875,-1379634.4649850624,299.87361992648493,1428.4328132192022,0.9238804444120753,87.3
1547000,6187.999999881321,-1713691.6697871275,331319.9474229071,-1382371.7223642203,300.53003970138434,1428.4328132192022,0.9238804444120753,87.3
1548000,6191.999999881226,-1713095.17820446,331301.9098671688,-1381793.2683372912,300.5136783944836,1428.4328132192022,0.9238804444120753,87.3
1549000,6195.999999881132,-1709945.3395722099,332968.0155058621,-1376977.324066348,302.02495110123687,1428.4328132192022,0.9238804444120753,87.3
1550000,6199.999999881037,-1711475.950151706,332800.8336265021,-1378675.116525204,301.87330560801433,1428.4328132192022,0.9238804444120753,87.3
1551000,6203.999999880943,-1711055.4253455382,331773.0865768875,-1379282.3387686508,300.941068161926,1428.4328132192022,0.9238804444120753,87.3
1552000,6207.999999880848,-1711289.6285208762,330320.84218651365,-1380968.7863343626,299.62378235498943,1428.4328132192022,0.9238804444120753,87.3
1553000,6211.999999880753,-1710682.9609766193,331518.8839187035,-1379164.0770579157,300.7104888214714,1428.4328132192022,0.9238804444120753,87.3
1554000,6215.999999880659,-1712882.5804829616,330843.1948918395,-1382039.385591122,300.0975922794771,1428.4328132192022,0.9238804444120753,87.3
1555000,6219.999999880564,-1712333.5622307695,331496.0793516127,-1380837.4828791567,300.689803506547,1428.4328132192022,0.9238804444120753,87.3
1556000,6223.99999988047,-1713566.798136821,333514.6941987517,-1380052.1039380692,302.52082637393306,1428.4328132192022,0.9238804444120753,87.3
1557000,6227.999999880375,-1713956.7194009721,331844.0818429445,-1382112.6375580276,301.00546576398006,1428.4328132192022,0.9238804444120753,87.3
1558000,6231.9999998802805,-1716156.0892547872,331780.6368384164,-1384375.4524163709,300.94791676978883,1428.4328132192022,0.9238804444120753,87.3
1559000,6235.999999880186,-1714131.446080422,331237.99583889847,-1382893.4502415236,300.4557039634148,1428.4328132192022,0.9238804444120753,87.3
1560000,6239.999999880091,-1710717.392086191,330153.83128660615,-1380563.560799585,299.4722919519208,1428.4328132192022,0.9238804444120753,87.3
1561000,6243.999999879997,-1713394.4491693173,332028.26867221034,-1381366.1804971069,301.17253591940624,1428.4328132192022,0.9238804444120753,87.3
1562000,6247.999999879902,-1713781.4652107041,331887.96589950094,-1381893.4993112031,301.04527162946374,1428.4328132192022,0.9238804444120753,87.3
1563000,6251.999999879808,-1712145.4042221215,331904.85947418795,-1380240.5447479335,301.0605952666636,1428.4328132192022,0.9238804444120753,87.3
1564000,6255.999999879713,-1712555.2941611502,331676.44969311205,-1380878.844468038,300.853411844389,1428.4328132192022,0.9238804444120753,87.3
1565000,6259.999999879618,-1711986.3911731075,331679.14580405026,-1380307.2453690572,300.8558574029302,1428.4328132192022,0.9238804444120753,87.3
1566000,6263.999999879524,-1711133.0140096117,331079.9077901149,-1380053.1062194968,300.31230720162375,1428.4328132192022,0.9238804444120753,87.3
1567000,6267.999999879429,-1712312.73469593,331869.15464978013,-1380443.58004615,301.0282085287679,1428.4328132192022,0.9238804444120753,87.3
1568000,6271.999999879335,-1711901.4828175995,333064.2615747099,-1378837.2212428898,302.11225292268443,1428.4328132192022,0.9238804444120753,87.3
1569000,6275.99999987924,-1713693.523814816,331605.4405968589,-1382088.083217957,300.7890016973933,1428.4328132192022,0.9238804444120753,87.3
1570000,6279.999999879145,-1712969.9045404084,331363.50677872665,-1381606.3977616818,300.5695510409087,1428.4328132192022,0.9238804444120753,87.3
1571000,6283.999999879051,-1715636.5363902338,332851.40521080175,-1382785.131179432,301.9191775223242,1428.4328132192022,0.9238804444120753,87.3
1572000,6287.999999878956,-1711621.2044190634,331881.3372241798,-1379739.8671948835,301.03925896384277,1428.4328132192022,0.9238804444120753,87.3
1573000,6291.999999878862,-1713282.6419071723,333107.23656850343,-1380175.4053386687,302.1512342055544,1428.4328132192022,0.9238804444120753,87.3
1574000,6295.999999878767,-1713130.7697818335,332907.9826359986,-1380222.7871458349,301.9704971484827,1428.4328132192022,0.9238804444120753,87.3
1575000,6299.9999998786725,-1714932.2764785849,331601.62377845286,-1383330.652700132,300.78553957989624,1428.4328132192022,0.9238804444120753,87.3
1576000,6303.999999878578,-1713732.7422679886,332504.06331589667,-1381228.6789520918,301.60411447140405,1428.4328132192022,0.9238804444120753,87.3
1577000,6307.999999878483,-1713029.9373263177,331712.09635187464,-1381317.8409744431,300.88574582203347,1428.4328132192022,0.9238804444120753,87.3
1578000,6311.999999878389,-1713277.736084748,333050.034402764,-1380227.7016819841,302.0993478966424,1428.4328132192022,0.9238804444120753,87.3
1579000,6315.999999878294,-1716404.3863767125,331817.84883264865,-1384586.5375440638,300.98167061464784,1428.4328132192022,0.9238804444120753,87.3
1580000,6319.9999998782,-1713734.9487476274,331166.67604490893,-1382568.2727027186,300.3910119921469,1428.4328132192022,0.9238804444120753,87.3
1581000,6323.999999878105,-1713937.8372969832,329538.9605135066,-1384398.8767834767,298.9145617600379,1428.4328132192022,0.9238804444120753,87.3
1582000,6327.99999987801,-1713508.6314952094,331008.6216163647,-1382500.0098788447,300.2476457262313,1428.4328132192022,0.9238804444120753,87.3
1583000,6331.999999877916,-1712921.2706751674,330851.9853096534,-1382069.285365514,300.10556579461,1428.4328132192022,0.9238804444120753,87.3
1584000,6335.999999877821,-1712135.926272964,331500.80867268314,-1380635.117600281,300.6940933268857,1428.4328132192022,0.9238804444120753,87.3
1585000,6339.999999877727,-1711878.59030734,332286.4526083047,-1379592.1376990355,301.4067265534693,1428.4328132192022,0.9238804444120753,87.3
1586000,6343.999999877632,-1711408.154989751,331338.9577791795,-1380069.1972105715,300.5472834054527,1428.4328132192022,0.9238804444120753,87.3
1587000,6347.999999877537,-1714491.9870414566,331443.8907224401,-1383048.0963190165,300.64246482102806,1428.4328132192022,0.9238804444120753,87.3
1588000,6351.999999877443,-1710466.1908620652,332091.783642286,-1378374.4072197792,301.23014837717386,1428.4328132192022,0.9238804444120753,87.3
1589000,6355.999999877348,-1713033.6802094057,330616.257562394,-1382417.4226470117,299.8917444723696,1428.4328132192022,0.9238804444120753,87.3
1590000,6359.999999877254,-1712833.9874563906,330861.9705527341,-1381972.0169036565,300.11462309865345,1428.4328132192022,0.9238804444120753,87.3
1591000,6363.999999877159,-1713416.1950841006,332739.1979599192,-1380676.9971241814,301.81739780810904,1428.4328132192022,0.9238804444120753,87.3
1592000,6367.9999998770645,-1711427.6169693302,333376.8177822344,-1378050.7991870958,302.3957629563751,1428.4328132192022,0.9238804444120753,87.3
1593000,6371.99999987697,-1712955.2475773934,331301.47760185925,-1381653.7699755342,300.51328630003934,1428.4328132192022,0.9238804444120753,87.3
1594000,6375.999999876875,-1713684.114853615,330838.68943450943,-1382845.4254191054,300.0935055189883,1428.4328132192022,0.9238804444120753,87.3
1595000,6379.999999876781,-1713449.395012034,330972.08152454393,-1382477.3134874902,300.2145013431931,1428.4328132192022,0.9238804444120753,87.3
1596000,6383.999999876686,-1715015.3458508924,331577.14490644226,-1383438.2009444502,300.7633355549517,1428.4328132192022,0.9238804444120753,87.3
1597000,6387.999999876592,-1713493.4156657662,330977.3657084517,-1382516.0499573145,300.21929446238784,1428.4328132192022,0.9238804444120753,87.3
1598000,6391.999999876497,-1714310.172694005,332372.9765688664,-1381937.1961251386,301.48520975227757,1428.4328132192022,0.9238804444120753,87.3
1599000,6395.999999876402,-1711507.1453828812,331697.4826100068,-1379809.6627728743,300.8724901504149,1428.4328132192022,0.9238804444120753,87.3
1600000,6399.999999876308,-1713732.4933201596,331195.11375988985,-1382537.3795602699,300.4168069606621,1428.4328132192022,0.9238804444120753,87.3
1601000,6403.999999876213,-1712713.3845402617,333439.8808684436,-1379273.5036718182,302.4529655243145,1428.4328132192022,0.9238804444120753,87.3
1602000,6407.999999876119,-1712098.0135575216,334149.64838917134,-1377948.3651683503,303.09677361025143,1428.4328132192022,0.9238804444120753,87.3
1603000,6411.999999876024,-1715008.6118699498,332757.3849318287,-1382251.226938121,301.8338946457806,1428.4328132192022,0.9238804444120753,87.3
1604000,6415.9999998759295,-1711969.1446567066,331752.8002730181,-1380216.3443836886,300.92266708539955,1428.4328132192022,0.9238804444120753,87.3
1605000,6419.999999875835,-1716663.0909179226,332543.81472990965,-1384119.276188013,301.6401717451191,1428.4328132192022,0.9238804444120753,87.3
1606000,6423.99999987574,-1712930.4394976571,330561.07397123065,-1382369.3655264266,299.8416891497964,1428.4328132192022,0.9238804444120753,87.3
1607000,6427.999999875646,-1715419.330751842,331452.2865667074,-1383967.0441851346,300.65008043074494,1428.4328132192022,0.9238804444120753,87.3
1608000,6431.999999875551,-1713423.5319215786,332206.8101632788,-1381216.7217582997,301.3344853637923,1428.4328132192022,0.9238804444120753,87.3
1609000,6435.9999998754565,-1713886.0509575289,331404.5877028934,-1382481.4632546355,300.60681427201456,1428.4328132192022,0.9238804444120753,87.3
1610000,6439.999999875362,-1712257.683318371,331445.82549929945,-1380811.8578190715,300.6442197970592,1428.4328132192022,0.9238804444120753,87.3
1611000,6443.999999875267,-1711293.0215238202,330566.4483408181,-1380726.5731830022,299.8465640736217,1428.4328132192022,0.9238804444120753,87.3
1612000,6447.999999875173,-1712358.8721861374,332003.52739493817,-1380355.344791199,301.15009387479444,1428.4328132192022,0.9238804444120753,87.3
1613000,6451.999999875078,-1712120.1609689668,332958.64785079286,-1379161.513118174,302.0164539921079,1428.4328132192022,0.9238804444120753,87.3
1614000,6455.999999874984,-1711249.2171343118,332683.1540574089,-1378566.0630769029,301.7665621238182,1428.4328132192022,0.9238804444120753,87.3
1615000,6459.999999874889,-1711802.624445133,332019.7699966336,-1379782.8544484994,301.16482703460065,1428.4328132192022,0.9238804444120753,87.3
1616000,6463.999999874794,-1713325.2303535808,330423.6825582719,-1382901.5477953088,299.7170656639113,1428.4328132192022,0.9238804444120753,87.3
1617000,6467.9999998747,-1712760.712829547,332722.45842304407,-1380038.254406503,301.8022138938267,1428.4328132192022,0.9238804444120753,87.3
1618000,6471.999999874605,-1711841.722909186,331961.9922695512,-1379879.730639635,301.11241865186065,1428.4328132192022,0.9238804444120753,87.3
1619000,6475.999999874511,-1711400.966915043,331990.01893033914,-1379410.9479847038,301.13784076587706,1428.4328132192022,0.9238804444120753,87.3
1620000,6479.999999874416,-1713610.026002694,331487.69248471747,-1382122.3335179766,300.6821960399257,1428.4328132192022,0.9238804444120753,87.3
1621000,6483.9999998743215,-1714283.41532523,333573.4029444263,-1380710.0123808037,302.57407925473797,1428.4328132192022,0.9238804444120753,87.3
1622000,6487.999999874227,-1712574.979125196,331782.3312252076,-1380792.6478999886,300.94945369545115,1428.4328132192022,0.9238804444120753,87.3
1623000,6491.999999874132,-1711828.807502959,332132.7686508162,-1379696.0388521426,301.26732460618314,1428.4328132192022,0.9238804444120753,87.3
1624000,6495.999999874038,-1712055.4635665528,331356.9621339149,-1380698.501432638,300.5636145967543,1428.4328132192022,0.9238804444120753,87.3
1625000,6499.999999873943,-1714685.285695536,330487.71193437115,-1384197.573761165,299.77514472341505,1428.4328132192022,0.9238804444120753,87.3
1626000,6503.9999998738485,-1712740.0283251703,331035.82521381153,-1381704.2031113587,300.2723212650399,1428.4328132192022,0.9238804444120753,87.3
1627000,6507.999999873754,-1710039.1509876437,331110.85051226825,-1378928.3004753755,300.34037438438634,1428.4328132192022,0.9238804444120753,87.3
1628000,6511.999999873659,-1710492.1720173787,331819.26400160603,-1378672.9080157727,300.9829542704803,1428.4328132192022,0.9238804444120753,87.3
1629000,6515.999999873565,-1712463.6442019157,332325.73761525966,-1380137.906586656,301.44236076382,1428.4328132192022,0.9238804444120753,87.3
1630000,6519.99999987347,-1711766.4339989163,332152.45073674247,-1379613.9832621738,301.2851776153691,1428.4328132192022,0.9238804444120753,87.3
1631000,6523.999999873376,-1709760.7390244491,333136.2995417856,-1376624.4394826635,302.1775963264658,1428.4328132192022,0.9238804444120753,87.3
1632000,6527.999999873281,-1713011.0985935163,330411.80697409,-1382599.2916194263,299.7062936901336,1428.4328132192022,0.9238804444120753,87.3
1633000,6531.999999873186,-1712452.9097034596,330751.6509250407,-1381701.2587784189,300.0145555888388,1428.4328132192022,0.9238804444120753,87.3
1634000,6535.999999873092,-1712110.191461606,331758.38785286725,-1380351.8036087388,300.92773540563496,1428.4328132192022,0.9238804444120753,87.3
1635000,6539.999999872997,-1712716.3278198782,332525.65937788726,-1380190.6684419909,301.62370358886557,1428.4328132192022,0.9238804444120753,87.3
1636000,6543.999999872903,-1710885.2547235265,332336.21276025893,-1378549.0419632676,301.45186244268655,1428.4328132192022,0.9238804444120753,87.3
1637000,6547.999999872808,-1712566.3180510942,332794.16384281404,-1379772.1542082801,301.86725565426974,1428.4328132192022,0.9238804444120753,87.3
1638000,6551.9999998727135,-1713135.9625872336,331737.18059997656,-1381398.781987257,300.9084989648387,1428.4328132192022,0.9238804444120753,87.3
1639000,6555.999999872619,-1713638.4396858104,331407.48478430614,-1382230.9549015043,300.6094421246349,1428.4328132192022,0.9238804444120753,87.3
1640000,6559.999999872524,-1713385.528875064,332798.5734401181,-1380586.9554349459,301.8712554631046,1428.4328132192022,0.9238804444120753,87.3
1641000,6563.99999987243,-1713304.4497873038,331599.0775198101,-1381705.3722674937,300.7832299477206,1428.4328132192022,0.9238804444120753,87.3
1642000,6567.999999872335,-1714594.594242474,331903.66407434037,-1382690.9301681337,301.05951095656866,1428.4328132192022,0.9238804444120753,87.3
1643000,6571.999999872241,-1712466.9561990704,330892.7257812927,-1381574.2304177778,300.14252021179635,1428.4328132192022,0.9238804444120753,87.2
1644000,6575.999999872146,-1713730.6818431243,331617.2357854442,-1382113.44605768,300.79970074682086,1428.4328132192022,0.9238804444120753,87.2
1645000,6579.999999872051,-1710939.7630699463,331789.69547558913,-1379150.0675943573,300.95613357837624,1428.4328132192022,0.9238804444120753,87.2
1646000,6583.999999871957,-1711995.4319903627,332677.2609886278,-1379318.171001735,301.7612167040554,1428.4328132192022,0.9238804444120753,87.3
1647000,6587.999999871862,-1710563.340929797,332733.8524529763,-1377829.4884768208,301.81254906469263,1428.4328132192022,0.9238804444120753,87.3
1648000,6591.999999871768,-1711270.6838157047,330114.8751729135,-1381155.8086427911,299.4369560704391,1428.4328132192022,0.9238804444120753,87.3
1649000,6595.999999871673,-1709787.7768639792,332922.9478355221,-1376864.829028457,301.98407161643115,1428.4328132192022,0.9238804444120753,87.3
1650000,6599.999999871578,-1712691.039810827,332882.24874329654,-1379808.7910675304,301.9471547332265,1428.4328132192022,0.9238804444120753,87.3
1651000,6603.999999871484,-1709641.7711273152,332016.8416706565,-1377624.9294566587,301.16217084100595,1428.4328132192022,0.9238804444120753,87.3
1652000,6607.999999871389,-1711328.9480723944,330842.3840628183,-1380486.564009576,300.09685680164114,1428.4328132192022,0.9238804444120753,87.2
1653000,6611.999999871295,-1712126.5279979687,332921.7420747977,-1379204.785923171,301.9829779083064,1428.4328132192022,0.9238804444120753,87.2
1654000,6615.9999998712,-1714122.00199854,332454.84365215467,-1381667.1583463852,301.55946884226665,1428.4328132192022,0.9238804444120753,87.2
1655000,6619.9999998711055,-1708780.2869280875,330931.1097372103,-1377849.177190877,300.1773371067208,1428.4328132192022,0.9238804444120753,87.2
1656000,6623.999999871011,-1708678.5387114063,332507.9464849062,-1376170.5922265002,301.6076367734739,1428.4328132192022,0.9238804444120753,87.2
1657000,6627.999999870916,-1711548.370242959,331297.30815692793,-1380251.0620860308,300.50950432596716,1428.4328132192022,0.9238804444120753,87.2
1658000,6631.999999870822,-1713536.593751438,329773.73360974964,-1383762.8601416883,299.12751714797497,1428.4328132192022,0.9238804444120753,87.2
1659000,6635.999999870727,-1712207.6041971613,332992.6429245512,-1379214.9612726101,302.0472898682624,1428.4328132192022,0.9238804444120753,87.2
1660000,6639.999999870633,-1714692.1108509935,331365.51283092366,-1383326.5980200698,300.57137066858616,1428.4328132192022,0.9238804444120753,87.2
1661000,6643.999999870538,-1712105.5441500917,333748.7197700455,-1378356.8243800462,302.73310370519283,1428.4328132192022,0.9238804444120753,87.2
1662000,6647.999999870443,-1712537.7133360673,332450.5580230088,-1380087.1553130585,301.5555814811,1428.4328132192022,0.9238804444120753,87.2
1663000,6651.999999870349,-1713127.2002714835,331684.9137629565,-1381442.2865085271,300.8610893394091,1428.4328132192022,0.9238804444120753,87.2
1664000,6655.999999870254,-1712752.4891570713,329574.9394852034,-1383177.5496718679,298.94719716842957,1428.4328132192022,0.9238804444120753,87.2
1665000,6659.99999987016,-1713649.5047152434,332457.8454525452,-1381191.6592626981,301.56219168222106,1428.4328132192022,0.9238804444120753,87.2
1666000,6663.999999870065,-1713188.459777465,332016.89055592136,-1381171.5692215436,301.1622151833122,1428.4328132192022,0.9238804444120753,87.2
1667000,6667.99999986997,-1713295.9098957106,329824.6518950182,-1383471.2580006924,299.17370354397167,1428.4328132192022,0.9238804444120753,87.2
1668000,6671.999999869876,-1713181.5091578774,331173.0160101319,-1382008.4931477455,300.39676277779984,1428.4328132192022,0.9238804444120753,87.2
1669000,6675.999999869781,-1711060.7038630974,331402.1984062015,-1379658.5054568958,300.6046470151523,1428.4328132192022,0.9238804444120753,87.2
1670000,6679.999999869687,-1713824.8055425491,333265.13660603017,-1380559.668936519,302.2944604281705,1428.4328132192022,0.9238804444120753,87.2
1671000,6683.999999869592,-1714215.2839600649,330119.58211620187,-1384095.701843863,299.4412255925863,1428.4328132192022,0.9238804444120753,87.2
1672000,6687.9999998694975,-1713165.539292479,330512.8797494371,-1382652.6595430418,299.7979736672193,1428.4328132192022,0.9238804444120753,87.2
1673000,6691.999999869403,-1713309.5496054068,331678.5937421187,-1381630.9558632881,300.8553566446888,1428.4328132192022,0.9238804444120753,87.2
1674000,6695.999999869308,-1714059.6823478416,330888.815835205,-1383170.8665126367,300.13897362107,1428.4328132192022,0.9238804444120753,87.2
1675000,6699.999999869214,-1713412.0945541728,331300.1459134695,-1382111.9486407032,300.51207836683835,1428.4328132192022,0.9238804444120753,87.2
1676000,6703.999999869119,-1712072.4258913063,331107.14864852367,-1380965.2772427825,300.33701653869434,1428.4328132192022,0.9238804444120753,87.2
1677000,6707.999999869025,-1715096.4148117471,331122.0738642767,-1383974.3409474704,300.35055473860564,1428.4328132192022,0.9238804444120753,87.2
1678000,6711.99999986893,-1715030.1117130537,332725.74459593697,-1382304.3671171167,301.80519467925075,1428.4328132192022,0.9238804444120753,87.2
1679000,6715.999999868835,-1713611.098370431,333242.2844029275,-1380368.8139675036,302.27373190409844,1428.4328132192022,0.9238804444120753,87.2
1680000,6719.999999868741,-1712899.043092532,332888.0671860659,-1380010.9759064661,301.9524324620505,1428.4328132192022,0.9238804444120753,87.2
1681000,6723.999999868646,-1714659.1215518508,331412.5666106646,-1383246.5549411862,300.6140516915781,1428.4328132192022,0.9238804444120753,87.2
1682000,6727.999999868552,-1714035.047065895,331733.130479967,-1382301.916585928,300.9048252266991,1428.4328132192022,0.9238804444120753,87.2
1683000,6731.999999868457,-1714140.3461774196,331073.0854329185,-1383067.2607445011,300.3061188531858,1428.4328132192022,0.9238804444120753,87.2
1684000,6735.9999998683625,-1711322.7814025357,331470.1969313089,-1379852.584471227,300.6663263665137,1428.4328132192022,0.9238804444120753,87.2
1685000,6739.999999868268,-1712616.0460067466,332939.10377382854,-1379676.942232918,301.9987261665674,1428.4328132192022,0.9238804444120753,87.2
1686000,6743.999999868173,-1712275.493735632,331556.3163659208,-1380719.177369711,300.7444426323899,1428.4328132192022,0.9238804444120753,87.2
1687000,6747.999999868079,-1713204.2186078057,331836.4663589775,-1381367.7522488283,300.99855799486824,1428.4328132192022,0.9238804444120753,87.2
1688000,6751.999999867984,-1713679.3847957626,331501.1013491325,-1382178.28344663,300.6943588046078,1428.4328132192022,0.9238804444120753,87.2
1689000,6755.9999998678895,-1713883.49341839,332078.1406452457,-1381805.3527731444,301.21777323805514,1428.4328132192022,0.9238804444120753,87.2
1690000,6759.999999867795,-1712383.1965277102,332427.7416788818,-1379955.4548488283,301.53488548359167,1428.4328132192022,0.9238804444120753,87.2
1691000,6763.9999998677,-1714991.9227296151,331376.51777470956,-1383615.4049549056,300.5813529114864,1428.4328132192022,0.9238804444120753,87.2
1692000,6767.999999867606,-1713178.5831924044,330842.62937293487,-1382335.9538194695,300.09707931483314,1428.4328132192022,0.9238804444120753,87.2
1693000,6771.999999867511,-1712376.1338856798,331012.8894950668,-1381363.244390613,300.25151698652144,1428.4328132192022,0.9238804444120753,87.2
1694000,6775.999999867417,-1712912.881169064,331082.41146841936,-1381830.4697006447,300.3145782104962,1428.4328132192022,0.9238804444120753,87.2
1695000,6779.999999867322,-1714281.9867958166,332186.434126708,-1382095.5526691086,301.31600289351786,1428.4328132192022,0.9238804444120753,87.2
1696000,6783.999999867227,-1712689.1404440477,331978.04591241374,-1380711.094531634,301.1269804129751,1428.4328132192022,0.9238804444120753,87.2
1697000,6787.999999867133,-1713209.4643208943,331552.8455296157,-1381656.6187912787,300.74129434451686,1428.4328132192022,0.9238804444120753,87.2
1698000,6791.999999867038,-1713015.043639617,333238.9517997749,-1379776.091839842,302.2707090032271,1428.4328132192022,0.9238804444120753,87.2
1699000,6795.999999866944,-1711759.122211421,332093.5261313278,-1379665.5960800932,301.23172893489453,1428.4328132192022,0.9238804444120753,87.2
1700000,6799.999999866849,-1713941.407261895,331862.28555479686,-1382079.121707098,301.02197778593427,1428.4328132192022,0.9238804444120753,87.2
1701000,6803.9999998667545,-1711308.8388429321,331428.12877451035,-1379880.710068422,300.62816764733253,1428.4328132192022,0.9238804444120753,87.2
1702000,6807.99999986666,-1713160.8809715845,332976.8233878453,-1380184.057583739,302.03294045757565,1428.4328132192022,0.9238804444120753,87.2
1703000,6811.999999866565,-1715489.860778464,331555.210931548,-1383934.649846916,300.74343992718445,1428.4328132192022,0.9238804444120753,87.2
1704000,6815.999999866471,-1711438.1161965746,332348.14473469503,-1379089.9714618796,301.4626855663134,1428.4328132192022,0.9238804444120753,87.2
1705000,6819.999999866376,-1712790.8560278323,332634.5525066046,-1380156.3035212276,301.72247716573946,1428.4328132192022,0.9238804444120753,87.2
1706000,6823.9999998662815,-1710382.0574469212,330439.3550204859,-1379942.7024264354,299.7312816678918,1428.4328132192022,0.9238804444120753,87.2
1707000,6827.999999866187,-1713775.6925652158,331799.89340067876,-1381975.7991645369,300.9653837996681,1428.4328132192022,0.9238804444120753,87.2
1708000,6831.999999866092,-1713623.9797687717,331689.57480415405,-1381934.4049646177,300.8653172251945,1428.4328132192022,0.9238804444120753,87.2
1709000,6835.999999865998,-1711675.3996605314,332114.1358293247,-1379561.2638312066,301.25042335219547,1428.4328132192022,0.9238804444120753,87.2
1710000,6839.999999865903,-1712657.506172305,333450.0883671474,-1379207.4178051576,302.46222442953456,1428.4328132192022,0.9238804444120753,87.2
1711000,6843.999999865809,-1711422.6809034552,333556.38298634987,-1377866.2979171053,302.5586409790887,1428.4328132192022,0.9238804444120753,87.2
1712000,6847.999999865714,-1713075.5903044697,330586.6928419176,-1382488.897462552,299.8649272321532,1428.4328132192022,0.9238804444120753,87.2
1713000,6851.999999865619,-1714970.026362216,331509.8721272588,-1383460.1542349574,300.70231450518975,1428.4328132192022,0.9238804444120753,87.2
1714000,6855.999999865525,-1714214.7920070905,332616.8817071271,-1381597.9102999633,301.70644853205823,1428.4328132192022,0.9238804444120753,87.2
1715000,6859.99999986543,-1715102.7679242194,330813.9429822186,-1384288.8249420007,300.0710587802776,1428.4328132192022,0.9238804444120753,87.2
1716000,6863.999999865336,-1715109.7959319353,330596.5198445094,-1384513.2760874259,299.87384100116117,1428.4328132192022,0.9238804444120753,87.2
1717000,6867.999999865241,-1711892.9975552522,332736.92708897934,-1379156.0704662728,301.8153379715702,1428.4328132192022,0.9238804444120753,87.2
1718000,6871.9999998651465,-1712601.8092721459,331740.40625820606,-1380861.4030139397,300.9114248592901,1428.4328132192022,0.9238804444120753,87.2
1719000,6875.999999865052,-1712506.4958538432,330752.02776402433,-1381754.468089819,300.0148974077833,1428.4328132192022,0.9238804444120753,87.2
1720000,6879.999999864957,-1711053.3386593796,332142.3756861293,-1378910.9629732503,301.27603884970074,1428.4328132192022,0.9238804444120753,87.2
1721000,6883.999999864863,-1714014.081625294,332279.2131258011,-1381734.8684994928,301.4001598436133,1428.4328132192022,0.9238804444120753,87.2
1722000,6887.999999864768,-1712339.7976528425,330407.78740104276,-1381932.0102517996,299.7026476601953,1428.4328132192022,0.9238804444120753,87.2
1723000,6891.999999864674,-1714939.5233350676,331111.04962696356,-1383828.4737081039,300.3405549951457,1428.4328132192022,0.9238804444120753,87.2
1724000,6895.999999864579,-1713931.6870300192,330902.9580662674,-1383028.7289637518,300.1518015998733,1428.4328132192022,0.9238804444120753,87.2
1725000,6899.999999864484,-1712381.2671128288,332336.69955856097,-1380044.5675542678,301.4523040023155,1428.4328132192022,0.9238804444120753,87.2
1726000,6903.99999986439,-1710992.1596351583,332519.5737783622,-1378472.585856796,301.6181835304414,1428.4328132192022,0.9238804444120753,87.2
1727000,6907.999999864295,-1712651.8260144014,333162.7322904735,-1379489.0937239279,302.20157265229335,1428.4328132192022,0.9238804444120753,87.2
1728000,6911.999999864201,-1711928.356993528,332191.96945576055,-1379736.3875377676,301.32102381867753,1428.4328132192022,0.9238804444120753,87.2
1729000,6915.999999864106,-1711432.605072789,330715.9992939143,-1380716.6057788746,299.9822171009174,1428.4328132192022,0.9238804444120753,87.2
1730000,6919.999999864011,-1711987.2129556108,331761.04413109843,-1380226.1688245125,300.93014483316404,1428.4328132192022,0.9238804444120753,87.2
1731000,6923.999999863917,-1711461.8890886344,330534.0638491359,-1380927.8252394986,299.81718910647385,1428.4328132192022,0.9238804444120753,87.2
1732000,6927.999999863822,-1709959.6245796923,332143.71613202954,-1377815.9084476628,301.27725472656766,1428.4328132192022,0.9238804444120753,87.2
1733000,6931.999999863728,-1712195.7452152446,330700.41237411345,-1381495.3328411311,299.96807868980454,1428.4328132192022,0.9238804444120753,87.2
1734000,6935.999999863633,-1712292.6461162232,332619.38593734696,-1379673.260178876,301.7087200415561,1428.4328132192022,0.9238804444120753,87.2
1735000,6939.9999998635385,-1713334.7341657374,331410.4019123779,-1381924.3322533595,300.6120881609573,1428.4328132192022,0.9238804444120753,87.2
1736000,6943.999999863444,-1714283.5958498176,330973.0435839011,-1383310.5522659165,300.21537399737235,1428.4328132192022,0.9238804444120753,87.2
1737000,6947.999999863349,-1715733.8599952813,332604.31671643525,-1383129.543278846,301.6950512190355,1428.4328132192022,0.9238804444120753,87.2
1738000,6951.999999863255,-1711784.1273624618,331571.74272549775,-1380212.384636964,300.75843540430776,1428.4328132192022,0.9238804444120753,87.2
1739000,6955.99999986316,-1710460.5025799852,332102.04024047666,-1378358.4623395086,301.23945181901433,1428.4328132192022,0.9238804444120753,87.2
1740000,6959.999999863066,-1711769.121624533,331353.4488369525,-1380415.6727875806,300.5604277941371,1428.4328132192022,0.9238804444120753,87.2
1741000,6963.999999862971,-1711570.3175613582,331328.4436537732,-1380241.873907585,300.5377463686689,1428.4328132192022,0.9238804444120753,87.2
1742000,6967.999999862876,-1714716.660606172,330587.9714006908,-1384128.6892054812,299.8660869731282,1428.4328132192022,0.9238804444120753,87.2
1743000,6971.999999862782,-1711892.3320403583,331560.180766124,-1380332.1512742343,300.74794790985817,1428.4328132192022,0.9238804444120753,87.2
1744000,6975.999999862687,-1711659.4368326366,332797.2624973892,-1378862.1743352474,301.8700663476486,1428.4328132192022,0.9238804444120753,87.2
1745000,6979.999999862593,-1713434.2253429778,330463.8873661675,-1382970.3379768103,299.7535341971433,1428.4328132192022,0.9238804444120753,87.2
1746000,6983.999999862498,-1713495.8593051415,331363.5877792403,-1382132.2715259013,300.56962451396026,1428.4328132192022,0.9238804444120753,87.2
1747000,6987.9999998624035,-1713693.677774284,333192.7553626419,-1380500.922411642,302.2288056491018,1428.4328132192022,0.9238804444120753,87.2
1748000,6991.999999862309,-1712058.9714078568,333418.73884969414,-1378640.2325581627,302.4337882553829,1428.4328132192022,0.9238804444120753,87.2
1749000,6995.999999862214,-1712008.9925402775,332172.132218011,-1379836.8603222666,301.3030300760888,1428.4328132192022,0.9238804444120753,87.2
1750000,6999.99999986212,-1714107.932812618,330218.65069784666,-1383889.2821147714,299.53108762777754,1428.4328132192022,0.9238804444120753,87.2
1751000,7003.999999862025,-1710063.9983317032,331018.45099614316,-1379045.54733556,300.2565616515115,1428.4328132192022,0.9238804444120753,87.2
1752000,7007.9999998619305,-1712482.8569713663,330203.6003419186,-1382279.2566294477,299.51743591709794,1428.4328132192022,0.9238804444120753,87.2
1753000,7011.999999861836,-1714878.1265888996,330492.12291683117,-1384386.0036720685,299.77914578868183,1428.4328132192022,0.9238804444120753,87.2
1754000,7015.999999861741,-1711209.9339319952,331166.2290266352,-1380043.70490536,300.3906065157468,1428.4328132192022,0.9238804444120753,87.2
1755000,7019.999999861647,-1714447.5271921642,331172.35175209004,-1383275.1754400742,300.39616024994945,1428.4328132192022,0.9238804444120753,87.2
1756000,7023.999999861552,-1713583.9903779496,334032.91903161106,-1379551.0713463384,302.9908920334409,1428.4328132192022,0.9238804444120753,87.2
1757000,7027.999999861458,-1714493.6858880147,330256.4321292768,-1384237.2537587378,299.56535799144257,1428.4328132192022,0.9238804444120753,87.2
1758000,7031.999999861363,-1713183.2821558807,332471.2211211588,-1380712.0610347218,301.5743243360222,1428.4328132192022,0.9238804444120753,87.2
1759000,7035.999999861268,-1713129.2999121156,331376.9917185082,-1381752.3081936073,300.5817828111943,1428.4328132192022,0.9238804444120753,87.2
1760000,7039.999999861174,-1713134.780556308,331180.2996562447,-1381954.4809000634,300.40336954709477,1428.4328132192022,0.9238804444120753,87.2
1761000,7043.999999861079,-1713558.1770848408,331162.95920750865,-1382395.2178773321,300.3876405643166,1428.4328132192022,0.9238804444120753,87.2
1762000,7047.999999860985,-1713353.1910412721,331647.61795467295,-1381705.5730865991,300.8272594694259,1428.4328132192022,0.9238804444120753,87.2
1763000,7051.99999986089,-1712883.1364057101,332187.4027618479,-1380695.7336438622,301.3168815123855,1428.4328132192022,0.9238804444120753,87.2
1764000,7055.9999998607955,-1712689.802940648,331230.032799884,-1381459.770140764,300.448480937908,1428.4328132192022,0.9238804444120753,87.2
1765000,7059.999999860701,-1713722.9312644769,332557.7702424417,-1381165.1610220352,301.65283035733955,1428.4328132192022,0.9238804444120753,87.2
1766000,7063.999999860606,-1712042.3258241992,332721.7370808526,-1379320.5887433467,301.8015595867163,1428.4328132192022,0.9238804444120753,87.2
1767000,7067.999999860512,-1712252.709684845,331882.98469496536,-1380369.7249898796,301.04075333345264,1428.4328132192022,0.9238804444120753,87.2
1768000,7071.999999860417,-1710780.2050046865,332257.0913350801,-1378523.1136696064,301.3800938539397,1428.4328132192022,0.9238804444120753,87.2
1769000,7075.9999998603225,-1710757.0886275563,332519.6862821994,-1378237.402345357,301.6182855791799,1428.4328132192022,0.9238804444120753,87.2
1770000,7079.999999860228,-1713397.0676189773,330379.98668788694,-1383017.0809310903,299.6774304962622,1428.4328132192022,0.9238804444120753,87.2
1771000,7083.999999860133,-1714287.0883722715,331844.7671098984,-1382442.3212623731,301.00608734836237,1428.4328132192022,0.9238804444120753,87.2
1772000,7087.999999860039,-1712371.6361334343,330554.1241478402,-1381817.511985594,299.83538518073055,1428.4328132192022,0.9238804444120753,87.2
1773000,7091.999999859944,-1712150.3712546956,331303.13117374305,-1380847.2400809526,300.5147862037661,1428.4328132192022,0.9238804444120753,87.2
1774000,7095.99999985985,-1712366.076723935,331921.9115324099,-1380444.1651915251,301.0760626593585,1428.4328132192022,0.9238804444120753,87.2
1775000,7099.999999859755,-1714259.1672378164,331476.7568161057,-1382782.4104217107,300.67227663438547,1428.4328132192022,0.9238804444120753,87.1
1776000,7103.99999985966,-1711717.4732264858,333085.64020303753,-1378631.8330234482,302.1316448128198,1428.4328132192022,0.9238804444120753,87.1
1777000,7107.999999859566,-1712320.6496104356,331522.5208655147,-1380798.128744921,300.7137877830282,1428.4328132192022,0.9238804444120753,87.1
1778000,7111.999999859471,-1713615.0431435443,333144.6871513732,-1380470.3559921712,302.1852044667603,1428.4328132192022,0.9238804444120753,87.1
1779000,7115.999999859377,-1709926.4558815341,330382.5332164684,-1379543.9226650656,299.6797403732909,1428.4328132192022,0.9238804444120753,87.1
1780000,7119.999999859282,-1711617.712616019,331970.8476212595,-1379646.8649947594,301.1204510665135,1428.4328132192022,0.9238804444120753,87.1
1781000,7123.9999998591875,-1710515.431242399,331503.3875815686,-1379012.0436608302,300.696432575083,1428.4328132192022,0.9238804444120753,87.1
1782000,7127.999999859093,-1710461.8062243722,331212.15924015496,-1379249.6469842172,300.43226838669653,1428.4328132192022,0.9238804444120753,87.1
1783000,7131.999999858998,-1712177.2685352918,332369.6335840446,-1379807.6349512471,301.4821774345163,1428.4328132192022,0.9238804444120753,87.1
1784000,7135.999999858904,-1710935.1080671567,331334.1698094638,-1379600.9382576928,300.5429403867484,1428.4328132192022,0.9238804444120753,87.1
1785000,7139.999999858809,-1715555.3882748522,331460.858812644,-1384094.5294622083,300.65785604894023,1428.4328132192022,0.9238804444120753,87.1
1786000,7143.999999858715,-1712388.534395624,333262.495408823,-1379126.038986801,302.29206468017014,1428.4328132192022,0.9238804444120753,87.1
1787000,7147.99999985862,-1713214.9936690703,330738.5037280044,-1382476.489941066,300.0026301745134,1428.4328132192022,0.9238804444120753,87.1
1788000,7151.999999858525,-1712462.1475307178,332437.57076826575,-1380024.576762452,301.543801145464,1428.4328132192022,0.9238804444120753,87.1
1789000,7155.999999858431,-1711029.1147210132,333488.1215816681,-1377540.9931393452,302.49672317782546,1428.4328132192022,0.9238804444120753,87.1
1790000,7159.999999858336,-1711899.3040287122,330047.05474131077,-1381852.2492874013,299.3754382621675,1428.4328132192022,0.9238804444120753,87.1
1791000,7163.999999858242,-1712193.4021742605,330640.41565545654,-1381552.986518804,299.9136575286877,1428.4328132192022,0.9238804444120753,87.1
1792000,7167.999999858147,-1713059.8861795813,333700.38727172714,-1379359.498907854,302.68926279627243,1428.4328132192022,0.9238804444120753,87.1
1793000,7171.999999858052,-1712960.7503359057,331439.61714465823,-1381521.1331912475,300.6385883912796,1428.4328132192022,0.9238804444120753,87.1
1794000,7175.999999857958,-1713570.8236499988,331528.29210796603,-1382042.5315420327,300.7190226979089,1428.4328132192022,0.9238804444120753,87.1
1795000,7179.999999857863,-1711511.3395136874,331481.1877285699,-1380030.1517851176,300.6762957775404,1428.4328132192022,0.9238804444120753,87.1
1796000,7183.999999857769,-1712596.8431492355,332271.8447349466,-1380324.9984142887,301.39347620499376,1428.4328132192022,0.9238804444120753,87.1
1797000,7187.999999857674,-1713749.9284134246,333162.5955433148,-1380587.33287011,302.2014486131906,1428.4328132192022,0.9238804444120753,87.1
1798000,7191.9999998575795,-1714360.598413119,332646.9284321213,-1381713.6699809977,301.7337029836107,1428.4328132192022,0.9238804444120753,87.1
1799000,7195.999999857485,-1712971.6116783358,330841.97747563804,-1382129.6342026978,300.09648799903096,1428.4328132192022,0.9238804444120753,87.1
1800000,7199.99999985739,-1712016.5107516628,332686.2591124136,-1379330.2516392493,301.769378622828,1428.4328132192022,0.9238804444120753,87.1
1801000,7203.999999857296,-1711949.6311324723,330094.53559738514,-1381855.0955350872,299.4185066728445,1428.4328132192022,0.9238804444120753,87.1
1802000,7207.999999857201,-1712450.672412036,331484.8021429345,-1380965.8702691016,300.6795743006144,1428.4328132192022,0.9238804444120753,87.1
1803000,7211.999999857107,-1713643.908523187,331894.6367860922,-1381749.271737095,301.0513225836176,1428.4328132192022,0.9238804444120753,87.1
1804000,7215.999999857012,-1714387.1239744872,331793.4268472164,-1382593.6971272707,300.95951818975266,1428.4328132192022,0.9238804444120753,87.1
1805000,7219.999999856917,-1712329.3463678062,331776.205071096,-1380553.1412967101,300.9438968512204,1428.4328132192022,0.9238804444120753,87.1
1806000,7223.999999856823,-1712090.302440362,331855.12494299235,-1380235.1774973697,301.0154826172412,1428.4328132192022,0.9238804444120753,87.1
1807000,7227.999999856728,-1712566.1928230394,332988.7667676755,-1379577.4260553638,302.04377392668147,1428.4328132192022,0.9238804444120753,87.1
1808000,7231.999999856634,-1712341.4025940932,332033.5447847504,-1380307.857809343,301.1773217173139,1428.4328132192022,0.9238804444120753,87.1
1809000,7235.999999856539,-1710465.754172394,331403.10664868215,-1379062.647523712,300.6054708537134,1428.4328132192022,0.9238804444120753,87.1
1810000,7239.999999856444,-1712259.65334953,332505.48532220366,-1379754.1680273262,301.6054043291842,1428.4328132192022,0.9238804444120753,87.1
1811000,7243.99999985635,-1712500.8613931779,330369.8405914097,-1382131.0208017682,299.6682272870959,1428.4328132192022,0.9238804444120753,87.1
1812000,7247.999999856255,-1709843.8643626012,330768.85775065655,-1379075.0066119446,300.03016336623244,1428.4328132192022,0.9238804444120753,87.1
1813000,7251.999999856161,-1712309.1889260989,333587.28156366973,-1378721.9073624292,302.5866681194431,1428.4328132192022,0.9238804444120753,87.1
1814000,7255.999999856066,-1712069.4332271088,331663.18954533216,-1380406.2436817766,300.84138397595024,1428.4328132192022,0.9238804444120753,87.1
1815000,7259.9999998559715,-1712987.1153538004,333390.9784287293,-1379596.136925071,302.4086076392456,1428.4328132192022,0.9238804444120753,87.1
1816000,7263.999999855877,-1709992.8373489883,331267.5942415185,-1378725.2431074698,300.4825517556582,1428.4328132192022,0.9238804444120753,87.1
1817000,7267.999999855782,-1715955.1788754184,332793.264779391,-1383161.9140960274,301.86644014174686,1428.4328132192022,0.9238804444120753,87.1
1818000,7271.999999855688,-1710919.688964637,331828.26677351154,-1379091.4221911253,300.991120405418,1428.4328132192022,0.9238804444120753,87.1
1819000,7275.999999855593,-1711823.5053032413,332246.05396715,-1379577.4513360914,301.3700822001047,1428.4328132192022,0.9238804444120753,87.1
1820000,7279.999999855499,-1712644.860085545,332538.74557510717,-1380106.114510438,301.63557367215105,1428.4328132192022,0.9238804444120753,87.1
1821000,7283.999999855404,-1711390.516966464,331573.07245230215,-1379817.444514162,300.75964155821555,1428.4328132192022,0.9238804444120753,87.1
1822000,7287.999999855309,-1711719.8001469579,332481.4399567824,-1379238.3601901755,301.58359352461025,1428.4328132192022,0.9238804444120753,87.1
1823000,7291.999999855215,-1714208.8061936442,331208.5010475882,-1383000.305146056,300.4289501537743,1428.4328132192022,0.9238804444120753,87.1
1824000,7295.99999985512,-1711787.426682463,333448.92527487857,-1378338.5014075844,302.46116942464147,1428.4328132192022,0.9238804444120753,87.1
1825000,7299.999999855026,-1713700.7889219988,330612.0250788869,-1383088.763843112,299.8879053179621,1428.4328132192022,0.9238804444120753,87.1
1826000,7303.999999854931,-1713513.1229055487,332463.4401089405,-1381049.6827966082,301.5672664213717,1428.4328132192022,0.9238804444120753,87.1
1827000,7307.9999998548365,-1712290.2830947954,330736.41787563683,-1381553.8652191586,300.0007381625784,1428.4328132192022,0.9238804444120753,87.1
1828000,7311.999999854742,-1712770.7421950828,331351.03276093496,-1381419.709434148,300.5582362465797,1428.4328132192022,0.9238804444120753,87.1
1829000,7315.999999854647,-1713092.450591201,332338.96891512995,-1380753.481676071,301.4543624652154,1428.4328132192022,0.9238804444120753,87.1
1830000,7319.999999854553,-1714317.1593468785,331294.8301394663,-1383022.3292074122,300.50725659324866,1428.4328132192022,0.9238804444120753,87.1
1831000,7323.999999854458,-1713480.6511734016,332019.09248471097,-1381461.5586886907,301.16421248456646,1428.4328132192022,0.9238804444120753,87.1
1832000,7327.9999998543635,-1714405.3832999524,331394.0403693082,-1383011.3429306443,300.59724711312253,1428.4328132192022,0.9238804444120753,87.1
1833000,7331.999999854269,-1711998.6250415947,332085.9329951832,-1379912.6920464116,301.2248414367987,1428.4328132192022,0.9238804444120753,87.1
1834000,7335.999999854174,-1711597.3769808803,331346.4367906086,-1380250.9401902717,300.5540673845617,1428.4328132192022,0.9238804444120753,87.1
1835000,7339.99999985408,-1710732.0484795496,332180.5972133133,-1378551.4512662364,301.31070841056294,1428.4328132192022,0.9238804444120753,87.1
1836000,7343.999999853985,-1713749.9429958444,330213.3612228574,-1383536.581772987,299.526289709207,1428.4328132192022,0.9238804444120753,87.1
1837000,7347.999999853891,-1714421.7350403573,331625.24225376063,-1382796.4927865968,300.8069631656994,1428.4328132192022,0.9238804444120753,87.1
1838000,7351.999999853796,-1711360.607270779,330822.74044128566,-1380537.8668294935,300.07903868231267,1428.4328132192022,0.9238804444120753,87.1
1839000,7355.999999853701,-1711420.131232353,330358.95172535244,-1381061.1795070004,299.6583503347,1428.4328132192022,0.9238804444120753,87.1
1840000,7359.999999853607,-1711892.09840695,332193.5232115347,-1379698.5751954154,301.3224331823097,1428.4328132192022,0.9238804444120753,87.1
1841000,7363.999999853512,-1713305.9246392716,331848.3830402302,-1381457.5415990413,301.00936724652314,1428.4328132192022,0.9238804444120753,87.1
1842000,7367.999999853418,-1708624.1365512647,332043.48829673365,-1376580.648254531,301.1863411683742,1428.4328132192022,0.9238804444120753,87.1
1843000,7371.999999853323,-1714307.7708518188,332641.12132329587,-1381666.649528523,301.72843553545545,1428.4328132192022,0.9238804444120753,87.1
1844000,7375.9999998532285,-1712904.4525962379,331722.8971493941,-1381181.5554468438,300.8955428901924,1428.4328132192022,0.9238804444120753,87.1
1845000,7379.999999853134,-1715674.7492908426,332977.21630460094,-1382697.5329862416,302.03329686016804,1428.4328132192022,0.9238804444120753,87.1
1846000,7383.999999853039,-1711991.484754093,331963.28171142377,-1380028.2030426692,301.11358826455734,1428.4328132192022,0.9238804444120753,87.1
1847000,7387.999999852945,-1711462.5675783567,331576.41596229863,-1379886.151616058,300.7626743523464,1428.4328132192022,0.9238804444120753,87.1
1848000,7391.99999985285,-1711790.5799512751,332707.72387099505,-1379082.8560802802,301.78884863904295,1428.4328132192022,0.9238804444120753,87.1
1849000,7395.9999998527555,-1710479.993882969,332194.25662343093,-1378285.7372595381,301.32309843747464,1428.4328132192022,0.9238804444120753,87.1
1850000,7399.999999852661,-1713365.4847633187,331622.4435969733,-1381743.0411663454,300.80442459100163,1428.4328132192022,0.9238804444120753,87.1
1851000,7403.999999852566,-1712658.8734676111,331941.45906256593,-1380717.414405045,301.09379361718203,1428.4328132192022,0.9238804444120753,87.1
1852000,7407.999999852472,-1712484.0427690633,330908.1598256396,-1381575.8829434237,300.1565199543304,1428.4328132192022,0.9238804444120753,87.1
1853000,7411.999999852377,-1712058.8139942344,331475.98064258456,-1380582.8333516498,300.67157259147785,1428.4328132192022,0.9238804444120753,87.1
1854000,7415.999999852283,-1714251.463316312,332035.589706367,-1382215.8736099452,301.17917660223526,1428.4328132192022,0.9238804444120753,87.1
1855000,7419.999999852188,-1714179.4744317941,333913.2753143727,-1380266.1991174214,302.882366931432,1428.4328132192022,0.9238804444120753,87.1
1856000,7423.999999852093,-1712885.9018032271,332342.8663560669,-1380543.0354471602,301.4578977129076,1428.4328132192022,0.9238804444120753,87.1
1857000,7427.999999851999,-1712675.1203937512,332549.63843666867,-1380125.4819570826,301.6454542487448,1428.4328132192022,0.9238804444120753,87.1
1858000,7431.999999851904,-1713851.224123301,332256.78959790256,-1381594.4345253985,301.3798201575123,1428.4328132192022,0.9238804444120753,87.1
1859000,7435.99999985181,-1714255.8028299399,331363.7462316639,-1382892.056598276,300.5697682412352,1428.4328132192022,0.9238804444120753,87.1
1860000,7439.999999851715,-1712129.039890457,331558.0813554616,-1380570.9585349953,300.74604359961484,1428.4328132192022,0.9238804444120753,87.1
1861000,7443.9999998516205,-1712412.0939103235,330894.1401395014,-1381517.953770822,300.14380313222387,1428.4328132192022,0.9238804444120753,87.1
1862000,7447.999999851526,-1712319.2650739998,332305.47488478466,-1380013.790189215,301.42398106998786,1428.4328132192022,0.9238804444120753,87.1
1863000,7451.999999851431,-1713309.8771030996,331718.35217183246,-1381591.5249312671,300.89142028212837,1428.4328132192022,0.9238804444120753,87.1
1864000,7455.999999851337,-1711819.0020063426,331402.29487828625,-1380416.7071280563,300.60473452198573,1428.4328132192022,0.9238804444120753,87.1
1865000,7459.999999851242,-1713172.450617114,332551.16023214534,-1380621.2903849687,301.6468346221831,1428.4328132192022,0.9238804444120753,87.1
1866000,7463.999999851148,-1711170.0536348633,332655.3522852374,-1378514.7013496258,301.7413439992849,1428.4328132192022,0.9238804444120753,87.1
1867000,7467.999999851053,-1714659.0119722988,330847.1075152033,-1383811.9044570955,300.1011412986774,1428.4328132192022,0.9238804444120753,87.1
1868000,7471.999999850958,-1714352.4703320153,332136.4736279384,-1382215.9967040769,301.27068527592337,1428.4328132192022,0.9238804444120753,87.1
1869000,7475.999999850864,-1713120.7872479055,332722.06813258294,-1380398.7191153225,301.8018598734646,1428.4328132192022,0.9238804444120753,87.1
1870000,7479.999999850769,-1715105.470233839,332456.3124835745,-1382649.1577502645,301.5608011736531,1428.4328132192022,0.9238804444120753,87.1
1871000,7483.999999850675,-1713316.800343467,331763.4997534456,-1381553.3005900213,300.93237225196947,1428.4328132192022,0.9238804444120753,87.1
1872000,7487.99999985058,-1712848.4461504295,331802.99741251714,-1381045.4487379123,300.96819935245406,1428.4328132192022,0.9238804444120753,87.1
1873000,7491.999999850485,-1712098.310949158,331790.030946842,-1380308.280002316,300.95643787393624,1428.4328132192022,0.9238804444120753,87.1
1874000,7495.999999850391,-1713549.3301296905,331854.67731230013,-1381694.6528173904,301.01507658533535,1428.4328132192022,0.9238804444120753,87.1
1875000,7499.999999850296,-1713154.0469573084,331603.81708648906,-1381550.2298708195,300.78752906153267,1428.4328132192022,0.9238804444120753,87.1
1876000,7503.999999850202,-1713308.4416239616,331613.0931486484,-1381695.3484753133,300.7959430895763,1428.4328132192022,0.9238804444120753,87.1
1877000,7507.999999850107,-1711647.5960761346,332772.90325900627,-1378874.6928171283,301.8479708386542,1428.4328132192022,0.9238804444120753,87.1
1878000,7511.9999998500125,-1713067.5345371794,332188.3299730638,-1380879.2045641155,301.3177225568976,1428.4328132192022,0.9238804444120753,87.1
1879000,7515.999999849918,-1712378.4454045556,331838.9035882691,-1380539.5418162865,301.0007687299038,1428.4328132192022,0.9238804444120753,87.1
1880000,7519.999999849823,-1712585.4860946443,331242.30277248175,-1381343.1833221626,300.4596106491754,1428.4328132192022,0.9238804444120753,87.1
1881000,7523.999999849729,-1713207.7785889264,332342.8883357932,-1380864.8902531331,301.4579176500351,1428.4328132192022,0.9238804444120753,87.1
1882000,7527.999999849634,-1713235.5816078018,332979.4514948026,-1380256.1301129991,302.03532433181675,1428.4328132192022,0.9238804444120753,87.1
1883000,7531.99999984954,-1713163.9945862256,330006.2001559775,-1383157.794430248,299.33838033599164,1428.4328132192022,0.9238804444120753,87.1
1884000,7535.999999849445,-1712292.3538637087,332672.983538035,-1379619.3703256736,301.7573367614004,1428.4328132192022,0.9238804444120753,87.1
1885000,7539.99999984935,-1713321.2783652972,331625.23918485304,-1381696.039180444,300.80696038198863,1428.4328132192022,0.9238804444120753,87.1
1886000,7543.999999849256,-1713467.8741400056,331137.5784336571,-1382330.2957063485,300.3646184522084,1428.4328132192022,0.9238804444120753,87.1
1887000,7547.999999849161,-1713858.9565225355,332338.79114115535,-1381520.1653813801,301.4542012119614,1428.4328132192022,0.9238804444120753,87.1
1888000,7551.999999849067,-1713353.8403513152,333105.83200599137,-1380248.0083453238,302.1499601704992,1428.4328132192022,0.9238804444120753,87.1
1889000,7555.999999848972,-1712210.846987974,333309.05781732785,-1378901.789170646,302.3342999955666,1428.4328132192022,0.9238804444120753,87.1
1890000,7559.999999848877,-1714879.3146652058,332450.7082777689,-1382428.6063874369,301.55571777252874,1428.4328132192022,0.9238804444120753,87.1
1891000,7563.999999848783,-1714931.8318899944,331353.0117879064,-1383578.8201020882,300.56003136051396,1428.4328132192022,0.9238804444120753,87.1
1892000,7567.999999848688,-1714355.097827429,331120.50429491134,-1383234.5935325176,300.3491310309558,1428.4328132192022,0.9238804444120753,87.1
1893000,7571.999999848594,-1712212.9796331506,332646.6833817287,-1379566.2962514218,301.73348070600633,1428.4328132192022,0.9238804444120753,87.1
1894000,7575.999999848499,-1711991.0480928533,331346.7524004634,-1380644.2956923898,300.554353664464,1428.4328132192022,0.9238804444120753,87.1
1895000,7579.9999998484045,-1711754.023029223,332357.42772837286,-1379396.5953008502,301.4711058817223,1428.4328132192022,0.9238804444120753,87.1
1896000,7583.99999984831,-1711234.0868939478,331081.158717145,-1380152.9281768028,300.3134418787023,1428.4328132192022,0.9238804444120753,87.1
1897000,7587.999999848215,-1714286.192042673,331000.9647023655,-1383285.2273403076,300.2407003772233,1428.4328132192022,0.9238804444120753,87.1
1898000,7591.999999848121,-1711364.1447832137,333467.1473637472,-1377896.9974194665,302.4776981158166,1428.4328132192022,0.9238804444120753,87.1
1899000,7595.999999848026,-1711648.7517986707,332579.4766247881,-1379069.2751738827,301.6725195429714,1428.4328132192022,0.9238804444120753,87.1
1900000,7599.999999847932,-1713114.318537362,332023.0608760218,-1381091.25766134,301.16781208914045,1428.4328132192022,0.9238804444120753,87.1
1901000,7603.999999847837,-1714494.2199919391,331463.57140050235,-1383030.648591437,300.66031655318426,1428.4328132192022,0.9238804444120753,87.1
1902000,7607.999999847742,-1713018.6667795647,332301.6913612299,-1380716.9754183348,301.4205491532169,1428.4328132192022,0.9238804444120753,87.1
1903000,7611.999999847648,-1711804.4986205772,332890.7165177462,-1378913.782102831,301.954835588579,1428.4328132192022,0.9238804444120753,87.1
1904000,7615.999999847553,-1712690.0551543087,331338.85063355725,-1381351.2045207515,300.54718621698464,1428.4328132192022,0.9238804444120753,87.1
1905000,7619.999999847459,-1711091.483611824,333177.40396070806,-1377914.079651116,302.21488086893527,1428.4328132192022,0.9238804444120753,87.1
1906000,7623.999999847364,-1711471.5189658757,331252.5479812665,-1380218.9709846093,300.46890376003927,1428.4328132192022,0.9238804444120753,87.1
1907000,7627.9999998472695,-1713249.6553531643,331354.41047257086,-1381895.2448805934,300.561300063956,1428.4328132192022,0.9238804444120753,87.1
1908000,7631.999999847175,-1711516.7546721362,332547.7122085863,-1378969.0424635499,301.6437070270439,1428.4328132192022,0.9238804444120753,87.1
1909000,7635.99999984708,-1713058.943797687,332663.00932964566,-1380395.9344680414,301.74828946658295,1428.4328132192022,0.9238804444120753,87.1
1910000,7639.999999846986,-1711485.5651208647,331082.4462382602,-1380403.1188826044,300.3146097491396,1428.4328132192022,0.9238804444120753,87.1
1911000,7643.999999846891,-1711730.8615088537,333871.8056596061,-1377859.0558492476,302.8447510948657,1428.4328132192022,0.9238804444120753,87.1
1912000,7647.9999998467965,-1708729.232223779,332128.37425332103,-1376600.857970458,301.26333858462317,1428.4328132192022,0.9238804444120753,87.1
1913000,7651.999999846702,-1711809.6610346045,331130.0543849977,-1380679.606649607,300.3577936212258,1428.4328132192022,0.9238804444120753,87.1
1914000,7655.999999846607,-1713282.3631615788,331877.5978477926,-1381404.7653137862,301.035867091597,1428.4328132192022,0.9238804444120753,87.1
1915000,7659.999999846513,-1712075.270667538,330666.7509006224,-1381408.5197669156,299.9375454120971,1428.4328132192022,0.9238804444120753,87.1
1916000,7663.999999846418,-1712785.5907236952,330851.2778696282,-1381934.312854067,300.10492409772297,1428.4328132192022,0.9238804444120753,87.1
1917000,7667.999999846324,-1714214.3070172705,331923.7500105538,-1382290.5570067167,301.077730285814,1428.4328132192022,0.9238804444120753,87.1
1918000,7671.999999846229,-1714094.005262388,331173.293713727,-1382920.7115486609,300.3970146741106,1428.4328132192022,0.9238804444120753,87.1
1919000,7675.999999846134,-1712686.150938321,331287.0697157394,-1381399.0812225814,300.5002173537797,1428.4328132192022,0.9238804444120753,87.1
1920000,7679.99999984604,-1710809.2264587823,330771.9484936093,-1380037.2779651731,300.0329668832242,1428.4328132192022,0.9238804444120753,87.1
1921000,7683.999999845945,-1712317.4797802828,333522.5279197711,-1378794.9518605117,302.5279320991008,1428.4328132192022,0.9238804444120753,87.1
1922000,7687.999999845851,-1713381.5343694426,332554.11218488414,-1380827.4221845586,301.64951224688,1428.4328132192022,0.9238804444120753,87.1
1923000,7691.999999845756,-1711765.5983251017,332864.14984929905,-1378901.4484758026,301.93073778829483,1428.4328132192022,0.9238804444120753,87.1
1924000,7695.9999998456615,-1710609.9151853956,331257.2882323992,-1379352.6269529965,300.4732034946981,1428.4328132192022,0.9238804444120753,87.1
1925000,7699.999999845567,-1713949.128448164,330252.2974798496,-1383696.8309683145,299.5616075792921,1428.4328132192022,0.9238804444120753,87.1
1926000,7703.999999845472,-1712250.3533148207,330166.84439573623,-1382083.5089190844,299.48409573926875,1428.4328132192022,0.9238804444120753,87.1
1927000,7707.999999845378,-1712417.5523036346,332119.5941101355,-1380297.9581934991,301.2553743892867,1428.4328132192022,0.9238804444120753,87.1
1928000,7711.999999845283,-1714983.170408383,332001.3515564465,-1382981.8188519366,301.14812023923946,1428.4328132192022,0.9238804444120753,87.1
1929000,7715.9999998451885,-1712383.897060454,333847.3554182717,-1378536.5416421823,302.82257303991884,1428.4328132192022,0.9238804444120753,87.1
1930000,7719.999999845094,-1714601.974393107,331493.4339942208,-1383108.5403988862,300.6874039849722,1428.4328132192022,0.9238804444120753,87.1
1931000,7723.999999844999,-1714696.111603571,331544.09605539695,-1383152.0155481743,300.7333579680482,1428.4328132192022,0.9238804444120753,87.1
1932000,7727.999999844905,-1713852.3773739561,331863.46897484007,-1381988.908399116,301.02305122952055,1428.4328132192022,0.9238804444120753,87.1
1933000,7731.99999984481,-1710415.701066818,330927.03111057606,-1379488.669956242,300.1736375111068,1428.4328132192022,0.9238804444120753,87.1
1934000,7735.999999844716,-1710801.2301571313,332815.8267073277,-1377985.4034498036,301.88690536622636,1428.4328132192022,0.9238804444120753,87.1
1935000,7739.999999844621,-1713444.3420209866,331535.39470744523,-1381908.9473135413,300.72546524542247,1428.4328132192022,0.9238804444120753,87.1
1936000,7743.999999844526,-1711363.0815043952,331115.83584219194,-1380247.2456622033,300.3448964224089,1428.4328132192022,0.9238804444120753,87.1
1937000,7747.999999844432,-1711658.153359048,332445.0853727148,-1379213.0679863333,301.5506174098965,1428.4328132192022,0.9238804444120753,87.1
1938000,7751.999999844337,-1713551.7262758538,332626.096393378,-1380925.6298824758,301.7148068879205,1428.4328132192022,0.9238804444120753,87.1
1939000,7755.999999844243,-1712331.5017301608,332500.2457508731,-1379831.2559792877,301.6006516766734,1428.4328132192022,0.9238804444120753,87.1
1940000,7759.999999844148,-1710061.3279140685,332069.8345162041,-1377991.4933978645,301.21023900623464,1428.4328132192022,0.9238804444120753,87.1
1941000,7763.9999998440535,-1713510.8290889785,332284.0342473149,-1381226.7948416634,301.40453293328454,1428.4328132192022,0.9238804444120753,87.1
1942000,7767.999999843959,-1714566.0476933438,331772.7844855966,-1382793.2632077471,300.9407941442933,1428.4328132192022,0.9238804444120753,87.1
1943000,7771.999999843864,-1712502.8854716048,333437.1665351863,-1379065.7189364184,302.4505034368733,1428.4328132192022,0.9238804444120753,87.1
1944000,7775.99999984377,-1716144.8295482434,332055.487439691,-1384089.3421085523,301.19722521848166,1428.4328132192022,0.9238804444120753,87.1
1945000,7779.999999843675,-1713961.1135877855,332325.90767005814,-1381635.2059177274,301.44251501524894,1428.4328132192022,0.9238804444120753,87.1
1946000,7783.999999843581,-1714283.3485201467,332341.24494835816,-1381942.1035717884,301.4564269843056,1428.4328132192022,0.9238804444120753,87.1
1947000,7787.999999843486,-1714977.1174441483,331482.1549268353,-1383494.962517313,300.67717309306386,1428.4328132192022,0.9238804444120753,87.1
1948000,7791.999999843391,-1712706.3879387826,331206.05007348204,-1381500.3378653005,300.42672695124406,1428.4328132192022,0.9238804444120753,87.1
1949000,7795.999999843297,-1712388.7389183473,331433.6756216672,-1380955.06329668,300.6331990202071,1428.4328132192022,0.9238804444120753,87.1
1950000,7799.999999843202,-1711067.1655232664,331516.37359949516,-1379550.7919237711,300.7082117888411,1428.4328132192022,0.9238804444120753,87
1951000,7803.999999843108,-1711766.640437428,331502.3550496393,-1380264.2853877887,300.695495997421,1428.4328132192022,0.9238804444120753,87
1952000,7807.999999843013,-1715950.6588757671,333642.6784982532,-1382307.980377514,302.6369169592103,1428.4328132192022,0.9238804444120753,87
1953000,7811.999999842918,-1709230.345703274,332881.59801496594,-1376348.7476883081,301.9465644777573,1428.4328132192022,0.9238804444120753,87
1954000,7815.999999842824,-1712821.972823441,330750.9240032934,-1382071.0488201478,300.0138962206864,1428.4328132192022,0.9238804444120753,87
1955000,7819.999999842729,-1712234.9130260907,333075.95871121367,-1379158.954314877,302.12286303211255,1428.4328132192022,0.9238804444120753,87
1956000,7823.999999842635,-1712060.4583224058,333687.6856799416,-1378372.7726424641,302.67774157663786,1428.4328132192022,0.9238804444120753,87
1957000,7827.99999984254,-1711658.615116926,332128.7513676736,-1379529.8637492522,301.2636806533463,1428.4328132192022,0.9238804444120753,87
1958000,7831.9999998424455,-1712139.471630089,332176.9276030052,-1379962.5440270838,301.307379820962,1428.4328132192022,0.9238804444120753,87
1959000,7835.999999842351,-1712876.9445764702,331778.85765286355,-1381098.0869236067,300.9463029258021,1428.4328132192022,0.9238804444120753,87
1960000,7839.999999842256,-1714556.2602608558,330894.2715265413,-1383661.9887343145,300.14392230932935,1428.4328132192022,0.9238804444120753,87
1961000,7843.999999842162,-1712648.6790293138,330759.29985448887,-1381889.379174825,300.0214936953084,1428.4328132192022,0.9238804444120753,87
1962000,7847.999999842067,-1714825.022594707,333480.62973235507,-1381344.392862352,302.4899275538704,1428.4328132192022,0.9238804444120753,87
1963000,7851.999999841973,-1712842.9778533354,330377.85489850736,-1382465.1229548282,299.6754968162895,1428.4328132192022,0.9238804444120753,87
1964000,7855.999999841878,-1712757.5998667274,331891.66394221043,-1380865.935924517,301.0486260092134,1428.4328132192022,0.9238804444120753,87
1965000,7859.999999841783,-1713590.8579856586,331446.3857390875,-1382144.472246571,300.6447279731803,1428.4328132192022,0.9238804444120753,87
1966000,7863.999999841689,-1711808.5705951788,332838.509099552,-1378970.0614956268,301.9074798601218,1428.4328132192022,0.9238804444120753,87
1967000,7867.999999841594,-1714533.8569532428,331053.05278959865,-1383480.804163644,300.2879478642699,1428.4328132192022,0.9238804444120753,87
1968000,7871.9999998415,-1711620.0152608454,332794.370426634,-1378825.6448342116,301.8674430400402,1428.4328132192022,0.9238804444120753,87
1969000,7875.999999841405,-1711624.4626331944,331214.6537923834,-1380409.808840811,300.43453111758873,1428.4328132192022,0.9238804444120753,87
1970000,7879.9999998413105,-1713322.2913622279,331292.50980873825,-1382029.7815534896,300.5051518932713,1428.4328132192022,0.9238804444120753,87
1971000,7883.999999841216,-1714241.4973768052,332485.37113356835,-1381756.126243237,301.58715937304385,1428.4328132192022,0.9238804444120753,87
1972000,7887.999999841121,-1713514.6929703113,332311.380559713,-1381203.3124105982,301.42933792439544,1428.4328132192022,0.9238804444120753,87
1973000,7891.999999841027,-1712855.0318586975,332026.52560243773,-1380828.5062562597,301.17095483492267,1428.4328132192022,0.9238804444120753,87
1974000,7895.999999840932,-1713701.143126579,331435.2787257238,-1382265.8644008553,300.63465314613444,1428.4328132192022,0.9238804444120753,87
1975000,7899.9999998408375,-1716649.2215296663,331454.9513158734,-1385194.270213793,300.6524975419961,1428.4328132192022,0.9238804444120753,87
1976000,7903.999999840743,-1712485.8578884061,331442.7931220027,-1381043.0647664035,300.6414692217422,1428.4328132192022,0.9238804444120753,87
1977000,7907.999999840648,-1711945.0803977232,332536.8915057095,-1379408.1888920139,301.6338919033532,1428.4328132192022,0.9238804444120753,87
1978000,7911.999999840554,-1713331.9031878226,332000.4374573632,-1381331.4657304594,301.1472910883358,1428.4328132192022,0.9238804444120753,87
1979000,7915.999999840459,-1712596.1154005136,330626.5666699958,-1381969.5487305177,299.901095543867,1428.4328132192022,0.9238804444120753,87
1980000,7919.999999840365,-1713027.380005978,332078.73937042325,-1380948.6406355547,301.2183163230785,1428.4328132192022,0.9238804444120753,87
1981000,7923.99999984027,-1713347.9630182441,332209.31069115235,-1381138.652327092,301.3367535150067,1428.4328132192022,0.9238804444120753,87
1982000,7927.999999840175,-1712175.644986974,332554.2879736482,-1379621.357013326,301.6496716994112,1428.4328132192022,0.9238804444120753,87
1983000,7931.999999840081,-1714492.951819932,331878.43940029945,-1382614.5124196326,301.0366304377531,1428.4328132192022,0.9238804444120753,87
1984000,7935.999999839986,-1714143.6992729418,331141.1383233874,-1383002.5609495544,300.36784751767914,1428.4328132192022,0.9238804444120753,87
1985000,7939.999999839892,-1713453.193097148,332183.55261353246,-1381269.6404836157,301.3133891623623,1428.4328132192022,0.9238804444120753,87
1986000,7943.999999839797,-1715750.2545303553,330702.2398194878,-1385048.0147108675,299.96973630877727,1428.4328132192022,0.9238804444120753,87
1987000,7947.9999998397025,-1713555.6452887598,332025.16924012435,-1381530.4760486356,301.1697245207715,1428.4328132192022,0.9238804444120753,87
1988000,7951.999999839608,-1714076.823123319,331234.8859180033,-1382841.9372053158,300.4528830507068,1428.4328132192022,0.9238804444120753,87
1989000,7955.999999839513,-1712253.6258044634,330692.6540237302,-1381560.9717807332,299.96104133100124,1428.4328132192022,0.9238804444120753,87
1990000,7959.999999839419,-1712513.1751270052,331733.71999176405,-1380779.4551352412,300.905359954551,1428.4328132192022,0.9238804444120753,87
1991000,7963.999999839324,-1713851.8565341365,332827.27565986227,-1381024.5808742743,301.89729035567996,1428.4328132192022,0.9238804444120753,87
1992000,7967.9999998392295,-1712107.9410333466,331955.9685547004,-1380151.9724786463,301.10695472710347,1428.4328132192022,0.9238804444120753,87
1993000,7971.999999839135,-1712736.557913309,331763.84144574706,-1380972.716467562,300.93268219044955,1428.4328132192022,0.9238804444120753,87
1994000,7975.99999983904,-1710961.322493406,331186.6930244396,-1379774.6294689663,300.4091687729259,1428.4328132192022,0.9238804444120753,87
1995000,7979.999999838946,-1712988.125341801,332676.5529854804,-1380311.5723563205,301.7605744963778,1428.4328132192022,0.9238804444120753,87
1996000,7983.999999838851,-1710770.6221485138,331837.9895872237,-1378932.6325612902,300.9999396679274,1428.4328132192022,0.9238804444120753,87
1997000,7987.999999838757,-1713964.8621094972,331657.1660721925,-1382307.6960373046,300.83592027044176,1428.4328132192022,0.9238804444120753,87
1998000,7991.999999838662,-1711999.3998455368,329968.9419588321,-1382030.4578867047,299.30458458190435,1428.4328132192022,0.9238804444120753,87
1999000,7995.999999838567,-1714205.06204742,331509.55927763926,-1382695.5027697808,300.7020307290111,1428.4328132192022,0.9238804444120753,87
2000000,7999.999999838473,-1711631.9979708586,331454.0371345286,-1380177.96083633,300.6516683164756,1428.4328132192022,0.9238804444120753,87
2001000,8003.999999838378,-1713402.8587115314,332510.38216067327,-1380892.476550858,301.60984609935565,1428.4328132192022,0.9238804444120753,87
2002000,8007.999999838284,-1712601.185614854,330582.7002882935,-1382018.4853265607,299.8613057106948,1428.4328132192022,0.9238804444120753,87
2003000,8011.999999838189,-1713341.317585066,330475.8731663044,-1382865.4444187616,299.7644061443925,1428.4328132192022,0.9238804444120753,87
2004000,8015.9999998380945,-1713726.5088399742,332484.19999984,-1381242.3088401342,301.58609707399245,1428.4328132192022,0.9238804444120753,87
2005000,8019.999999838,-1714038.134691555,332353.1416356914,-1381684.9930558638,301.46721810009683,1428.4328132192022,0.9238804444120753,87
2006000,8023.999999837905,-1714673.2733270768,333598.92713791505,-1381074.3461891618,302.59723145834715,1428.4328132192022,0.9238804444120753,87
2007000,8027.999999837811,-1715134.5127573628,332071.19997368066,-1383063.3127836823,301.21147757032605,1428.4328132192022,0.9238804444120753,87
2008000,8031.999999837716,-1714490.1539582815,332505.34344539,-1381984.8105128915,301.60527563713055,1428.4328132192022,0.9238804444120753,87
2009000,8035.9999998376215,-1710894.0198538676,331351.21614931535,-1379542.8037045524,300.558402592487,1428.4328132192022,0.9238804444120753,87
2010000,8039.999999837527,-1712637.7718861606,329997.22515134973,-1382640.5467348108,299.33023938788966,1428.4328132192022,0.9238804444120753,87
2011000,8043.999999837432,-1712890.95174193,332879.0660496504,-1380011.8856922798,301.94426781061514,1428.4328132192022,0.9238804444120753,87
2012000,8047.999999837338,-1711281.4630253501,331597.1246193459,-1379684.3384060042,300.7814585323301,1428.4328132192022,0.9238804444120753,87
2013000,8051.999999837243,-1714457.701190995,332260.8015482256,-1382196.8996427695,301.38345927311406,1428.4328132192022,0.9238804444120753,87
2014000,8055.999999837149,-1712994.12884395,331360.38313794165,-1381633.7457060085,300.56671768331455,1428.4328132192022,0.9238804444120753,87
2015000,8059.999999837054,-1713428.6876863353,330725.6169382936,-1382703.0707480416,299.9909409675896,1428.4328132192022,0.9238804444120753,87
2016000,8063.999999836959,-1710966.0332978833,332774.75418779685,-1378191.2791100866,301.8496497587048,1428.4328132192022,0.9238804444120753,87
2017000,8067.999999836865,-1711922.6733128354,331923.7602355096,-1379998.9130773258,301.07773956055405,1428.4328132192022,0.9238804444120753,87
2018000,8071.99999983677,-1712401.351881776,332834.5776790854,-1379566.7742026905,301.903913790653,1428.4328132192022,0.9238804444120753,87
2019000,8075.999999836676,-1709961.1715307534,332503.81183006265,-1377457.3597006907,301.60388635641044,1428.4328132192022,0.9238804444120753,87
2020000,8079.999999836581,-1710786.9341096953,332676.3957066929,-1378110.5384030023,301.76043183367176,1428.4328132192022,0.9238804444120753,87
2021000,8083.9999998364865,-1712796.991992645,331799.2794412283,-1380997.7125514166,300.9648268961087,1428.4328132192022,0.9238804444120753,87
2022000,8087.999999836392,-1713744.8709614594,331205.80345338135,-1382539.067508078,300.42650324980616,1428.4328132192022,0.9238804444120753,87
2023000,8091.999999836297,-1710320.1472309642,331570.61741363467,-1378749.5298173295,300.75741466884784,1428.4328132192022,0.9238804444120753,87
2024000,8095.999999836203,-1712301.872357536,330301.64138100133,-1382000.2309765348,299.60636590032743,1428.4328132192022,0.9238804444120753,87
2025000,8099.999999836108,-1710758.9009964932,332199.5647682911,-1378559.336228202,301.32791329090554,1428.4328132192022,0.9238804444120753,87
2026000,8103.999999836014,-1709836.0641605463,332114.75032990606,-1377721.3138306402,301.2509807465979,1428.4328132192022,0.9238804444120753,87
2027000,8107.999999835919,-1711860.9437243324,331069.50626647315,-1380791.4374578593,300.30287230240526,1428.4328132192022,0.9238804444120753,87
2028000,8111.999999835824,-1713751.6513138246,332576.40779951075,-1381175.2435143138,301.66973590682267,1428.4328132192022,0.9238804444120753,87
2029000,8115.99999983573,-1710958.4453968145,331748.60310969915,-1379209.8422871153,300.9188599688384,1428.4328132192022,0.9238804444120753,87
2030000,8119.999999835635,-1711128.5644610077,332031.0059792587,-1379097.5584817491,301.17501884566025,1428.4328132192022,0.9238804444120753,87
2031000,8123.999999835541,-1711024.0525136255,331765.74751547695,-1379258.3049981485,300.9344111271346,1428.4328132192022,0.9238804444120753,87
2032000,8127.999999835446,-1712399.717011474,331104.4887951978,-1381295.2282162763,300.3346038683078,1428.4328132192022,0.9238804444120753,87
2033000,8131.999999835351,-1714422.4473676793,330888.72422417725,-1383533.7231435021,300.13889052355046,1428.4328132192022,0.9238804444120753,87
2034000,8135.999999835257,-1711058.1021513771,331512.88686996,-1379545.2152814171,300.7050490847124,1428.4328132192022,0.9238804444120753,87
2035000,8139.999999835162,-1711303.5289308596,328852.8096029648,-1382450.719327895,298.29217556811005,1428.4328132192022,0.9238804444120753,87
2036000,8143.999999835068,-1713182.4547370654,331030.20819406194,-1382152.2465430035,300.2672262407848,1428.4328132192022,0.9238804444120753,87
2037000,8147.999999834973,-1713291.6345773116,330274.96270927205,-1383016.6718680395,299.58216650534274,1428.4328132192022,0.9238804444120753,87
2038000,8151.9999998348785,-1712782.2253085691,331363.438840475,-1381418.7864680942,300.56948941622954,1428.4328132192022,0.9238804444120753,87
2039000,8155.999999834784,-1715072.4195154607,331357.17048109055,-1383715.2490343703,300.56380358201,1428.4328132192022,0.9238804444120753,87
2040000,8159.999999834689,-1712304.1443650257,332427.9452434875,-1379876.199121538,301.5350701307265,1428.4328132192022,0.9238804444120753,87
2041000,8163.999999834595,-1712085.0486899875,331138.9134501764,-1380946.1352398111,300.36582940425245,1428.4328132192022,0.9238804444120753,87
2042000,8167.9999998345,-1710491.371835675,330639.6759581645,-1379851.6958775106,299.91298657223524,1428.4328132192022,0.9238804444120753,87
2043000,8171.999999834406,-1712382.7548086718,331462.1219207875,-1380920.6328878843,300.6590017751287,1428.4328132192022,0.9238804444120753,87
2044000,8175.999999834311,-1712373.7931585945,332355.1151596537,-1380018.677998941,301.4690082224223,1428.4328132192022,0.9238804444120753,87
2045000,8179.999999834216,-1711869.3492898103,332957.4395561336,-1378911.9097336768,302.01535798552953,1428.4328132192022,0.9238804444120753,87
2046000,8183.999999834122,-1711211.29815929,331449.13040690124,-1379762.1677523889,300.6472175761561,1428.4328132192022,0.9238804444120753,87
2047000,8187.999999834027,-1714892.5102120396,331412.41114356194,-1383480.0990684777,300.6139106721951,1428.4328132192022,0.9238804444120753,87
2048000,8191.999999833933,-1712749.184139572,332080.21693719045,-1380668.9672023817,301.2196565780274,1428.4328132192022,0.9238804444120753,87
2049000,8195.999999834747,-1713618.3359262496,332195.6462051669,-1381422.6897210828,301.32435888393286,1428.4328132192022,0.9238804444120753,87
2050000,8199.999999835562,-1712566.691296326,332856.12427937397,-1379710.567016952,301.92345804294,1428.4328132192022,0.9238804444120753,87
2051000,8203.999999836376,-1712247.4510392155,332879.31395238923,-1379368.1370868264,301.9444926754943,1428.4328132192022,0.9238804444120753,87
2052000,8207.999999837191,-1712851.257153336,332752.73286808946,-1380098.5242852466,301.8296749031689,1428.4328132192022,0.9238804444120753,87
2053000,8211.999999838006,-1712055.3909669518,333260.07280333934,-1378795.3181636124,302.28986720993674,1428.4328132192022,0.9238804444120753,87
2054000,8215.999999838821,-1711215.837472953,331122.3963050055,-1380093.4411679474,300.35084721458173,1428.4328132192022,0.9238804444120753,87
2055000,8219.999999839636,-1713654.3567836583,331809.87961511407,-1381844.4771685442,300.9744419847972,1428.4328132192022,0.9238804444120753,87
2056000,8223.999999840451,-1713142.320886759,332574.74814195815,-1380567.572744801,301.66823048297465,1428.4328132192022,0.9238804444120753,87
2057000,8227.999999841266,-1713667.8939655777,330363.68100926524,-1383304.2129563126,299.66264012133416,1428.4328132192022,0.9238804444120753,87
2058000,8231.99999984208,-1711861.8551637046,332462.1248927982,-1379399.7302709064,301.5660734296351,1428.4328132192022,0.9238804444120753,87
2059000,8235.999999842896,-1710717.999356538,332337.4017460041,-1378380.597610534,301.4529409347483,1428.4328132192022,0.9238804444120753,87
2060000,8239.99999984371,-1711664.853663694,330420.4633644942,-1381244.3902991998,299.7141456331635,1428.4328132192022,0.9238804444120753,87
2061000,8243.999999844526,-1713730.089453807,329311.7381886431,-1384418.351265164,298.7084554424334,1428.4328132192022,0.9238804444120753,87
2062000,8247.99999984534,-1713375.1625345498,331522.07298489474,-1381853.089549655,300.7133815244207,1428.4328132192022,0.9238804444120753,87
2063000,8251.999999846155,-1712120.8564968929,332517.53459449735,-1379603.3219023955,301.61633385005655,1428.4328132192022,0.9238804444120753,87
2064000,8255.99999984697,-1711040.2946830802,331722.5342239848,-1379317.7604590952,300.8952136918194,1428.4328132192022,0.9238804444120753,87
2065000,8259.999999847785,-1711114.4809425734,331307.4593537725,-1379807.021588801,300.5187121615184,1428.4328132192022,0.9238804444120753,87
2066000,8263.9999998486,-1713833.8400522433,333146.8478720535,-1380686.9921801898,302.1871643894178,1428.4328132192022,0.9238804444120753,87
2067000,8267.999999849415,-1713650.4946349505,332467.82420562906,-1381182.6704293215,301.57124309938985,1428.4328132192022,0.9238804444120753,87
2068000,8271.99999985023,-1713385.4682769496,330197.8479006009,-1383187.6203763487,299.512218056142,1428.4328132192022,0.9238804444120753,87
2069000,8275.999999851045,-1711968.89131728,331016.70721489575,-1380952.1841023844,300.25497992167124,1428.4328132192022,0.9238804444120753,87
2070000,8279.99999985186,-1712046.9827036671,331510.0986721583,-1380536.8840315088,300.70251999703584,1428.4328132192022,0.9238804444120753,87
2071000,8283.999999852675,-1711073.3417557161,331374.5020620513,-1379698.8396936648,300.5795245211045,1428.4328132192022,0.9238804444120753,87
2072000,8287.99999985349,-1712092.2264118567,331756.7347567518,-1380335.4916551048,300.92623593346286,1428.4328132192022,0.9238804444120753,87
2073000,8291.999999854304,-1712477.1018723212,332125.9849951864,-1380351.116877135,301.26117136273496,1428.4328132192022,0.9238804444120753,87
2074000,8295.99999985512,-1711587.3125045318,332416.4812229325,-1379170.8312815994,301.52467147353934,1428.4328132192022,0.9238804444120753,87
2075000,8299.999999855934,-1713026.7688580696,333494.43896621454,-1379532.329891855,302.5024534812476,1428.4328132192022,0.9238804444120753,87
2076000,8303.99999985675,-1711791.825638799,331162.3562378495,-1380629.4694009495,300.3870936292558,1428.4328132192022,0.9238804444120753,87
2077000,8307.999999857564,-1712453.8780810703,331159.1402171732,-1381294.737863897,300.3841764767298,1428.4328132192022,0.9238804444120753,87
2078000,8311.999999858379,-1712415.048380006,332915.593089424,-1379499.455290582,301.9774003545465,1428.4328132192022,0.9238804444120753,87
2079000,8315.999999859194,-1713756.5080081187,330867.3043700942,-1382889.2036380246,300.1194612388121,1428.4328132192022,0.9238804444120753,87
2080000,8319.999999860009,-1713128.342766717,332167.23026327335,-1380961.1125034438,301.2985836651094,1428.4328132192022,0.9238804444120753,87
2081000,8323.999999860824,-1713081.0579554029,332745.24148664053,-1380335.8164687622,301.8228797035989,1428.4328132192022,0.9238804444120753,87
2082000,8327.999999861639,-1712960.4771746919,332267.9015238525,-1380692.5756508394,301.3898994406127,1428.4328132192022,0.9238804444120753,87
2083000,8331.999999862453,-1710472.7391746137,333574.38718309184,-1376898.351991522,302.57497202707947,1428.4328132192022,0.9238804444120753,87
2084000,8335.999999863268,-1710056.8415337931,330991.9385414529,-1379064.9029923403,300.2325130268434,1428.4328132192022,0.9238804444120753,87
2085000,8339.999999864083,-1709796.8601601701,329845.70553578564,-1379951.1546243844,299.1928006479792,1428.4328132192022,0.9238804444120753,87
2086000,8343.999999864898,-1709452.8879052848,331772.03171745245,-1377680.8561878323,300.9401113316767,1428.4328132192022,0.9238804444120753,87
2087000,8347.999999865713,-1711361.840280613,331617.7766723833,-1379744.0636082296,300.8001913685735,1428.4328132192022,0.9238804444120753,87
2088000,8351.999999866528,-1711173.880382849,331593.4268089079,-1379580.453573941,300.7781043632666,1428.4328132192022,0.9238804444120753,87
2089000,8355.999999867343,-1710251.8109633736,332254.9834927989,-1377996.8274705748,301.37818189563666,1428.4328132192022,0.9238804444120753,87
2090000,8359.999999868158,-1711708.5393808242,331404.50270774146,-1380304.0366730827,300.60673717555056,1428.4328132192022,0.9238804444120753,87
2091000,8363.999999868973,-1712802.631651612,331153.7048571443,-1381648.9267944677,300.37924623036827,1428.4328132192022,0.9238804444120753,87
2092000,8367.999999869788,-1710258.1096422412,332096.1443658292,-1378161.965276412,301.2341038541373,1428.4328132192022,0.9238804444120753,87
2093000,8371.999999870603,-1709171.4411326107,331519.98341846844,-1377651.4577141423,300.7114861435782,1428.4328132192022,0.9238804444120753,87
2094000,8375.999999871417,-1712656.1936675832,332412.35941824515,-1380243.8342493381,301.52093271245366,1428.4328132192022,0.9238804444120753,87
2095000,8379.999999872232,-1712430.5340264086,332941.2464521465,-1379489.2875742621,302.000669723558,1428.4328132192022,0.9238804444120753,87
2096000,8383.999999873047,-1710276.5531032104,332000.3601456528,-1378276.1929575577,301.1472209612832,1428.4328132192022,0.9238804444120753,87
2097000,8387.999999873862,-1713010.3427190892,331076.45467901404,-1381933.888040075,300.30917499173324,1428.4328132192022,0.9238804444120753,87
2098000,8391.999999874677,-1712376.9922018852,330199.94470708625,-1382177.047494799,299.5141200042172,1428.4328132192022,0.9238804444120753,87
2099000,8395.999999875492,-1710290.6894870643,332306.8321142015,-1377983.8573728628,301.42521217066167,1428.4328132192022,0.9238804444120753,87
2100000,8399.999999876307,-1712727.4917811677,333636.24106878554,-1379091.2507123821,302.6310777667664,1428.4328132192022,0.9238804444120753,87
2101000,8403.999999877122,-1711722.1954296175,331569.9722281465,-1380152.223201471,300.75682944111895,1428.4328132192022,0.9238804444120753,87
2102000,8407.999999877937,-1712642.2089983262,331307.88154410047,-1381334.3274542256,300.51909511725955,1428.4328132192022,0.9238804444120753,87
2103000,8411.999999878752,-1713364.3066217825,331447.27856353676,-1381917.0280582458,300.6455378265238,1428.4328132192022,0.9238804444120753,87
2104000,8415.999999879567,-1712402.3043562248,331579.8215519832,-1380822.4828042416,300.76576345703523,1428.4328132192022,0.9238804444120753,87
2105000,8419.999999880381,-1714109.8241401836,332752.1632829496,-1381357.6608572342,301.8291582501692,1428.4328132192022,0.9238804444120753,87
2106000,8423.999999881196,-1712720.9092742167,330500.06572940934,-1382220.8435448073,299.7863504674162,1428.4328132192022,0.9238804444120753,87
2107000,8427.999999882011,-1711222.0905698743,331926.7547859322,-1379295.3357839421,301.0804558242876,1428.4328132192022,0.9238804444120753,87
2108000,8431.999999882826,-1713395.4534817394,332166.42758835515,-1381229.0258933841,301.29785558360715,1428.4328132192022,0.9238804444120753,87
2109000,8435.999999883641,-1714684.5482473765,332237.9304570232,-1382446.6177903533,301.36271361623307,1428.4328132192022,0.9238804444120753,87
2110000,8439.999999884456,-1714115.9538429677,331693.2618910996,-1382422.6919518681,300.8686616673108,1428.4328132192022,0.9238804444120753,87
2111000,8443.99999988527,-1711421.644655021,331506.2783211123,-1379915.3663339086,300.6990546751907,1428.4328132192022,0.9238804444120753,87
2112000,8447.999999886086,-1711146.7324272972,332404.60880506504,-1378742.1236222321,301.51390237182716,1428.4328132192022,0.9238804444120753,87
2113000,8451.9999998869,-1711381.3181856573,331262.50891575194,-1380118.8092699053,300.4779390145105,1428.4328132192022,0.9238804444120753,87
2114000,8455.999999887716,-1711526.9718181584,330594.00201360055,-1380932.969804558,299.8715571549005,1428.4328132192022,0.9238804444120753,87
2115000,8459.99999988853,-1713283.3123156969,331600.400605498,-1381682.911710199,300.78443007767777,1428.4328132192022,0.9238804444120753,87
2116000,8463.999999889345,-1712417.6185326055,331405.59170727234,-1381012.026825333,300.6077249732211,1428.4328132192022,0.9238804444120753,87
2117000,8467.99999989016,-1713328.1529712752,332056.9835651298,-1381271.1694061453,301.19858230742557,1428.4328132192022,0.9238804444120753,87
2118000,8471.999999890975,-1711694.1992724687,332706.04514643375,-1378988.154126035,301.78732592010317,1428.4328132192022,0.9238804444120753,87
2119000,8475.99999989179,-1713430.6589359064,331481.61889954645,-1381949.0400363598,300.6766868793491,1428.4328132192022,0.9238804444120753,87
2120000,8479.999999892605,-1711745.4791113995,332671.8731308455,-1379073.6059805541,301.75632954550724,1428.4328132192022,0.9238804444120753,87
2121000,8483.99999989342,-1711937.8285913244,334631.08061554277,-1377306.7479757816,303.5334658385049,1428.4328132192022,0.9238804444120753,87
2122000,8487.999999894235,-1712767.7310958914,333150.3320481266,-1379617.399047765,302.19032477738034,1428.4328132192022,0.9238804444120753,87
2123000,8491.99999989505,-1712651.0945349466,331650.52903846407,-1381000.5654964824,300.82990002316893,1428.4328132192022,0.9238804444120753,87
2124000,8495.999999895865,-1710797.3130468875,329905.7619355125,-1380891.551111375,299.247275943942,1428.4328132192022,0.9238804444120753,87
2125000,8499.99999989668,-1712864.2347788308,333269.8174820673,-1379594.4172967635,302.29870630552324,1428.4328132192022,0.9238804444120753,87
2126000,8503.999999897494,-1711219.1478304435,333994.9525674704,-1377224.1952629732,302.9564538323478,1428.4328132192022,0.9238804444120753,87
2127000,8507.99999989831,-1712206.34682139,331837.3520016775,-1380368.9948197126,300.9993613338699,1428.4328132192022,0.9238804444120753,87
2128000,8511.999999899124,-1715376.319956597,333688.0788279283,-1381688.2411286687,302.67809818897274,1428.4328132192022,0.9238804444120753,87
2129000,8515.99999989994,-1711356.2786775324,332368.26344269444,-1378988.015234838,301.48093462182857,1428.4328132192022,0.9238804444120753,87
2130000,8519.999999900754,-1712956.5908683445,331075.64280352445,-1381880.9480648201,300.30843856467834,1428.4328132192022,0.9238804444120753,87
2131000,8523.999999901569,-1712865.1538072508,332443.6407813292,-1380421.5130259215,301.54930706589266,1428.4328132192022,0.9238804444120753,87
2132000,8527.999999902384,-1710615.7077571265,331420.3189021957,-1379195.3888549309,300.62108355458463,1428.4328132192022,0.9238804444120753,87
2133000,8531.999999903199,-1709867.457433993,331741.2282586853,-1378126.2291753078,300.9121704704088,1428.4328132192022,0.9238804444120753,87
2134000,8535.999999904014,-1711791.236596452,334068.17115125316,-1377723.065445199,303.02286813689625,1428.4328132192022,0.9238804444120753,87
2135000,8539.999999904829,-1710351.0737824608,331807.2705801056,-1378543.8032023553,300.9720754101288,1428.4328132192022,0.9238804444120753,87
2136000,8543.999999905644,-1711600.1841936912,332619.54812729,-1378980.6360664014,301.70886715901884,1428.4328132192022,0.9238804444120753,87
2137000,8547.999999906458,-1707797.468846023,333238.2685901271,-1374559.200255896,302.2700892849634,1428.4328132192022,0.9238804444120753,87
2138000,8551.999999907273,-1712055.3408973888,330145.8995574463,-1381909.4413399424,299.46509732661127,1428.4328132192022,0.9238804444120753,87
2139000,8555.999999908088,-1710420.1235093232,333782.64467005234,-1376637.4788392708,302.76387592891564,1428.4328132192022,0.9238804444120753,87
2140000,8559.999999908903,-1710149.3556715902,330873.60057878227,-1379275.755092808,300.1251723342704,1428.4328132192022,0.9238804444120753,87
2141000,8563.999999909718,-1712124.2452842835,331461.323812524,-1380662.9214717597,300.65827783589714,1428.4328132192022,0.9238804444120753,87
2142000,8567.999999910533,-1713890.5368334297,333392.96795204416,-1380497.5688813855,302.4104122740871,1428.4328132192022,0.9238804444120753,87
2143000,8571.999999911348,-1712329.8205482624,332289.0279480077,-1380040.7926002548,301.40906256417196,1428.4328132192022,0.9238804444120753,87
2144000,8575.999999912163,-1711485.8226760179,333004.02962784277,-1378481.793048175,302.05761839336,1428.4328132192022,0.9238804444120753,87
2145000,8579.999999912978,-1713076.1850717906,331557.75702596555,-1381518.428045825,300.74574941039657,1428.4328132192022,0.9238804444120753,87
2146000,8583.999999913793,-1711014.0820449144,331093.6962157977,-1379920.3858291167,300.3248142545498,1428.4328132192022,0.9238804444120753,87
2147000,8587.999999914608,-1712685.286731733,331663.6281441071,-1381021.658587626,300.8417818152843,1428.4328132192022,0.9238804444120753,87
2148000,8591.999999915422,-1714496.7731676586,333110.79213444196,-1381385.9810332167,302.1544593490478,1428.4328132192022,0.9238804444120753,87
2149000,8595.999999916237,-1712623.6980724093,331087.73019258934,-1381535.96787982,300.31940266009065,1428.4328132192022,0.9238804444120753,87
2150000,8599.999999917052,-1711953.4005435277,331497.7891337923,-1380455.6114097354,300.6913543968882,1428.4328132192022,0.9238804444120753,87
2151000,8603.999999917867,-1712525.5030468889,331039.2026239569,-1381486.300422932,300.27538480894356,1428.4328132192022,0.9238804444120753,87
2152000,8607.999999918682,-1712819.373175256,331907.3060964596,-1380912.0670787962,301.06281452177984,1428.4328132192022,0.9238804444120753,87
2153000,8611.999999919497,-1713453.0527582858,331478.3933018134,-1381974.6594564724,300.6737610397723,1428.4328132192022,0.9238804444120753,87
2154000,8615.999999920312,-1714795.4937682431,332569.9728901612,-1382225.520878082,301.6638990002997,1428.4328132192022,0.9238804444120753,87
2155000,8619.999999921127,-1710997.8442125618,331854.9229778127,-1379142.9212347493,301.015299420896,1428.4328132192022,0.9238804444120753,87
2156000,8623.999999921942,-1711778.8199028205,333485.969942173,-1378292.8499606475,302.49477149242915,1428.4328132192022,0.9238804444120753,87
2157000,8627.999999922757,-1713381.593800839,329979.6995496233,-1383401.8942512157,299.3143424585813,1428.4328132192022,0.9238804444120753,87
2158000,8631.999999923572,-1713711.13569054,331792.49754471343,-1381918.6381458268,300.958675248299,1428.4328132192022,0.9238804444120753,87
2159000,8635.999999924386,-1710591.3956249505,330937.77352642966,-1379653.6220985209,300.1833816230689,1428.4328132192022,0.9238804444120753,87
2160000,8639.999999925201,-1711865.93334518,332084.9360124174,-1379780.9973327625,301.2239371046795,1428.4328132192022,0.9238804444120753,87
2161000,8643.999999926016,-1713567.5862907898,332897.4480769406,-1380670.1382138492,301.9609415769678,1428.4328132192022,0.9238804444120753,87
2162000,8647.999999926831,-1712636.5903609432,330085.1467178305,-1382551.4436431127,299.40999031164364,1428.4328132192022,0.9238804444120753,87
2163000,8651.999999927646,-1712939.4471173938,330556.81170884415,-1382382.6354085496,299.83782298389184,1428.4328132192022,0.9238804444120753,87
2164000,8655.999999928461,-1714618.6543925852,332298.320083496,-1382320.3343090892,301.4174911718333,1428.4328132192022,0.9238804444120753,86.9
2165000,8659.999999929276,-1711892.4440643303,331503.900214447,-1380388.5438498834,300.6968975684541,1428.4328132192022,0.9238804444120753,86.9
2166000,8663.99999993009,-1710553.8416917194,332292.9379458198,-1378260.9037458994,301.4126092018158,1428.4328132192022,0.9238804444120753,86.9
2167000,8667.999999930906,-1709572.4068145454,332476.41125552217,-1377095.9955590232,301.57903214579454,1428.4328132192022,0.9238804444120753,86.9
2168000,8671.99999993172,-1711897.4764025398,332749.8482145695,-1379147.6281879703,301.8270583235044,1428.4328132192022,0.9238804444120753,86.9
2169000,8675.999999932536,-1712989.4407040626,332372.04563795775,-1380617.3950661048,301.48436533374763,1428.4328132192022,0.9238804444120753,86.9
2170000,8679.99999993335,-1712071.6702459324,332748.88713607925,-1379322.783109853,301.82618655903906,1428.4328132192022,0.9238804444120753,86.9
2171000,8683.999999934165,-1711472.2652688622,331478.5589196139,-1379993.7063492483,300.6739112665381,1428.4328132192022,0.9238804444120753,86.9
2172000,8687.99999993498,-1715380.575749673,332385.87354420184,-1382994.7022054712,301.49690819826526,1428.4328132192022,0.9238804444120753,86.9
2173000,8691.999999935795,-1712377.2953071017,330293.3389301432,-1382083.9563769584,299.598835004873,1428.4328132192022,0.9238804444120753,86.9
2174000,8695.99999993661,-1711114.6221496724,331140.899380388,-1379973.7227692844,300.3676307799014,1428.4328132192022,0.9238804444120753,86.9
2175000,8699.999999937425,-1715164.2789264992,331076.14731209417,-1384088.131614405,300.3088961887413,1428.4328132192022,0.9238804444120753,86.9
2176000,8703.99999993824,-1714603.9082630742,332638.7863792742,-1381965.1218838,301.7263175802131,1428.4328132192022,0.9238804444120753,86.9
2177000,8707.999999939055,-1712119.3196000252,331954.62917229824,-1380164.690427727,301.1057398149027,1428.4328132192022,0.9238804444120753,86.9
2178000,8711.99999993987,-1713828.3704888932,332943.3806303318,-1380884.9898585614,302.00260557034227,1428.4328132192022,0.9238804444120753,86.9
2179000,8715.999999940685,-1711976.9763603732,330959.89287779835,-1381017.083482575,300.20344540008176,1428.4328132192022,0.9238804444120753,86.9
2180000,8719.9999999415,-1713592.74953953,332153.12586557324,-1381439.6236739566,301.28579000377465,1428.4328132192022,0.9238804444120753,86.9
2181000,8723.999999942314,-1714565.7327485066,333177.2080963778,-1381388.5246521288,302.21470320648115,1428.4328132192022,0.9238804444120753,86.9
2182000,8727.99999994313,-1711772.1446462683,331729.61032603343,-1380042.5343202348,300.9016322043362,1428.4328132192022,0.9238804444120753,86.9
2183000,8731.999999943944,-1711061.742046481,332443.27991444734,-1378618.4621320337,301.5489797347459,1428.4328132192022,0.9238804444120753,86.9
2184000,8735.99999994476,-1713419.402131416,331059.1257809553,-1382360.2763504605,300.2934564862159,1428.4328132192022,0.9238804444120753,86.9
2185000,8739.999999945574,-1713251.744037481,333243.63584486593,-1380008.1081926152,302.2749577551303,1428.4328132192022,0.9238804444120753,86.9
2186000,8743.999999946389,-1712498.5785110202,332211.6875613043,-1380286.8909497159,301.3389095001404,1428.4328132192022,0.9238804444120753,86.9
2187000,8747.999999947204,-1713846.7604562286,331843.2200033107,-1382003.540452918,301.0046840160009,1428.4328132192022,0.9238804444120753,86.9
2188000,8751.999999948019,-1710973.4642474726,331482.68346597627,-1379490.7807814963,300.67765251451203,1428.4328132192022,0.9238804444120753,86.9
2189000,8755.999999948834,-1711048.9793566577,331361.24778787413,-1379687.7315687835,300.5675019804284,1428.4328132192022,0.9238804444120753,86.9
2190000,8759.999999949649,-1710878.9266433865,330869.48741946736,-1380009.439223919,300.12144141513375,1428.4328132192022,0.9238804444120753,86.9
2191000,8763.999999950463,-1713122.609700229,331566.57941309386,-1381556.0302871352,300.75375192390214,1428.4328132192022,0.9238804444120753,86.9
2192000,8767.999999951278,-1713259.8701470625,332083.57900157076,-1381176.2911454916,301.2227062022639,1428.4328132192022,0.9238804444120753,86.9
2193000,8771.999999952093,-1716328.3091019355,329671.9311896684,-1386656.377912267,299.0351753328,1428.4328132192022,0.9238804444120753,86.9
2194000,8775.999999952908,-1712677.5942714196,331187.1683162387,-1381490.425955181,300.40959989536316,1428.4328132192022,0.9238804444120753,86.9
2195000,8779.999999953723,-1713400.3386935107,333358.4282616507,-1380041.91043186,302.37908239308854,1428.4328132192022,0.9238804444120753,86.9
2196000,8783.999999954538,-1710333.4111804701,333205.4716247404,-1377127.9395557297,302.2403401757219,1428.4328132192022,0.9238804444120753,86.9
2197000,8787.999999955353,-1713855.868478207,331041.2814542128,-1382814.5870239942,300.27727045133906,1428.4328132192022,0.9238804444120753,86.9
2198000,8791.999999956168,-1713984.5871029645,332767.1571790208,-1381217.4299239437,301.8427587478652,1428.4328132192022,0.9238804444120753,86.9
2199000,8795.999999956983,-1714908.6163098272,328455.577771357,-1386453.0385384702,297.93185890425593,1428.4328132192022,0.9238804444120753,86.9
2200000,8799.999999957798,-1714277.6030603107,329126.46556872816,-1385151.1374915824,298.5404004000137,1428.4328132192022,0.9238804444120753,86.9
2201000,8803.999999958613,-1711497.1388723198,330724.2026333576,-1380772.9362389622,299.989658095484,1428.4328132192022,0.9238804444120753,86.9
2202000,8807.999999959427,-1711265.3158675153,331937.56657194346,-1379327.7492955718,301.09026285976637,1428.4328132192022,0.9238804444120753,86.9
2203000,8811.999999960242,-1710799.818323698,331625.2507049908,-1379174.5676187072,300.806970831548,1428.4328132192022,0.9238804444120753,86.9
2204000,8815.999999961057,-1711327.7481023557,333219.70802538894,-1378108.0400769669,302.2532535728336,1428.4328132192022,0.9238804444120753,86.9
2205000,8819.999999961872,-1712121.2609150466,331513.06160467723,-1380608.1993103693,300.70520758115043,1428.4328132192022,0.9238804444120753,86.9
2206000,8823.999999962687,-1710088.7733476646,331766.3718459585,-1378322.401501706,300.9349774379344,1428.4328132192022,0.9238804444120753,86.9
2207000,8827.999999963502,-1711675.6104775146,330274.30027605826,-1381401.3102014563,299.58156563273735,1428.4328132192022,0.9238804444120753,86.9
2208000,8831.999999964317,-1709402.652778022,331839.939058502,-1377562.71371952,301.00170797280975,1428.4328132192022,0.9238804444120753,86.9
2209000,8835.999999965132,-1712185.1403615978,333628.4453595781,-1378556.6950020196,302.6240065209334,1428.4328132192022,0.9238804444120753,86.9
2210000,8839.999999965947,-1712424.1506109033,331455.3478719564,-1380968.8027389469,300.6528572457094,1428.4328132192022,0.9238804444120753,86.9
2211000,8843.999999966762,-1712208.4085982982,331356.5544824897,-1380851.8541158084,300.5632448288006,1428.4328132192022,0.9238804444120753,86.9
2212000,8847.999999967577,-1712179.481520556,331430.4387472604,-1380749.0427732954,300.6302629519095,1428.4328132192022,0.9238804444120753,86.9
2213000,8851.999999968391,-1712813.2432915121,330437.0968141047,-1382376.1464774073,299.72923331898113,1428.4328132192022,0.9238804444120753,86.9
2214000,8855.999999969206,-1712660.808402311,331509.09732269624,-1381151.7110796147,300.701611704022,1428.4328132192022,0.9238804444120753,86.9
2215000,8859.999999970021,-1711842.7230078913,332036.35668608826,-1379806.366321803,301.1798723057323,1428.4328132192022,0.9238804444120753,86.9
2216000,8863.999999970836,-1712334.704255985,331007.3322793359,-1381327.3719766492,300.2464762086352,1428.4328132192022,0.9238804444120753,86.9
2217000,8867.999999971651,-1713066.1887574345,334225.4612477758,-1378840.7275096588,303.1655411009609,1428.4328132192022,0.9238804444120753,86.9
2218000,8871.999999972466,-1712611.6936550513,331862.71883292287,-1380748.9748221284,301.02237079907286,1428.4328132192022,0.9238804444120753,86.9
2219000,8875.99999997328,-1711984.348095443,330719.2815096635,-1381265.0665857797,299.98519429693926,1428.4328132192022,0.9238804444120753,86.9
2220000,8879.999999974096,-1712085.4126467556,331123.84270806704,-1380961.5699386885,300.35215920190063,1428.4328132192022,0.9238804444120753,86.9
2221000,8883.99999997491,-1712130.276418995,332467.256311213,-1379663.020107782,301.57072797999325,1428.4328132192022,0.9238804444120753,86.9
2222000,8887.999999975726,-1712238.3977131974,331831.5951859571,-1380406.8025272402,300.994139505029,1428.4328132192022,0.9238804444120753,86.9
2223000,8891.99999997654,-1711381.9822556116,331752.6187789744,-1379629.3634766373,300.9225024577863,1428.4328132192022,0.9238804444120753,86.9
2224000,8895.999999977355,-1711355.4277442507,331173.1394807972,-1380182.2882634536,300.3968747742077,1428.4328132192022,0.9238804444120753,86.9
2225000,8899.99999997817,-1713546.093177367,330995.9652544924,-1382550.1279228746,300.23616553324706,1428.4328132192022,0.9238804444120753,86.9
2226000,8903.999999978985,-1710373.6522214226,332195.18598985975,-1378178.466231563,301.3239414369135,1428.4328132192022,0.9238804444120753,86.9
2227000,8907.9999999798,-1711166.3550199047,330657.85524699895,-1380508.4997729058,299.929476440828,1428.4328132192022,0.9238804444120753,86.9
2228000,8911.999999980615,-1712929.6577074267,332884.43748013466,-1380045.220227292,301.94914006847114,1428.4328132192022,0.9238804444120753,86.9
2229000,8915.99999998143,-1712487.4767981116,332047.2036374678,-1380440.2731606439,301.18971123862514,1428.4328132192022,0.9238804444120753,86.9
2230000,8919.999999982245,-1711990.7016639728,332572.10275232163,-1379418.5989116512,301.6658309321517,1428.4328132192022,0.9238804444120753,86.9
2231000,8923.99999998306,-1714212.8118217178,333045.2151554006,-1381167.5966663172,302.0949765069549,1428.4328132192022,0.9238804444120753,86.9
2232000,8927.999999983875,-1713391.9909658171,330953.6616536275,-1382438.3293121895,300.1977932500618,1428.4328132192022,0.9238804444120753,86.9
2233000,8931.99999998469,-1713150.1216674764,332946.6235896447,-1380203.4980778317,302.0055471580692,1428.4328132192022,0.9238804444120753,86.9
2234000,8935.999999985504,-1712890.737076534,331674.97517031466,-1381215.7619062192,300.8520743505306,1428.4328132192022,0.9238804444120753,86.9
2235000,8939.99999998632,-1712562.2902710736,330526.69328275917,-1382035.5969883143,299.8105034945056,1428.4328132192022,0.9238804444120753,86.9
2236000,8943.999999987134,-1712847.5286325272,332162.96831805905,-1380684.560314468,301.29471778690186,1428.4328132192022,0.9238804444120753,86.9
2237000,8947.99999998795,-1711648.5302322544,331717.2450510858,-1379931.2851811687,300.89041604726555,1428.4328132192022,0.9238804444120753,86.9
2238000,8951.999999988764,-1713380.4315447547,332822.8534015903,-1380557.5781431643,301.89327906247416,1428.4328132192022,0.9238804444120753,86.9
2239000,8955.999999989579,-1712723.5852249265,331071.5379398991,-1381652.0472850273,300.3047151703041,1428.4328132192022,0.9238804444120753,86.9
2240000,8959.999999990394,-1710472.312931601,331368.5673264798,-1379103.7456051211,300.57414130668957,1428.4328132192022,0.9238804444120753,86.9
2241000,8963.999999991209,-1712555.4608401116,331871.3326959254,-1380684.1281441862,301.0301841668168,1428.4328132192022,0.9238804444120753,86.9
2242000,8967.999999992024,-1710900.9075307343,331586.61916093336,-1379314.288369801,300.7719293571073,1428.4328132192022,0.9238804444120753,86.9
2243000,8971.999999992839,-1710115.5465178173,330759.5282278757,-1379356.0182899416,300.0217008457186,1428.4328132192022,0.9238804444120753,86.9
2244000,8975.999999993654,-1713396.6150170695,332387.2893595129,-1381009.3256575565,301.4981924403852,1428.4328132192022,0.9238804444120753,86.9
2245000,8979.999999994468,-1711068.0042663887,330619.4310859807,-1380448.573180408,299.8946230771047,1428.4328132192022,0.9238804444120753,86.9
2246000,8983.999999995283,-1712917.8714015968,331499.36241809773,-1381418.5089834991,300.6927814742449,1428.4328132192022,0.9238804444120753,86.9
2247000,8987.999999996098,-1711997.9003982209,331662.4886607696,-1380335.4117374513,300.84074822531994,1428.4328132192022,0.9238804444120753,86.9
2248000,8991.999999996913,-1713014.6240590252,333300.01150861627,-1379714.612550409,302.3260943697436,1428.4328132192022,0.9238804444120753,86.9
2249000,8995.999999997728,-1711392.1320165526,332661.77339786675,-1378730.358618686,301.74716839123124,1428.4328132192022,0.9238804444120753,86.9
2250000,8999.999999998543,-1713201.2615767512,333134.54505404155,-1380066.7165227097,302.17600488509476,1428.4328132192022,0.9238804444120753,86.9
2251000,9003.999999999358,-1712467.899448203,331577.08986528794,-1380890.809582915,300.7632856288291,1428.4328132192022,0.9238804444120753,86.9
2252000,9008.000000000173,-1712941.7167065833,331786.62021304993,-1381155.0964935333,300.95334410318713,1428.4328132192022,0.9238804444120753,86.9
2253000,9012.000000000988,-1716773.0231463276,332787.8126030549,-1383985.2105432726,301.86149464183507,1428.4328132192022,0.9238804444120753,86.9
2254000,9016.000000001803,-1712492.4285609666,331815.574637942,-1380676.8539230246,300.9796077632234,1428.4328132192022,0.9238804444120753,86.9
2255000,9020.000000002618,-1711493.159226358,333190.6924088079,-1378302.46681755,302.2269344077158,1428.4328132192022,0.9238804444120753,86.9
2256000,9024.000000003432,-1713587.216283802,332977.2460165909,-1380609.970267211,302.0333238109919,1428.4328132192022,0.9238804444120753,86.9
2257000,9028.000000004247,-1712813.253398966,331937.64004410803,-1380875.613354858,301.0903295040862,1428.4328132192022,0.9238804444120753,86.9
2258000,9032.000000005062,-1711458.9468035903,330798.65502758423,-1380660.291776006,300.057191551187,1428.4328132192022,0.9238804444120753,86.9
2259000,9036.000000005877,-1715044.7308087777,330024.0516448413,-1385020.6791639365,299.3545728674064,1428.4328132192022,0.9238804444120753,86.9
2260000,9040.000000006692,-1712486.5711683966,331311.4834384132,-1381175.0877299835,300.5223622837831,1428.4328132192022,0.9238804444120753,86.9
2261000,9044.000000007507,-1713541.71774544,330717.382989083,-1382824.3347563571,299.98347220785325,1428.4328132192022,0.9238804444120753,86.9
2262000,9048.000000008322,-1714048.7389678117,332533.75199781626,-1381514.9869699953,301.63104415319765,1428.4328132192022,0.9238804444120753,86.9
2263000,9052.000000009137,-1711686.588007046,332278.4111905085,-1379408.1768165375,301.3994324330026,1428.4328132192022,0.9238804444120753,86.9
2264000,9056.000000009952,-1711778.1251808852,332335.0001913256,-1379443.1249895596,301.45076255904684,1428.4328132192022,0.9238804444120753,86.9
2265000,9060.000000010767,-1712586.3553058635,330189.2224021161,-1382397.1329037475,299.50439413421327,1428.4328132192022,0.9238804444120753,86.9
2266000,9064.000000011582,-1710900.9052339029,331646.86881745065,-1379254.0364164521,300.8265799503057,1428.4328132192022,0.9238804444120753,86.9
2267000,9068.000000012396,-1711377.2278814018,331376.4528285747,-1380000.775052827,300.58129400086347,1428.4328132192022,0.9238804444120753,86.9
2268000,9072.000000013211,-1713313.2157806996,331669.31876215624,-1381643.8970185434,300.8469435982724,1428.4328132192022,0.9238804444120753,86.9
2269000,9076.000000014026,-1715207.4753204025,330814.0431023581,-1384393.4322180445,300.07114959614836,1428.4328132192022,0.9238804444120753,86.9
2270000,9080.000000014841,-1714402.9317732342,331368.43253948365,-1383034.4992337506,300.5740190455893,1428.4328132192022,0.9238804444120753,86.9
2271000,9084.000000015656,-1711551.0619431287,332557.5905070024,-1378993.4714361264,301.65266732490176,1428.4328132192022,0.9238804444120753,86.9
2272000,9088.000000016471,-1713309.7299366295,332740.38977643126,-1380569.3401601983,301.8184788678715,1428.4328132192022,0.9238804444120753,86.9
2273000,9092.000000017286,-1712516.6872541495,332547.639076132,-1379969.0481780176,301.6436406908647,1428.4328132192022,0.9238804444120753,86.9
2274000,9096.0000000181,-1712015.9126568083,331299.7051002483,-1380716.20755656,300.5116785188488,1428.4328132192022,0.9238804444120753,86.9
2275000,9100.000000018916,-1711959.444492951,331187.91440777376,-1380771.5300851772,300.410276651835,1428.4328132192022,0.9238804444120753,86.9
2276000,9104.00000001973,-1714174.6004703492,332979.41410146415,-1381195.186368885,302.03529041348014,1428.4328132192022,0.9238804444120753,86.9
2277000,9108.000000020545,-1713475.2820286956,330249.72550979943,-1383225.556518896,299.559274625097,1428.4328132192022,0.9238804444120753,86.9
2278000,9112.00000002136,-1713836.2068033293,328966.6867510233,-1384869.520052306,298.39546999421776,1428.4328132192022,0.9238804444120753,86.9
2279000,9116.000000022175,-1713073.865924023,332181.2112440235,-1380892.6546799997,301.31126537875986,1428.4328132192022,0.9238804444120753,86.9
2280000,9120.00000002299,-1712599.8620640952,331033.74192851246,-1381566.1201355828,300.2704315816131,1428.4328132192022,0.9238804444120753,86.9
2281000,9124.000000023805,-1712515.6170856468,331830.7638110758,-1380684.853274571,300.9933853906812,1428.4328132192022,0.9238804444120753,86.9
2282000,9128.00000002462,-1711344.8359210957,331114.60110147495,-1380230.2348196208,300.34377642743254,1428.4328132192022,0.9238804444120753,86.9
2283000,9132.000000025435,-1713909.135535026,332569.27524648915,-1381339.8602885369,301.66326618938064,1428.4328132192022,0.9238804444120753,86.9
2284000,9136.00000002625,-1711980.6887382735,331918.4649113199,-1380062.2238269537,301.0729363363553,1428.4328132192022,0.9238804444120753,86.9
2285000,9140.000000027065,-1712795.3661280293,332863.9253947162,-1379931.440733313,301.9305341925101,1428.4328132192022,0.9238804444120753,86.9
2286000,9144.00000002788,-1712031.1059141792,332827.09066936193,-1379204.0152448174,301.89712255653944,1428.4328132192022,0.9238804444120753,86.9
2287000,9148.000000028695,-1712463.7932295445,332182.8574921207,-1380280.9357374238,301.3127586393071,1428.4328132192022,0.9238804444120753,86.9
2288000,9152.00000002951,-1711183.9631929677,332330.52554139344,-1378853.4376515741,301.44670374299244,1428.4328132192022,0.9238804444120753,86.9
2289000,9156.000000030324,-1712012.7845316045,332392.0079913842,-1379620.7765402202,301.5024725648831,1428.4328132192022,0.9238804444120753,86.9
2290000,9160.00000003114,-1712910.4335659351,332789.3808524932,-1380121.052713442,301.86291715222,1428.4328132192022,0.9238804444120753,86.9
2291000,9164.000000031954,-1712400.4636869356,333588.2066358855,-1378812.2570510502,302.58750722373463,1428.4328132192022,0.9238804444120753,86.9
2292000,9168.00000003277,-1710678.920169387,331034.0292554768,-1379644.8909139102,300.2706922069834,1428.4328132192022,0.9238804444120753,86.9
2293000,9172.000000033584,-1712630.7064607814,331650.6038644543,-1380980.1025963272,300.82996789550197,1428.4328132192022,0.9238804444120753,86.9
2294000,9176.000000034399,-1713616.9643282164,333124.5264470066,-1380492.43788121,302.1669173176441,1428.4328132192022,0.9238804444120753,86.9
2295000,9180.000000035214,-1711516.1307500172,330964.1612929686,-1380551.9694570487,300.20731714698553,1428.4328132192022,0.9238804444120753,86.9
2296000,9184.000000036029,-1711442.3923271485,331715.85096754227,-1379726.5413596062,300.88915151735733,1428.4328132192022,0.9238804444120753,86.9
2297000,9188.000000036844,-1713792.2004700843,332356.9174033011,-1381435.283066783,301.47064298169084,1428.4328132192022,0.9238804444120753,86.9
2298000,9192.000000037659,-1712221.9254347868,331033.202673484,-1381188.7227613027,300.269942440116,1428.4328132192022,0.9238804444120753,86.9
2299000,9196.000000038473,-1710877.9188153464,331144.3837090521,-1379733.5351062943,300.37079130627455,1428.4328132192022,0.9238804444120753,86.9
2300000,9200.000000039288,-1711821.1316952799,331191.06135016994,-1380630.0703451098,300.41313114559733,1428.4328132192022,0.9238804444120753,86.9
2301000,9204.000000040103,-1715754.1707271896,331416.06112846226,-1384338.1095987274,300.61722146019787,1428.4328132192022,0.9238804444120753,86.9
2302000,9208.000000040918,-1712840.4607128743,332506.1980698284,-1380334.262643046,301.60605084043,1428.4328132192022,0.9238804444120753,86.9
2303000,9212.000000041733,-1709717.5825935658,332273.6596750355,-1377443.9229185302,301.39512248081024,1428.4328132192022,0.9238804444120753,86.9
2304000,9216.000000042548,-1713058.8224520031,332591.0837961216,-1380467.7386558815,301.6830480477862,1428.4328132192022,0.9238804444120753,86.9
2305000,9220.000000043363,-1711831.085946994,330290.0318203909,-1381541.054126603,299.5958352282737,1428.4328132192022,0.9238804444120753,86.9
2306000,9224.000000044178,-1714203.3067419492,331617.1367166571,-1382586.170025292,300.79961088459936,1428.4328132192022,0.9238804444120753,86.9
2307000,9228.000000044993,-1713584.0651549194,331217.34878777264,-1382366.7163671467,300.43697566425016,1428.4328132192022,0.9238804444120753,86.9
2308000,9232.000000045808,-1712018.3773180675,331513.927240274,-1380504.4500777936,300.7059927723298,1428.4328132192022,0.9238804444120753,86.9
2309000,9236.000000046623,-1712871.9834148623,332211.185736114,-1380660.7976787484,301.33845431008757,1428.4328132192022,0.9238804444120753,86.9
2310000,9240.000000047437,-1712478.5352986585,332344.54871899117,-1380133.9865796673,301.45942373209346,1428.4328132192022,0.9238804444120753,86.9
2311000,9244.000000048252,-1710041.5477957316,333103.28331776056,-1376938.264477971,302.1476483345196,1428.4328132192022,0.9238804444120753,86.9
2312000,9248.000000049067,-1711092.6964585278,330868.74487158447,-1380223.9515869434,300.12076787299884,1428.4328132192022,0.9238804444120753,86.9
2313000,9252.000000049882,-1708120.347594561,331208.4304529801,-1376911.917141581,300.42888611959665,1428.4328132192022,0.9238804444120753,86.9
2314000,9256.000000050697,-1711804.6715002246,332628.9767283885,-1379175.694771836,301.71741955039914,1428.4328132192022,0.9238804444120753,86.9
2315000,9260.000000051512,-1713027.7646160908,331866.2635395315,-1381161.5010765593,301.0255860924052,1428.4328132192022,0.9238804444120753,86.9
2316000,9264.000000052327,-1713233.2604238,332411.2979216512,-1380821.9625021487,301.51996986184355,1428.4328132192022,0.9238804444120753,86.9
2317000,9268.000000053142,-1712366.232763566,330717.72378687357,-1381648.5089766926,299.98378133495027,1428.4328132192022,0.9238804444120753,86.9
2318000,9272.000000053957,-1711417.3996805362,331801.9913520961,-1379615.40832844,300.96728678627557,1428.4328132192022,0.9238804444120753,86.9
2319000,9276.000000054772,-1712941.1410032436,332551.3774860848,-1380389.7635171588,301.64703168648776,1428.4328132192022,0.9238804444120753,86.9
2320000,9280.000000055586,-1714958.983597938,332563.4708054698,-1382395.512792468,301.6580011611094,1428.4328132192022,0.9238804444120753,86.9
2321000,9284.000000056401,-1713690.7370514795,332009.2871893832,-1381681.4498620965,301.1553184055439,1428.4328132192022,0.9238804444120753,86.9
2322000,9288.000000057216,-1714068.835778566,330858.0010992275,-1383210.8346793386,300.1110225305947,1428.4328132192022,0.9238804444120753,86.9
2323000,9292.000000058031,-1712511.4665606506,332979.6720860681,-1379531.7944745827,302.03552442330624,1428.4328132192022,0.9238804444120753,86.9
2324000,9296.000000058846,-1712103.8494304903,331205.6288155597,-1380898.2206149306,300.42634484125915,1428.4328132192022,0.9238804444120753,86.9
2325000,9300.000000059661,-1712148.790460812,329597.3309819709,-1382551.4594788412,298.9675078000859,1428.4328132192022,0.9238804444120753,86.9
2326000,9304.000000060476,-1712647.6512097195,333061.8132837751,-1379585.8379259445,302.1100321539757,1428.4328132192022,0.9238804444120753,86.9
2327000,9308.00000006129,-1710249.18558722,331636.4336244377,-1378612.7519627821,300.8171145106458,1428.4328132192022,0.9238804444120753,86.9
2328000,9312.000000062106,-1710923.8558546398,331174.8956548222,-1379748.9601998175,300.3984677451517,1428.4328132192022,0.9238804444120753,86.9
2329000,9316.00000006292,-1711641.8582761325,330533.9868711373,-1381107.8714049952,299.81711928212087,1428.4328132192022,0.9238804444120753,86.9
2330000,9320.000000063736,-1711463.2128057797,331415.6096440985,-1380047.6031616812,300.6168119327462,1428.4328132192022,0.9238804444120753,86.9
2331000,9324.00000006455,-1712681.47344381,329649.4025354681,-1383032.0709083418,299.0147402898939,1428.4328132192022,0.9238804444120753,86.9
2332000,9328.000000065365,-1711283.0888492148,331282.05883581896,-1380001.030013396,300.49567214014814,1428.4328132192022,0.9238804444120753,86.9
2333000,9332.00000006618,-1711447.4933061674,331742.8257892814,-1379704.667516886,300.91361954082305,1428.4328132192022,0.9238804444120753,86.9
2334000,9336.000000066995,-1712410.442610586,332260.6857559806,-1380149.7568546054,301.383354241563,1428.4328132192022,0.9238804444120753,86.9
2335000,9340.00000006781,-1714216.8302819636,332246.940216592,-1381969.8900653715,301.37088608946317,1428.4328132192022,0.9238804444120753,86.9
2336000,9344.000000068625,-1712630.7017695121,330865.3334662758,-1381765.3683032363,300.1176734931379,1428.4328132192022,0.9238804444120753,86.9
2337000,9348.00000006944,-1713269.4034651928,330279.2984458998,-1382990.105019293,299.5860993174508,1428.4328132192022,0.9238804444120753,86.9
2338000,9352.000000070255,-1715289.6306945886,332625.93136128644,-1382663.6993333022,301.7146571924331,1428.4328132192022,0.9238804444120753,86.9
2339000,9356.00000007107,-1713469.5480276942,332142.0528134411,-1381327.4952142532,301.2757459819076,1428.4328132192022,0.9238804444120753,86.9
2340000,9360.000000071885,-1715866.016575247,331118.7322619527,-1384747.2843132943,300.3475236748653,1428.4328132192022,0.9238804444120753,86.9
2341000,9364.0000000727,-1714377.4546448048,331570.1555891508,-1382807.299055654,300.75699576219415,1428.4328132192022,0.9238804444120753,86.9
2342000,9368.000000073514,-1713896.7645195369,331190.15619508724,-1382706.6083244495,300.41231010751903,1428.4328132192022,0.9238804444120753,86.9
2343000,9372.00000007433,-1710052.4150987174,332500.1590152779,-1377552.2560834396,301.60057300150737,1428.4328132192022,0.9238804444120753,86.9
2344000,9376.000000075144,-1713456.4936227147,331988.4482532194,-1381468.0453694952,301.1364160534177,1428.4328132192022,0.9238804444120753,86.9
2345000,9380.00000007596,-1713814.8810929563,332481.3011467572,-1381333.579946199,301.58346761434524,1428.4328132192022,0.9238804444120753,86.9
2346000,9384.000000076774,-1713327.5815746915,330667.6691504686,-1382659.9124242228,299.9383783280289,1428.4328132192022,0.9238804444120753,86.9
2347000,9388.000000077589,-1712974.9646620844,333365.8357948691,-1379609.1288672152,302.3858015365314,1428.4328132192022,0.9238804444120753,86.9
2348000,9392.000000078404,-1708702.8153435607,331853.8873573199,-1376848.9279862407,301.014360041694,1428.4328132192022,0.9238804444120753,86.9
2349000,9396.000000079219,-1713189.2600059714,331116.04073357955,-1382073.2192723919,300.34508227302655,1428.4328132192022,0.9238804444120753,86.9
2350000,9400.000000080034,-1714132.7905386835,332364.2389286246,-1381768.5516100589,301.477284110042,1428.4328132192022,0.9238804444120753,86.9
2351000,9404.000000080849,-1713059.6615170334,332141.6389542252,-1380918.0225628081,301.27537058305967,1428.4328132192022,0.9238804444120753,86.9
2352000,9408.000000081664,-1713496.6492858566,331720.09625866637,-1381776.5530271903,300.8930022891566,1428.4328132192022,0.9238804444120753,86.9
2353000,9412.000000082478,-1710599.8496878613,330969.22813546273,-1379630.6215523984,300.21191312253046,1428.4328132192022,0.9238804444120753,86.9
2354000,9416.000000083293,-1710264.5642280504,332505.31450184423,-1377759.249726206,301.6052493833386,1428.4328132192022,0.9238804444120753,86.9
2355000,9420.000000084108,-1712382.1934105325,331672.0805964369,-1380710.1128140956,300.8494487724175,1428.4328132192022,0.9238804444120753,86.9
2356000,9424.000000084923,-1711345.8673163764,331296.04765997204,-1380049.8196564044,300.50836096830596,1428.4328132192022,0.9238804444120753,86.9
2357000,9428.000000085738,-1711395.9457239788,333071.6580444066,-1378324.2876795721,302.11896203075025,1428.4328132192022,0.9238804444120753,86.9
2358000,9432.000000086553,-1712301.4764841627,333132.58763227484,-1379168.888851888,302.17422936857116,1428.4328132192022,0.9238804444120753,86.9
2359000,9436.000000087368,-1713190.368947357,332014.6143488767,-1381175.7545984802,301.1601505065584,1428.4328132192022,0.9238804444120753,86.9
2360000,9440.000000088183,-1713781.5939165652,332970.03700071655,-1380811.5569158485,302.0267847364695,1428.4328132192022,0.9238804444120753,86.9
2361000,9444.000000088998,-1711602.070290869,331405.46090180177,-1380196.6093890674,300.60760632363906,1428.4328132192022,0.9238804444120753,86.9
2362000,9448.000000089813,-1714339.3618388232,331832.1426651825,-1382507.2191736407,300.9946361064399,1428.4328132192022,0.9238804444120753,86.9
2363000,9452.000000090628,-1712964.6317488998,332281.04424063885,-1380683.587508261,301.40182079104244,1428.4328132192022,0.9238804444120753,86.9
2364000,9456.000000091442,-1713985.9405576102,332069.5674818311,-1381916.373075779,301.20999678764406,1428.4328132192022,0.9238804444120753,86.9
2365000,9460.000000092257,-1711518.6323755123,332609.79396423156,-1378908.8384112807,301.7000194604906,1428.4328132192022,0.9238804444120753,86.9
2366000,9464.000000093072,-1713324.9494743515,330775.3533715002,-1382549.5961028512,300.0360553422671,1428.4328132192022,0.9238804444120753,86.9
2367000,9468.000000093887,-1711705.098552823,331228.77990553976,-1380476.3186472834,300.4473444763398,1428.4328132192022,0.9238804444120753,86.9
2368000,9472.000000094702,-1711532.82402331,332446.434192893,-1379086.389830417,301.551840882811,1428.4328132192022,0.9238804444120753,86.9
2369000,9476.000000095517,-1710877.9231290258,333272.8260246889,-1377605.097104337,302.3014352611462,1428.4328132192022,0.9238804444120753,86.9
2370000,9480.000000096332,-1713032.4582142942,332575.1486004259,-1380457.3096138681,301.66859372642,1428.4328132192022,0.9238804444120753,86.9
2371000,9484.000000097147,-1714247.3111395072,330040.64288203744,-1384206.6682574698,299.3696222636532,1428.4328132192022,0.9238804444120753,86.9
2372000,9488.000000097962,-1713943.2528260145,333180.95209910674,-1380762.3007269078,302.21809927513783,1428.4328132192022,0.9238804444120753,86.9
2373000,9492.000000098777,-1713611.9840854239,331568.6644975164,-1382043.3195879075,300.75564323925806,1428.4328132192022,0.9238804444120753,86.9
2374000,9496.000000099591,-1713424.5158783272,333143.86101678177,-1380280.6548615454,302.1844551057167,1428.4328132192022,0.9238804444120753,86.9
2375000,9500.000000100406,-1713664.6956475656,332129.0638957718,-1381535.631751794,301.26396413788285,1428.4328132192022,0.9238804444120753,86.9
2376000,9504.000000101221,-1714237.6479750127,332798.9434595128,-1381438.7045155,301.8715910962116,1428.4328132192022,0.9238804444120753,86.9
2377000,9508.000000102036,-1714275.228130415,331661.40126057266,-1382613.8268698424,300.8397618783556,1428.4328132192022,0.9238804444120753,86.9
2378000,9512.000000102851,-1713426.9196768869,331267.23933415266,-1382159.6803427343,300.48222983020344,1428.4328132192022,0.9238804444120753,86.9
2379000,9516.000000103666,-1712240.488300437,332501.7227861463,-1379738.765514291,301.6019914495206,1428.4328132192022,0.9238804444120753,86.9
2380000,9520.000000104481,-1712567.6877307985,332377.04174114234,-1380190.6459896562,301.48889714386075,1428.4328132192022,0.9238804444120753,86.9
2381000,9524.000000105296,-1715168.414041018,332362.670126984,-1382805.7439140342,301.4758610987715,1428.4328132192022,0.9238804444120753,86.9
2382000,9528.00000010611,-1713041.8778854627,333827.32551244815,-1379214.5523730146,302.8044045341009,1428.4328132192022,0.9238804444120753,86.9
2383000,9532.000000106926,-1713717.2789417244,331828.0350025597,-1381889.2439391648,300.99091017318204,1428.4328132192022,0.9238804444120753,86.9
2384000,9536.00000010774,-1713920.6321167704,331797.0124891524,-1382123.619627618,300.96277061424973,1428.4328132192022,0.9238804444120753,86.9
2385000,9540.000000108555,-1713268.2988507766,330882.25614975893,-1382386.0427010176,300.1330235340231,1428.4328132192022,0.9238804444120753,86.9
2386000,9544.00000010937,-1713864.3842359968,331126.8506924658,-1382737.5335435309,300.35488765117697,1428.4328132192022,0.9238804444120753,86.9
2387000,9548.000000110185,-1714431.848177923,331663.5413215723,-1382768.3068563505,300.84170306125804,1428.4328132192022,0.9238804444120753,86.9
2388000,9552.000000111,-1713796.5703622382,331303.42704378295,-1382493.1433184552,300.51505457829506,1428.4328132192022,0.9238804444120753,86.9
2389000,9556.000000111815,-1711532.680572169,332021.9133535072,-1379510.7672186617,301.16677120708806,1428.4328132192022,0.9238804444120753,86.9
2390000,9560.00000011263,-1713023.882479772,331930.75088792824,-1381093.1315918437,301.084080564364,1428.4328132192022,0.9238804444120753,86.9
2391000,9564.000000113445,-1713808.5489378087,331326.34821402986,-1382482.200723779,300.5358456603229,1428.4328132192022,0.9238804444120753,86.9
2392000,9568.00000011426,-1715191.203003129,331372.89287264313,-1383818.3101304858,300.57806487534367,1428.4328132192022,0.9238804444120753,86.9
2393000,9572.000000115075,-1713406.9442862254,332219.66830539965,-1381187.2759808258,301.3461485853765,1428.4328132192022,0.9238804444120753,86.9
2394000,9576.00000011589,-1712687.9986626022,331310.2788980774,-1381377.7197645248,300.52126968263497,1428.4328132192022,0.9238804444120753,86.9
2395000,9580.000000116705,-1712935.7046092935,331415.03287924925,-1381520.6717300443,300.616288767255,1428.4328132192022,0.9238804444120753,86.9
2396000,9584.00000011752,-1715514.7954803575,333130.98114312335,-1382383.814337234,302.1727721721293,1428.4328132192022,0.9238804444120753,86.9
2397000,9588.000000118334,-1714121.671195807,331775.42547430407,-1382346.245721503,300.9431897031701,1428.4328132192022,0.9238804444120753,86.9
2398000,9592.00000011915,-1713392.3677992057,331565.7577732058,-1381826.6100259998,300.7530066398645,1428.4328132192022,0.9238804444120753,86.9
2399000,9596.000000119964,-1717465.7195169032,331593.2684180173,-1385872.4510988859,300.77796069180647,1428.4328132192022,0.9238804444120753,86.9
2400000,9600.000000120779,-1713427.5112532899,330499.02269800554,-1382928.4885552842,299.78540436600684,1428.4328132192022,0.9238804444120753,86.9
2401000,9604.000000121594,-1712258.4305157345,333235.18647242786,-1379023.2440433067,302.2672935916713,1428.4328132192022,0.9238804444120753,86.9
2402000,9608.000000122409,-1713091.8550027702,331597.006443746,-1381494.8485590243,300.7813513389117,1428.4328132192022,0.9238804444120753,86.9
2403000,9612.000000123224,-1710679.9107240774,331141.2110368857,-1379538.6996871918,300.36791347383627,1428.4328132192022,0.9238804444120753,86.9
2404000,9616.000000124039,-1712380.468113061,332032.3987478087,-1380348.0693652523,301.1762821827786,1428.4328132192022,0.9238804444120753,86.9
2405000,9620.000000124854,-1712894.967822209,332613.734600137,-1380281.233222072,301.7035938889979,1428.4328132192022,0.9238804444120753,86.9
2406000,9624.000000125669,-1712837.2511601169,332702.2186624243,-1380135.0324976926,301.7838550352373,1428.4328132192022,0.9238804444120753,86.9
2407000,9628.000000126483,-1711856.058186205,332638.78261434956,-1379217.2755718555,301.72631416516685,1428.4328132192022,0.9238804444120753,86.9
2408000,9632.000000127298,-1711995.0006516539,331958.9306479098,-1380036.070003744,301.10964154990654,1428.4328132192022,0.9238804444120753,86.8
2409000,9636.000000128113,-1714530.1085125357,333494.27904651826,-1381035.8294660174,302.5023084230552,1428.4328132192022,0.9238804444120753,86.8
2410000,9640.000000128928,-1713631.380418187,333358.6564554723,-1380272.7239627147,302.37928938062066,1428.4328132192022,0.9238804444120753,86.8
2411000,9644.000000129743,-1713583.8809093405,330858.8680711818,-1382725.0128381588,300.1118089339425,1428.4328132192022,0.9238804444120753,86.8
2412000,9648.000000130558,-1712950.4096944146,330254.0450250597,-1382696.3646693549,299.5631927233061,1428.4328132192022,0.9238804444120753,86.8
2413000,9652.000000131373,-1712330.6719995365,333023.8437599884,-1379306.828239548,302.0755911775726,1428.4328132192022,0.9238804444120753,86.8
2414000,9656.000000132188,-1714836.224497553,330714.5394921101,-1384121.685005443,299.98089296001496,1428.4328132192022,0.9238804444120753,86.8
2415000,9660.000000133003,-1713723.5210879426,332608.8265030957,-1381114.694584847,301.6991419065255,1428.4328132192022,0.9238804444120753,86.8
2416000,9664.000000133818,-1712117.255255824,331603.50353453745,-1380513.7517212864,300.7872446482904,1428.4328132192022,0.9238804444120753,86.8
2417000,9668.000000134633,-1713128.3983344566,331171.01114629407,-1381957.3871881627,300.39494422804614,1428.4328132192022,0.9238804444120753,86.8
2418000,9672.000000135447,-1711650.0803785566,331282.9024474091,-1380367.1779311476,300.49643735403475,1428.4328132192022,0.9238804444120753,86.8
2419000,9676.000000136262,-1712800.6737373807,331470.32670145115,-1381330.3470359296,300.6664440769815,1428.4328132192022,0.9238804444120753,86.8
2420000,9680.000000137077,-1711662.123050414,333670.27003438724,-1377991.8530160268,302.66194438516,1428.4328132192022,0.9238804444120753,86.8
2421000,9684.000000137892,-1714724.0625512116,332399.37111252826,-1382324.6914386833,301.5091514235119,1428.4328132192022,0.9238804444120753,86.8
2422000,9688.000000138707,-1711342.2620777301,332410.0788655095,-1378932.1832122207,301.5188640938585,1428.4328132192022,0.9238804444120753,86.8
2423000,9692.000000139522,-1710577.7527164556,332621.99600531225,-1377955.7567111433,301.7110875531875,1428.4328132192022,0.9238804444120753,86.8
2424000,9696.000000140337,-1711656.0240064468,330409.2675802596,-1381246.7564261872,299.70399028481614,1428.4328132192022,0.9238804444120753,86.8
2425000,9700.000000141152,-1711482.9610321,332717.09293609805,-1378765.868096002,301.79734702716974,1428.4328132192022,0.9238804444120753,86.8
2426000,9704.000000141967,-1712393.6183828805,332956.7699120233,-1379436.8484708571,302.01475057214367,1428.4328132192022,0.9238804444120753,86.8
2427000,9708.000000142782,-1711598.8624055218,331708.0506397838,-1379890.811765738,300.88207608218005,1428.4328132192022,0.9238804444120753,86.8
2428000,9712.000000143596,-1714143.1459759474,333464.82083369535,-1380678.325142252,302.4755877926251,1428.4328132192022,0.9238804444120753,86.8
2429000,9716.000000144411,-1713247.822269639,331021.461927142,-1382226.360342497,300.25929277355726,1428.4328132192022,0.9238804444120753,86.8
2430000,9720.000000145226,-1710839.6757871937,332174.6371076816,-1378665.0386795122,301.30530218375395,1428.4328132192022,0.9238804444120753,86.8
2431000,9724.000000146041,-1710928.7719494086,332284.55725400225,-1378644.2146954064,301.40500733641585,1428.4328132192022,0.9238804444120753,86.8
2432000,9728.000000146856,-1711670.1182355173,332097.13892641413,-1379572.9793091032,301.23500598917144,1428.4328132192022,0.9238804444120753,86.8
2433000,9732.000000147671,-1712611.3886467498,331275.82391332614,-1381335.5647334238,300.49001663549507,1428.4328132192022,0.9238804444120753,86.8
2434000,9736.000000148486,-1709942.7761288323,330868.02761466807,-1379074.7485141642,300.12011727151463,1428.4328132192022,0.9238804444120753,86.8
2435000,9740.0000001493,-1711636.1939225774,332691.5055149514,-1378944.688407626,301.77413747171477,1428.4328132192022,0.9238804444120753,86.8
2436000,9744.000000150116,-1713045.3182412516,330665.6878199824,-1382379.6304212692,299.936581124648,1428.4328132192022,0.9238804444120753,86.8
2437000,9748.00000015093,-1710302.4239321519,331705.5043583988,-1378596.9195737531,300.87976642937565,1428.4328132192022,0.9238804444120753,86.8
2438000,9752.000000151746,-1712317.989707427,333229.27089530765,-1379088.7188121194,302.26192775529285,1428.4328132192022,0.9238804444120753,86.8
2439000,9756.00000015256,-1711801.697973976,331394.8339450384,-1380406.8640289376,300.59796694103375,1428.4328132192022,0.9238804444120753,86.8
2440000,9760.000000153375,-1714817.2342179436,331513.8034238972,-1383303.4307940465,300.7058804623378,1428.4328132192022,0.9238804444120753,86.8
2441000,9764.00000015419,-1711658.894096991,331712.29139072733,-1379946.6027062638,300.88592273572243,1428.4328132192022,0.9238804444120753,86.8
2442000,9768.000000155005,-1713974.4775458071,331550.4686544279,-1382424.0088913792,300.73913835481534,1428.4328132192022,0.9238804444120753,86.8
2443000,9772.00000015582,-1709731.6890929919,332608.3165237881,-1377123.3725692038,301.69867932012596,1428.4328132192022,0.9238804444120753,86.8
2444000,9776.000000156635,-1710877.1853618547,332070.5249316968,-1378806.660430158,301.2108652606967,1428.4328132192022,0.9238804444120753,86.8
2445000,9780.00000015745,-1710084.928243002,332398.81071979896,-1377686.117523203,301.5086431086625,1428.4328132192022,0.9238804444120753,86.8
2446000,9784.000000158265,-1713317.6665788442,332486.46755567053,-1380831.1990231737,301.58815390349844,1428.4328132192022,0.9238804444120753,86.8
2447000,9788.00000015908,-1711916.163241027,331614.28523881565,-1380301.8780022112,300.79702439756295,1428.4328132192022,0.9238804444120753,86.8
2448000,9792.000000159895,-1711892.0052364524,330157.33750771923,-1381734.6677287333,299.4754723362548,1428.4328132192022,0.9238804444120753,86.8
2449000,9796.00000016071,-1710504.4550673682,330945.2269916852,-1379559.2280756831,300.1901424300369,1428.4328132192022,0.9238804444120753,86.8
2450000,9800.000000161524,-1710346.071769368,333397.9611969753,-1376948.1105723926,302.4149414915673,1428.4328132192022,0.9238804444120753,86.8
2451000,9804.00000016234,-1711690.264567444,332728.89117236214,-1378961.373395082,301.80804884105214,1428.4328132192022,0.9238804444120753,86.8
2452000,9808.000000163154,-1711626.0136728678,331781.1222837728,-1379844.891389095,300.9483571022028,1428.4328132192022,0.9238804444120753,86.8
2453000,9812.00000016397,-1711783.781771142,331928.16790079046,-1379855.6138703516,301.0817376169106,1428.4328132192022,0.9238804444120753,86.8
2454000,9816.000000164784,-1711419.0588334147,330553.0431774449,-1380866.0156559697,299.83440466603975,1428.4328132192022,0.9238804444120753,86.8
2455000,9820.000000165599,-1712298.4552415349,332053.4809514496,-1380244.9742900853,301.195405195282,1428.4328132192022,0.9238804444120753,86.8
2456000,9824.000000166414,-1710915.2991264146,331480.79681475786,-1379434.5023116567,300.675941191756,1428.4328132192022,0.9238804444120753,86.8
2457000,9828.000000167229,-1711143.3532212023,332480.6470534429,-1378662.7061677594,301.58287430660374,1428.4328132192022,0.9238804444120753,86.8
2458000,9832.000000168044,-1710799.1453297473,332956.94047258014,-1377842.2048571673,302.0149052823304,1428.4328132192022,0.9238804444120753,86.8
2459000,9836.000000168859,-1712330.1686114036,331890.463673544,-1380439.7049378594,301.047537282764,1428.4328132192022,0.9238804444120753,86.8
2460000,9840.000000169674,-1709706.6545004304,331879.09061392955,-1377827.563886501,301.03722113342246,1428.4328132192022,0.9238804444120753,86.8
2461000,9844.000000170488,-1714355.1683956701,331861.24990329915,-1382493.918492371,301.02103837860864,1428.4328132192022,0.9238804444120753,86.8
2462000,9848.000000171303,-1711300.218728032,331765.07899378636,-1379535.1397342456,300.9338047318609,1428.4328132192022,0.9238804444120753,86.8
2463000,9852.000000172118,-1709461.1573712062,330743.36948827904,-1378717.787882927,300.00704375461896,1428.4328132192022,0.9238804444120753,86.8
2464000,9856.000000172933,-1710975.6094375737,332234.7510385696,-1378740.8583990042,301.35982966444715,1428.4328132192022,0.9238804444120753,86.8
2465000,9860.000000173748,-1712707.1082924716,331795.9792925912,-1380911.1289998805,300.9618334337209,1428.4328132192022,0.9238804444120753,86.8
2466000,9864.000000174563,-1709697.564518055,332132.4958600017,-1377565.0686580532,301.26707716610315,1428.4328132192022,0.9238804444120753,86.8
2467000,9868.000000175378,-1712141.2247132193,330927.03743130545,-1381214.1872819138,300.17364324444424,1428.4328132192022,0.9238804444120753,86.8
2468000,9872.000000176193,-1711570.7707255892,330844.68941351963,-1380726.0813120697,300.09894791370124,1428.4328132192022,0.9238804444120753,86.8
2469000,9876.000000177008,-1710147.7208183724,332185.8350618373,-1377961.8857565352,301.31545950036934,1428.4328132192022,0.9238804444120753,86.8
2470000,9880.000000177823,-1711408.6467515063,330623.3201797832,-1380785.326571723,299.89815075337043,1428.4328132192022,0.9238804444120753,86.8
2471000,9884.000000178637,-1711771.3355145995,330907.66433291195,-1380863.6711816876,300.15607050825787,1428.4328132192022,0.9238804444120753,86.8
2472000,9888.000000179452,-1711365.3706355244,332877.4903330137,-1378487.8803025107,301.9428385269663,1428.4328132192022,0.9238804444120753,86.8
2473000,9892.000000180267,-1713829.9012675006,333032.43691510387,-1380797.4643523968,302.083385761835,1428.4328132192022,0.9238804444120753,86.8
2474000,9896.000000181082,-1711821.5364725087,334020.10298677674,-1377801.433485732,302.97926699699855,1428.4328132192022,0.9238804444120753,86.8
2475000,9900.000000181897,-1711270.2707046065,332428.07039129955,-1378842.2003133069,301.5351836484221,1428.4328132192022,0.9238804444120753,86.8
2476000,9904.000000182712,-1713015.8376073558,331702.79635556956,-1381313.0412517863,300.8773100840692,1428.4328132192022,0.9238804444120753,86.8
2477000,9908.000000183527,-1713021.6754230522,333628.43309601356,-1379393.2423270387,302.62399539703466,1428.4328132192022,0.9238804444120753,86.8
2478000,9912.000000184342,-1709559.0005833302,331475.305884969,-1378083.6946983612,300.6709605397902,1428.4328132192022,0.9238804444120753,86.8
2479000,9916.000000185157,-1713287.69922819,331757.67245300545,-1381530.0267751846,300.92708648862725,1428.4328132192022,0.9238804444120753,86.8
2480000,9920.000000185972,-1714014.5655965507,331460.19227829203,-1382554.3733182587,300.65725145631967,1428.4328132192022,0.9238804444120753,86.8
2481000,9924.000000186787,-1712699.594006626,331374.4114985341,-1381325.182508092,300.5794423737492,1428.4328132192022,0.9238804444120753,86.8
2482000,9928.000000187601,-1712298.497163685,331068.4186859127,-1381230.0784777724,300.30188579183874,1428.4328132192022,0.9238804444120753,86.8
2483000,9932.000000188416,-1713049.9632418193,333089.46031950426,-1379960.5029223152,302.1351099218853,1428.4328132192022,0.9238804444120753,86.8
2484000,9936.000000189231,-1713027.1076442339,332907.65771064226,-1380119.4499335915,301.9702024187782,1428.4328132192022,0.9238804444120753,86.8
2485000,9940.000000190046,-1711703.7605409455,330217.09608043183,-1381486.6644605137,299.52967748257794,1428.4328132192022,0.9238804444120753,86.8
2486000,9944.000000190861,-1712716.2101990879,330541.80059167265,-1382174.409607415,299.82420686547033,1428.4328132192022,0.9238804444120753,86.8
2487000,9948.000000191676,-1712646.9660633616,332925.94799954584,-1379721.0180638158,301.98679297208804,1428.4328132192022,0.9238804444120753,86.8
2488000,9952.000000192491,-1712003.7718390506,329858.1840752197,-1382145.587763831,299.2041195437495,1428.4328132192022,0.9238804444120753,86.8
2489000,9956.000000193306,-1714760.396035498,332729.8103900899,-1382030.5856454081,301.80888263491926,1428.4328132192022,0.9238804444120753,86.8
2490000,9960.00000019412,-1710403.164271703,330524.1378767067,-1379879.0263949963,299.8081855649986,1428.4328132192022,0.9238804444120753,86.8
2491000,9964.000000194936,-1713468.1453613713,332410.15442119516,-1381057.9909401762,301.5189326280756,1428.4328132192022,0.9238804444120753,86.8
2492000,9968.00000019575,-1713494.5513732731,333336.4296089409,-1380158.1217643323,302.35912809808246,1428.4328132192022,0.9238804444120753,86.8
2493000,9972.000000196565,-1713795.630296545,331707.9217866189,-1382087.7085099262,300.8819592034739,1428.4328132192022,0.9238804444120753,86.7
2494000,9976.00000019738,-1712262.7150359247,332642.26561552024,-1379620.4494204044,301.72947348741184,1428.4328132192022,0.9238804444120753,86.7
2495000,9980.000000198195,-1712726.6527970042,331813.1850943452,-1380913.467702659,300.97744028240123,1428.4328132192022,0.9238804444120753,86.7
2496000,9984.00000019901,-1712003.657326227,332052.06489347765,-1379951.5924327495,301.19412073305193,1428.4328132192022,0.9238804444120753,86.7
2497000,9988.000000199825,-1712659.675622495,331546.74996570544,-1381112.9256567894,300.7357652477082,1428.4328132192022,0.9238804444120753,86.7
2498000,9992.00000020064,-1713766.079709785,333154.8430021411,-1380611.236707644,302.194416523741,1428.4328132192022,0.9238804444120753,86.7
2499000,9996.000000201455,-1713398.885912735,331563.31362109666,-1381835.5722916382,300.75078962535594,1428.4328132192022,0.9238804444120753,86.7
2500000,10000.00000020227,-1715514.2815526966,332215.3173418109,-1383298.9642108856,301.3422019613648,1428.4328132192022,0.9238804444120753,86.7
2501000,10004.000000203085,-1712080.7912632488,331414.4787240456,-1380666.312539203,300.6157861102715,1428.4328132192022,0.9238804444120753,86.7
2502000,10008.0000002039,-1713080.394899005,332022.2038817832,-1381058.191017222,301.1670347362688,1428.4328132192022,0.9238804444120753,86.7
2503000,10012.000000204715,-1711808.9667470027,331428.9689448051,-1380379.9978021975,300.6289297397269,1428.4328132192022,0.9238804444120753,86.7
2504000,10016.00000020553,-1713023.6049140468,332905.52118232613,-1380118.0837317207,301.9682644402633,1428.4328132192022,0.9238804444120753,86.7
2505000,10020.000000206344,-1712239.054321736,331324.09312501876,-1380914.9611967173,300.5338001390818,1428.4328132192022,0.9238804444120753,86.7
2506000,10024.00000020716,-1715173.2642181907,331461.9544081378,-1383711.3098100529,300.658849829604,1428.4328132192022,0.9238804444120753,86.7
2507000,10028.000000207974,-1712642.8416759372,332325.6287047794,-1380317.2129711579,301.44226197450405,1428.4328132192022,0.9238804444120753,86.7
2508000,10032.000000208789,-1714303.9577973057,330215.5384129691,-1384088.4193843366,299.52826457077447,1428.4328132192022,0.9238804444120753,86.7
2509000,10036.000000209604,-1711057.3444976583,333121.88365823135,-1377935.460839427,302.16452012598165,1428.4328132192022,0.9238804444120753,86.7
2510000,10040.000000210419,-1712518.4334328678,331467.9441593592,-1381050.4892735085,300.66428294700717,1428.4328132192022,0.9238804444120753,86.7
2511000,10044.000000211234,-1713140.0146054905,331228.263292901,-1381911.7513125895,300.4468758730515,1428.4328132192022,0.9238804444120753,86.7
2512000,10048.000000212049,-1714385.3609790634,332645.05298122286,-1381740.3079978405,301.73200182031724,1428.4328132192022,0.9238804444120753,86.7
2513000,10052.000000212864,-1712164.120209163,332741.64606686943,-1379422.4741422937,301.8196184099311,1428.4328132192022,0.9238804444120753,86.7
2514000,10056.000000213679,-1713555.0468097217,332970.8818979596,-1380584.164911762,302.02755111653204,1428.4328132192022,0.9238804444120753,86.7
2515000,10060.000000214493,-1712803.250037646,331517.2035475678,-1381286.046490078,300.7089646089752,1428.4328132192022,0.9238804444120753,86.7
2516000,10064.000000215308,-1712053.2115548644,332410.7927255865,-1379642.4188292779,301.5195116141752,1428.4328132192022,0.9238804444120753,86.7
2517000,10068.000000216123,-1710556.9275576528,331337.84915969224,-1379219.0783979606,300.54627781112873,1428.4328132192022,0.9238804444120753,86.7
2518000,10072.000000216938,-1710264.997110404,331397.7547788148,-1378867.2423315893,300.60061633868577,1428.4328132192022,0.9238804444120753,86.7
2519000,10076.000000217753,-1711020.5942003243,332561.8404039035,-1378458.7537964208,301.65652227445844,1428.4328132192022,0.9238804444120753,86.7
2520000,10080.000000218568,-1708738.4568299092,332007.4753515803,-1376730.9814783288,301.1536749437147,1428.4328132192022,0.9238804444120753,86.7
2521000,10084.000000219383,-1711694.541184714,332568.98572194437,-1379125.5554627697,301.66300357065325,1428.4328132192022,0.9238804444120753,86.7
2522000,10088.000000220198,-1713312.1932252105,331898.84436428687,-1381413.3488609237,301.0551391471892,1428.4328132192022,0.9238804444120753,86.7
2523000,10092.000000221013,-1712911.3031096086,331351.2048564773,-1381560.0982531314,300.55839234910417,1428.4328132192022,0.9238804444120753,86.7
2524000,10096.000000221828,-1713892.989293864,332228.1666603382,-1381664.8226335258,301.35385717934116,1428.4328132192022,0.9238804444120753,86.7
2525000,10100.000000222642,-1711113.2771775443,331194.08000523585,-1379919.1971723083,300.41586927390455,1428.4328132192022,0.9238804444120753,86.7
2526000,10104.000000223457,-1711837.7467890754,332195.7764024773,-1379641.9703865983,301.32447698187167,1428.4328132192022,0.9238804444120753,86.7
2527000,10108.000000224272,-1708992.6472313292,330914.67183033435,-1378077.975400995,300.1624267916478,1428.4328132192022,0.9238804444120753,86.7
2528000,10112.000000225087,-1712373.189256791,332753.40387557435,-1379619.7853812166,301.8302835532295,1428.4328132192022,0.9238804444120753,86.7
2529000,10116.000000225902,-1711403.1088424977,332831.2097551666,-1378571.899087331,301.90085885141104,1428.4328132192022,0.9238804444120753,86.7
2530000,10120.000000226717,-1713377.9100330994,333433.0951390212,-1379944.814894078,302.44681039979343,1428.4328132192022,0.9238804444120753,86.7
2531000,10124.000000227532,-1710634.248026846,330963.918498521,-1379670.329528325,300.20709691567873,1428.4328132192022,0.9238804444120753,86.7
2532000,10128.000000228347,-1714066.4507460948,333157.00530398055,-1380909.4454421143,302.1963778806188,1428.4328132192022,0.9238804444120753,86.7
2533000,10132.000000229162,-1713780.1514858007,330568.607974976,-1383211.5435108247,299.84852301072846,1428.4328132192022,0.9238804444120753,86.7
2534000,10136.000000229977,-1714636.6221588645,331739.4246665917,-1382897.1974922728,300.91053448800653,1428.4328132192022,0.9238804444120753,86.7
2535000,10140.000000230792,-1713531.4882947523,330858.70393945585,-1382672.7843552965,300.1116600551487,1428.4328132192022,0.9238804444120753,86.7
2536000,10144.000000231606,-1711619.5791456886,331120.4202379228,-1380499.1589077658,300.34905478547074,1428.4328132192022,0.9238804444120753,86.7
2537000,10148.000000232421,-1712075.3392798733,331105.0544993497,-1380970.2847805237,300.33511700098376,1428.4328132192022,0.9238804444120753,86.7
2538000,10152.000000233236,-1713145.5548726637,332044.92689351155,-1381100.6279791521,301.18764607485554,1428.4328132192022,0.9238804444120753,86.7
2539000,10156.000000234051,-1714163.3760641925,330950.73003425123,-1383212.6460299413,300.1951340691268,1428.4328132192022,0.9238804444120753,86.7
2540000,10160.000000234866,-1713287.5378875658,331577.12235418253,-1381710.4155333834,300.76331509849695,1428.4328132192022,0.9238804444120753,86.7
2541000,10164.000000235681,-1712223.9169187825,331515.8842364221,-1380708.0326823604,300.70776790278796,1428.4328132192022,0.9238804444120753,86.7
2542000,10168.000000236496,-1713057.0797641184,331613.2641966391,-1381443.8155674792,300.79609824189913,1428.4328132192022,0.9238804444120753,86.7
2543000,10172.00000023731,-1711788.626973236,331728.14648743405,-1380060.480485802,300.90030440178214,1428.4328132192022,0.9238804444120753,86.7
2544000,10176.000000238126,-1711926.8388186954,332986.54162371816,-1378940.2971949773,302.0417555676691,1428.4328132192022,0.9238804444120753,86.7
2545000,10180.00000023894,-1714099.8888262026,331847.30977470416,-1382252.5790514983,301.00839372068003,1428.4328132192022,0.9238804444120753,86.7
2546000,10184.000000239756,-1714074.1858451627,331025.30470345414,-1383048.8811417087,300.2627784366652,1428.4328132192022,0.9238804444120753,86.7
2547000,10188.00000024057,-1710281.5016440414,331354.38532919064,-1378927.1163148507,300.56127725717636,1428.4328132192022,0.9238804444120753,86.7
2548000,10192.000000241385,-1712818.9359733313,331822.35720390105,-1380996.5787694303,300.9857600182651,1428.4328132192022,0.9238804444120753,86.6
2549000,10196.0000002422,-1711935.3265316822,330287.8339668735,-1381647.4925648086,299.59384162357236,1428.4328132192022,0.9238804444120753,86.6
2550000,10200.000000243015,-1712119.603024004,332411.44464036735,-1379708.1583836367,301.52010294583664,1428.4328132192022,0.9238804444120753,86.6
2551000,10204.00000024383,-1712058.8756843656,331639.358712391,-1380419.5169719746,300.81976776712963,1428.4328132192022,0.9238804444120753,86.6
2552000,10208.000000244645,-1711203.7540867385,332434.68721027405,-1378769.0668764645,301.54118555951914,1428.4328132192022,0.9238804444120753,86.6
2553000,10212.00000024546,-1711073.6593398564,332793.2382675161,-1378280.4210723403,301.86641609364807,1428.4328132192022,0.9238804444120753,86.6
2554000,10216.000000246275,-1712303.2751460671,332073.78273558134,-1380229.4924104859,301.21382031347383,1428.4328132192022,0.9238804444120753,86.6
2555000,10220.00000024709,-1710320.5746924076,332213.9888024051,-1378106.5858900025,301.34099688450937,1428.4328132192022,0.9238804444120753,86.6
2556000,10224.000000247905,-1711110.351196725,332484.1380794768,-1378626.2131172481,301.586040907953,1428.4328132192022,0.9238804444120753,86.6
2557000,10228.00000024872,-1711923.1402027234,332158.0396974498,-1379765.1005052736,301.2902471881381,1428.4328132192022,0.9238804444120753,86.6
2558000,10232.000000249534,-1711150.8511361126,329803.2092314288,-1381347.6419046838,299.15425356943814,1428.4328132192022,0.9238804444120753,86.6
2559000,10236.00000025035,-1712301.8348019049,332628.403619528,-1379673.4311823768,301.71689970114187,1428.4328132192022,0.9238804444120753,86.6
2560000,10240.000000251164,-1713285.0194406249,331709.2748168799,-1381575.7446237449,300.88318649522387,1428.4328132192022,0.9238804444120753,86.6
2561000,10244.00000025198,-1714219.180412082,332502.97918515623,-1381716.2012269257,301.6031310900623,1428.4328132192022,0.9238804444120753,86.6
2562000,10248.000000252794,-1712790.3616619427,331443.27795945015,-1381347.0837024925,300.6419090027409,1428.4328132192022,0.9238804444120753,86.6
2563000,10252.000000253609,-1712848.2924243156,332626.7579280271,-1380221.5344962885,301.71540694546576,1428.4328132192022,0.9238804444120753,86.6
2564000,10256.000000254424,-1713171.189830143,330214.57335998496,-1382956.616470158,299.5273892011691,1428.4328132192022,0.9238804444120753,86.6
2565000,10260.000000255239,-1711565.0346778128,330569.30610818014,-1380995.7285696326,299.84915626568693,1428.4328132192022,0.9238804444120753,86.6
2566000,10264.000000256054,-1714303.3616106287,332473.6980909144,-1381829.6635197143,301.5765711183991,1428.4328132192022,0.9238804444120753,86.6
2567000,10268.000000256869,-1711893.3663107604,332603.71441779425,-1379289.6518929661,301.69450489263437,1428.4328132192022,0.9238804444120753,86.6
2568000,10272.000000257683,-1712385.7264946662,332277.64294907666,-1380108.0835455896,301.39873558504695,1428.4328132192022,0.9238804444120753,86.6
2569000,10276.000000258498,-1710576.7748679165,331264.4889292422,-1379312.2859386744,300.47973502328534,1428.4328132192022,0.9238804444120753,86.6
2570000,10280.000000259313,-1713816.5240515042,330346.7579488383,-1383469.766102666,299.6472897385348,1428.4328132192022,0.9238804444120753,86.6
2571000,10284.000000260128,-1711708.4854625277,331301.5666888281,-1380406.9187736996,300.51336710806345,1428.4328132192022,0.9238804444120753,86.6
2572000,10288.000000260943,-1712353.5900365375,331079.90665048885,-1381273.6833860488,300.31230616790435,1428.4328132192022,0.9238804444120753,86.6
2573000,10292.000000261758,-1711320.8554207422,332578.79629937955,-1378742.0591213626,301.6719024409115,1428.4328132192022,0.9238804444120753,86.6
2574000,10296.000000262573,-1714604.3276411612,332961.5114945738,-1381642.8161465875,302.01905151449034,1428.4328132192022,0.9238804444120753,86.6
2575000,10300.000000263388,-1714903.0628580041,332037.341460899,-1382865.7213971051,301.1807655643945,1428.4328132192022,0.9238804444120753,86.6
2576000,10304.000000264203,-1711108.4824528154,331080.44793408655,-1380028.034518729,300.3127971494536,1428.4328132192022,0.9238804444120753,86.6
2577000,10308.000000265018,-1711516.8786230925,331366.88924408326,-1380149.9893790092,300.57261917023754,1428.4328132192022,0.9238804444120753,86.6
2578000,10312.000000265833,-1714129.0700946338,332219.23039614805,-1381909.8396984858,301.34575137148767,1428.4328132192022,0.9238804444120753,86.6
2579000,10316.000000266647,-1715082.0592335183,332666.51462422544,-1382415.5446092929,301.75146901048726,1428.4328132192022,0.9238804444120753,86.6
2580000,10320.000000267462,-1712678.1621008124,331638.14467541646,-1381040.017425396,300.8186665518753,1428.4328132192022,0.9238804444120753,86.6
2581000,10324.000000268277,-1714103.3493116554,331494.31542698847,-1382609.0338846669,300.68820350527494,1428.4328132192022,0.9238804444120753,86.6
2582000,10328.000000269092,-1713886.1154226437,332240.86984942784,-1381645.245573216,301.36537984784076,1428.4328132192022,0.9238804444120753,86.6
2583000,10332.000000269907,-1713618.572841799,330872.5990977359,-1382745.973744063,300.12426392190054,1428.4328132192022,0.9238804444120753,86.6
2584000,10336.000000270722,-1713112.2006858345,332287.64723764954,-1380824.5534481849,301.40781016466514,1428.4328132192022,0.9238804444120753,86.6
2585000,10340.000000271537,-1712704.4698783252,329726.6578977689,-1382977.8119805562,299.0848162309291,1428.4328132192022,0.9238804444120753,86.6
2586000,10344.000000272352,-1714245.1304380149,330713.5770640557,-1383531.5533739591,299.9800199714019,1428.4328132192022,0.9238804444120753,86.6
2587000,10348.000000273167,-1715181.974736577,332682.2840297804,-1382499.6907067965,301.7657729487632,1428.4328132192022,0.9238804444120753,86.6
2588000,10352.000000273982,-1712996.9294128213,330734.55633124575,-1382262.3730815756,299.999049613446,1428.4328132192022,0.9238804444120753,86.6
2589000,10356.000000274797,-1710486.829883851,332224.79046498635,-1378262.0394188648,301.3507947373391,1428.4328132192022,0.9238804444120753,86.6
2590000,10360.000000275611,-1710689.2237794977,332083.7229321421,-1378605.5008473555,301.22283675721735,1428.4328132192022,0.9238804444120753,86.6
2591000,10364.000000276426,-1714019.5122978613,330335.2183318012,-1383684.29396606,299.63682251012534,1428.4328132192022,0.9238804444120753,86.6
2592000,10368.000000277241,-1714935.25806389,333213.2915661513,-1381721.9664977388,302.2474334018345,1428.4328132192022,0.9238804444120753,86.6
2593000,10372.000000278056,-1714185.044199586,333148.343858295,-1381036.7003412908,302.1885213521001,1428.4328132192022,0.9238804444120753,86.6
2594000,10376.000000278871,-1711207.6103658006,332688.4810786763,-1378519.1292871241,301.7713940994521,1428.4328132192022,0.9238804444120753,86.6
2595000,10380.000000279686,-1712159.047609929,332372.9149009858,-1379786.1327089432,301.48515381525726,1428.4328132192022,0.9238804444120753,86.6
2596000,10384.0000002805,-1713294.9923011959,329915.7376563353,-1383379.2546448605,299.25632461064083,1428.4328132192022,0.9238804444120753,86.6
2597000,10388.000000281316,-1709308.7241079733,331252.83167608076,-1378055.8924318925,300.46916109079905,1428.4328132192022,0.9238804444120753,86.6
2598000,10392.00000028213,-1712382.203012148,333187.86785064894,-1379194.335161499,302.2243723386878,1428.4328132192022,0.9238804444120753,86.6
2599000,10396.000000282946,-1712430.960917877,330532.0797537378,-1381898.8811641391,299.81538939512717,1428.4328132192022,0.9238804444120753,86.6
2600000,10400.00000028376,-1714626.3628432136,330839.37053065223,-1383786.9923125613,300.09412332015734,1428.4328132192022,0.9238804444120753,86.6
2601000,10404.000000284575,-1712266.7162017561,329731.38163223834,-1382535.3345695178,299.0891009838354,1428.4328132192022,0.9238804444120753,86.6
2602000,10408.00000028539,-1713883.6848126873,331050.69728035055,-1382832.9875323367,300.285811254949,1428.4328132192022,0.9238804444120753,86.6
2603000,10412.000000286205,-1711558.7817414664,330647.5583783927,-1380911.2233630735,299.92013647094365,1428.4328132192022,0.9238804444120753,86.6
2604000,10416.00000028702,-1711888.339775825,333017.5836937281,-1378870.7560820968,302.0699128657885,1428.4328132192022,0.9238804444120753,86.5
2605000,10420.000000287835,-1712305.9499235656,332008.854111787,-1380297.0958117787,301.1549255742997,1428.4328132192022,0.9238804444120753,86.5
2606000,10424.00000028865,-1711321.041430205,331570.3620614618,-1379750.6793687432,300.7571830468183,1428.4328132192022,0.9238804444120753,86.5
2607000,10428.000000289465,-1712861.7202306222,331232.10006422934,-1381629.620166393,300.45035608922507,1428.4328132192022,0.9238804444120753,86.5
2608000,10432.00000029028,-1712822.8889549337,331998.3204130215,-1380824.5685419124,301.1453707831293,1428.4328132192022,0.9238804444120753,86.5
2609000,10436.000000291095,-1711745.5188441928,331062.4773991852,-1380683.0414450075,300.2964966350736,1428.4328132192022,0.9238804444120753,86.5
2610000,10440.00000029191,-1714741.5356135424,329987.02087167033,-1384754.514741872,299.32098340254674,1428.4328132192022,0.9238804444120753,86.5
2611000,10444.000000292725,-1710275.6515465043,332941.1166076239,-1377334.5349388805,302.0005519456221,1428.4328132192022,0.9238804444120753,86.5
2612000,10448.00000029354,-1713069.955593234,330804.84752519225,-1382265.1080680417,300.062808573544,1428.4328132192022,0.9238804444120753,86.5
2613000,10452.000000294354,-1713004.227490032,329555.4313317413,-1383448.796158291,298.92950192798276,1428.4328132192022,0.9238804444120753,86.5
2614000,10456.00000029517,-1711042.7260584012,333193.46818217204,-1377849.257876229,302.22945222557075,1428.4328132192022,0.9238804444120753,86.5
2615000,10460.000000295984,-1712177.6378689408,333292.9484641502,-1378884.6894047908,302.3196877013546,1428.4328132192022,0.9238804444120753,86.5
2616000,10464.000000296799,-1710702.5727788843,333798.1694536988,-1376904.4033251856,302.77795797825166,1428.4328132192022,0.9238804444120753,86.5
2617000,10468.000000297614,-1711452.5761501957,331641.504386495,-1379811.0717637008,300.82171404150483,1428.4328132192022,0.9238804444120753,86.5
2618000,10472.000000298429,-1713281.8239205703,330169.4336509021,-1383112.3902696683,299.48644437225585,1428.4328132192022,0.9238804444120753,86.5
2619000,10476.000000299244,-1716327.3787336051,331644.38396977144,-1384682.9947638337,300.82432602210883,1428.4328132192022,0.9238804444120753,86.5
2620000,10480.000000300059,-1711757.7411692198,331587.61992130295,-1380170.121247917,300.77283711577365,1428.4328132192022,0.9238804444120753,86.5
2621000,10484.000000300874,-1712647.9129746817,332024.3265444458,-1380623.5864302358,301.1689601376799,1428.4328132192022,0.9238804444120753,86.5
2622000,10488.000000301688,-1712412.4376096036,332918.45586864575,-1379493.9817409578,301.9799970927141,1428.4328132192022,0.9238804444120753,86.5
2623000,10492.000000302503,-1713689.708038073,331362.29706308036,-1382327.4109749927,300.5684537453971,1428.4328132192022,0.9238804444120753,86.5
2624000,10496.000000303318,-1711783.492783228,330816.6504569154,-1380966.8423263126,300.0735146465315,1428.4328132192022,0.9238804444120753,86.5
2625000,10500.000000304133,-1710208.872349307,331405.8172874439,-1378803.055061863,300.6079295899924,1428.4328132192022,0.9238804444120753,86.5
2626000,10504.000000304948,-1712500.7072325088,332007.87833725096,-1380492.8288952578,301.1540404795074,1428.4328132192022,0.9238804444120753,86.5
2627000,10508.000000305763,-1710942.8181411065,330990.0094338083,-1379952.8087072982,300.23076319318096,1428.4328132192022,0.9238804444120753,86.5
2628000,10512.000000306578,-1714845.7547921333,331045.8643840194,-1383799.890408114,300.2814274847065,1428.4328132192022,0.9238804444120753,86.5
2629000,10516.000000307393,-1712400.5067821648,331424.442204983,-1380976.0645771818,300.6248236745502,1428.4328132192022,0.9238804444120753,86.5
2630000,10520.000000308208,-1712694.2134219706,331326.1915482863,-1381368.0218736844,300.53570355369,1428.4328132192022,0.9238804444120753,86.5
2631000,10524.000000309023,-1712654.2663615458,331790.24652648345,-1380864.0198350623,300.9566334195372,1428.4328132192022,0.9238804444120753,86.5
2632000,10528.000000309838,-1712433.66433114,330332.71803074976,-1382100.9463003902,299.6345545646542,1428.4328132192022,0.9238804444120753,86.5
2633000,10532.000000310652,-1714047.4701226447,332279.51237138204,-1381767.9577512627,301.40043127999076,1428.4328132192022,0.9238804444120753,86.5
2634000,10536.000000311467,-1711993.2155820392,329970.4180873814,-1382022.7974946578,299.3059235322905,1428.4328132192022,0.9238804444120753,86.5
2635000,10540.000000312282,-1712052.4761029072,332022.10344793997,-1380030.3726549672,301.1669436358473,1428.4328132192022,0.9238804444120753,86.5
2636000,10544.000000313097,-1714239.8631484415,333249.9484595253,-1380989.9146889162,302.28068373193594,1428.4328132192022,0.9238804444120753,86.5
2637000,10548.000000313912,-1712474.593304664,331794.9524269103,-1380679.6408777535,300.960901995737,1428.4328132192022,0.9238804444120753,86.5
2638000,10552.000000314727,-1711845.941500811,331033.4837189393,-1380812.4577818715,300.27019736772445,1428.4328132192022,0.9238804444120753,86.5
2639000,10556.000000315542,-1712546.2760377768,332202.66418037517,-1380343.6118574017,301.33072467139715,1428.4328132192022,0.9238804444120753,86.5
2640000,10560.000000316357,-1711898.6059416234,332099.5520298404,-1379799.053911783,301.23719484038355,1428.4328132192022,0.9238804444120753,86.5
2641000,10564.000000317172,-1712336.8020908404,331490.8281767141,-1380845.9739141264,300.68504032879986,1428.4328132192022,0.9238804444120753,86.5
2642000,10568.000000317987,-1710129.5961959865,330202.3079063161,-1379927.2882896704,299.5162635888819,1428.4328132192022,0.9238804444120753,86.5
2643000,10572.000000318802,-1711230.0793246683,331469.5843292718,-1379760.4949953966,300.66577069422186,1428.4328132192022,0.9238804444120753,86.5
2644000,10576.000000319616,-1712211.1686589494,330792.8738776293,-1381418.2947813203,300.05194764951733,1428.4328132192022,0.9238804444120753,86.5
2645000,10580.000000320431,-1712719.54940583,331821.10413465666,-1380898.4452711733,300.9846233980504,1428.4328132192022,0.9238804444120753,86.5
2646000,10584.000000321246,-1711092.7086935844,332350.2001772905,-1378742.508516294,301.4645499944881,1428.4328132192022,0.9238804444120753,86.5
2647000,10588.000000322061,-1711489.725833105,332822.1682968801,-1378667.5575362248,301.8926576252581,1428.4328132192022,0.9238804444120753,86.5
2648000,10592.000000322876,-1711740.544268312,331954.1279187618,-1379786.4163495502,301.1052851433794,1428.4328132192022,0.9238804444120753,86.5
2649000,10596.000000323691,-1709257.8621748239,333642.21318362036,-1375615.6489912034,302.6364948867508,1428.4328132192022,0.9238804444120753,86.5
2650000,10600.000000324506,-1712758.5993143618,332253.30927898403,-1380505.2900353777,301.37666326825496,1428.4328132192022,0.9238804444120753,86.5
2651000,10604.00000032532,-1715178.6930465307,332715.1453259761,-1382463.5477205548,301.7955804104845,1428.4328132192022,0.9238804444120753,86.5
2652000,10608.000000326136,-1712235.764283359,331640.0340889358,-1380595.7301944233,300.82038038022887,1428.4328132192022,0.9238804444120753,86.5
2653000,10612.00000032695,-1711064.108678449,332527.6985511139,-1378536.410127335,301.6255532596009,1428.4328132192022,0.9238804444120753,86.5
2654000,10616.000000327766,-1710925.1271566097,332318.4564361371,-1378606.6707204725,301.4357562322552,1428.4328132192022,0.9238804444120753,86.5
2655000,10620.00000032858,-1709388.0596076846,331467.10639585246,-1377920.953211832,300.66352303773544,1428.4328132192022,0.9238804444120753,86.5
2656000,10624.000000329395,-1712717.7349382844,331290.4285626315,-1381427.306375653,300.50326405953246,1428.4328132192022,0.9238804444120753,86.5
2657000,10628.00000033021,-1711449.384954024,332593.6203278817,-1378855.7646261423,301.6853488570085,1428.4328132192022,0.9238804444120753,86.5
2658000,10632.000000331025,-1713712.9995667748,332004.01729650045,-1381708.9822702743,301.15053824929436,1428.4328132192022,0.9238804444120753,86.5
2659000,10636.00000033184,-1711869.1141416542,332085.7277025165,-1379783.3864391376,301.2246552221933,1428.4328132192022,0.9238804444120753,86.5
2660000,10640.000000332655,-1712839.060470242,332138.449596483,-1380700.610873759,301.27247761565354,1428.4328132192022,0.9238804444120753,86.5
2661000,10644.00000033347,-1713550.3056157045,332281.6313326359,-1381268.6742830686,301.4023533239688,1428.4328132192022,0.9238804444120753,86.5
2662000,10648.000000334285,-1712855.1703213323,332198.6495472427,-1380656.5207740897,301.32708312230216,1428.4328132192022,0.9238804444120753,86.5
2663000,10652.0000003351,-1713292.5956852976,332709.07655206934,-1380583.5191332283,301.79007561405643,1428.4328132192022,0.9238804444120753,86.5
2664000,10656.000000335915,-1712504.942741206,333005.72017526644,-1379499.2225659394,302.0591518364512,1428.4328132192022,0.9238804444120753,86.5
2665000,10660.00000033673,-1710725.16284105,330700.2380951829,-1380024.924745867,299.9679206067965,1428.4328132192022,0.9238804444120753,86.5
2666000,10664.000000337544,-1713388.6897477303,331976.3615151487,-1381412.3282325815,301.1254525485019,1428.4328132192022,0.9238804444120753,86.5
2667000,10668.00000033836,-1711046.1541426666,332072.4910489534,-1378973.663093713,301.2126486646293,1428.4328132192022,0.9238804444120753,86.5
2668000,10672.000000339174,-1713031.67250878,332428.3903084076,-1380603.2822003723,301.53547383530014,1428.4328132192022,0.9238804444120753,86.5
2669000,10676.00000033999,-1711202.303671481,332540.2698425886,-1378662.0338288925,301.6369562878682,1428.4328132192022,0.9238804444120753,86.5
2670000,10680.000000340804,-1711613.7386120334,330602.46599149646,-1381011.2726205369,299.87923456651686,1428.4328132192022,0.9238804444120753,86.5
2671000,10684.000000341619,-1712800.0924756601,333424.8050707738,-1379375.2874048864,302.4392907362208,1428.4328132192022,0.9238804444120753,86.4
2672000,10688.000000342434,-1712123.4576421492,332240.85324444564,-1379882.6043977034,301.3653647859768,1428.4328132192022,0.9238804444120753,86.4
2673000,10692.000000343249,-1714380.341982156,332522.0324117998,-1381858.3095703563,301.6204136805135,1428.4328132192022,0.9238804444120753,86.4
2674000,10696.000000344064,-1710940.262499353,332138.3321325026,-1378801.9303668505,301.2723710677231,1428.4328132192022,0.9238804444120753,86.4
2675000,10700.000000344879,-1711166.699587807,331308.57936386555,-1379858.1202239415,300.5197280879072,1428.4328132192022,0.9238804444120753,86.4
2676000,10704.000000345693,-1711399.7243199162,331522.35331170313,-1379877.3710082131,300.71363580016686,1428.4328132192022,0.9238804444120753,86.4
2677000,10708.000000346508,-1711533.4667919017,333239.376004805,-1378294.0907870969,302.271093786442,1428.4328132192022,0.9238804444120753,86.4
2678000,10712.000000347323,-1712793.649481779,333453.7877262216,-1379339.8617555574,302.4655800033179,1428.4328132192022,0.9238804444120753,86.4
2679000,10716.000000348138,-1711170.0702174567,331820.2063007514,-1379349.8639167054,300.9838090007849,1428.4328132192022,0.9238804444120753,86.4
2680000,10720.000000348953,-1711361.7474284861,333004.7342663246,-1378357.0131621615,302.0582575490539,1428.4328132192022,0.9238804444120753,86.4
2681000,10724.000000349768,-1711670.7746315263,332323.15530730126,-1379347.619324225,301.4400184324291,1428.4328132192022,0.9238804444120753,86.4
2682000,10728.000000350583,-1710532.867319053,331377.9662967728,-1379154.90102228,300.58266682088595,1428.4328132192022,0.9238804444120753,86.4
2683000,10732.000000351398,-1710616.5208288971,330574.30197090586,-1380042.2188579913,299.8536878576873,1428.4328132192022,0.9238804444120753,86.4
2684000,10736.000000352213,-1712192.2472736593,333015.1285220033,-1379177.118751656,302.06768585572877,1428.4328132192022,0.9238804444120753,86.4
2685000,10740.000000353028,-1710088.676285388,331749.7501528094,-1378338.9261325784,300.919900416038,1428.4328132192022,0.9238804444120753,86.4
2686000,10744.000000353843,-1711479.9195677955,332956.9010912046,-1378523.018476591,302.0148695607071,1428.4328132192022,0.9238804444120753,86.4
2687000,10748.000000354657,-1711249.8599848188,332620.8661963157,-1378628.993788503,301.7100627385175,1428.4328132192022,0.9238804444120753,86.4
2688000,10752.000000355472,-1712721.094752511,331266.5472432821,-1381454.5475092288,300.4816020560582,1428.4328132192022,0.9238804444120753,86.4
2689000,10756.000000356287,-1710906.4599904548,332882.90035548806,-1378023.5596349668,301.94774579041854,1428.4328132192022,0.9238804444120753,86.4
2690000,10760.000000357102,-1710887.8220195193,332133.39912964555,-1378754.4228898739,301.2678964939584,1428.4328132192022,0.9238804444120753,86.4
2691000,10764.000000357917,-1712944.4218389317,331359.7383065746,-1381584.6835323572,300.5661327767979,1428.4328132192022,0.9238804444120753,86.4
2692000,10768.000000358732,-1713306.4644714333,331631.88865158736,-1381674.575819846,300.81299190685513,1428.4328132192022,0.9238804444120753,86.4
2693000,10772.000000359547,-1711794.3447529897,331550.5660708203,-1380243.7786821695,300.739226718201,1428.4328132192022,0.9238804444120753,86.4
2694000,10776.000000360362,-1713462.9400197957,330968.95204726665,-1382493.9879725291,300.21166269149796,1428.4328132192022,0.9238804444120753,86.4
2695000,10780.000000361177,-1712546.0077195615,330528.69692587224,-1382017.3107936892,299.81232093697776,1428.4328132192022,0.9238804444120753,86.4
2696000,10784.000000361992,-1711783.7166560534,332100.2621535777,-1379683.4545024757,301.23783897158245,1428.4328132192022,0.9238804444120753,86.4
2697000,10788.000000362807,-1712822.397475727,331843.6096631625,-1380978.7878125645,301.0050374643569,1428.4328132192022,0.9238804444120753,86.4
2698000,10792.000000363621,-1712076.2055476848,332585.643337216,-1379490.5622104688,301.6781131763919,1428.4328132192022,0.9238804444120753,86.4
2699000,10796.000000364436,-1713821.5133802053,331406.7507826152,-1382414.76259759,300.6087763344854,1428.4328132192022,0.9238804444120753,86.4
2700000,10800.000000365251,-1713350.662102498,331458.7175657693,-1381891.9445367288,300.65591379036726,1428.4328132192022,0.9238804444120753,86.4
2701000,10804.000000366066,-1711816.9633124098,331384.1491763715,-1380432.8141360383,300.58827511904525,1428.4328132192022,0.9238804444120753,86.4
2702000,10808.000000366881,-1712570.5304816253,333080.81598921714,-1379489.714492408,302.12726891821325,1428.4328132192022,0.9238804444120753,86.4
2703000,10812.000000367696,-1713634.7070980407,332373.66755945416,-1381261.0395385865,301.48583652839045,1428.4328132192022,0.9238804444120753,86.4
2704000,10816.00000036851,-1711652.5564892907,333588.33631275303,-1378064.2201765375,302.58762484959584,1428.4328132192022,0.9238804444120753,86.4
2705000,10820.000000369326,-1712587.3662604503,332996.1344935657,-1379591.2317668847,302.05045696213256,1428.4328132192022,0.9238804444120753,86.4
2706000,10824.00000037014,-1712714.6025561541,332531.07770978176,-1380183.5248463724,301.62861838953495,1428.4328132192022,0.9238804444120753,86.4
2707000,10828.000000370956,-1710554.8732614983,332222.640184501,-1378332.2330769973,301.34884428465836,1428.4328132192022,0.9238804444120753,86.4
2708000,10832.00000037177,-1711299.24756285,331472.0919081562,-1379827.1556546937,300.66804524118936,1428.4328132192022,0.9238804444120753,86.4
2709000,10836.000000372585,-1712917.6961878892,332208.0453684209,-1380709.6508194683,301.3356057800343,1428.4328132192022,0.9238804444120753,86.4
2710000,10840.0000003734,-1711131.913868891,331804.64343934675,-1379327.2704295444,300.96969241229635,1428.4328132192022,0.9238804444120753,86.4
2711000,10844.000000374215,-1711611.7226673607,331870.6429489065,-1379741.0797184543,301.02955851870666,1428.4328132192022,0.9238804444120753,86.4
2712000,10848.00000037503,-1711312.3221572507,331268.88631513144,-1380043.4358421192,300.48372375552486,1428.4328132192022,0.9238804444120753,86.4
2713000,10852.000000375845,-1713155.0069848932,330568.852450259,-1382586.1545346342,299.8487447666688,1428.4328132192022,0.9238804444120753,86.4
2714000,10856.00000037666,-1713620.3693263903,331217.4700961354,-1382402.8992302548,300.43708569930044,1428.4328132192022,0.9238804444120753,86.4
2715000,10860.000000377475,-1712753.1934471168,330663.49336730194,-1382089.7000798148,299.9345906047402,1428.4328132192022,0.9238804444120753,86.4
2716000,10864.00000037829,-1712015.3522984032,332377.8764128517,-1379637.4758855514,301.48965424865895,1428.4328132192022,0.9238804444120753,86.4
2717000,10868.000000379105,-1711267.7842180356,331167.34417801024,-1380100.4400400254,300.3916180349434,1428.4328132192022,0.9238804444120753,86.4
2718000,10872.00000037992,-1710867.8492941875,331564.94401482434,-1379302.905279363,300.7522685048968,1428.4328132192022,0.9238804444120753,86.4
2719000,10876.000000380734,-1714531.315665342,330874.9732162661,-1383656.3424490758,300.12641741112355,1428.4328132192022,0.9238804444120753,86.4
2720000,10880.00000038155,-1712782.7465432715,331018.38889687776,-1381764.3576463936,300.2565053231955,1428.4328132192022,0.9238804444120753,86.4
2721000,10884.000000382364,-1714830.9467479177,331118.0731009958,-1383712.873646922,300.3469257704225,1428.4328132192022,0.9238804444120753,86.4
2722000,10888.00000038318,-1712824.4691099003,331755.45176925167,-1381069.0173406487,300.9250721753271,1428.4328132192022,0.9238804444120753,86.4
2723000,10892.000000383994,-1713163.6700575761,331535.2420957298,-1381628.4279618463,300.72532681607265,1428.4328132192022,0.9238804444120753,86.4
2724000,10896.000000384809,-1712916.037251981,331413.2252522035,-1381502.8119997773,300.6146491248729,1428.4328132192022,0.9238804444120753,86.4
2725000,10900.000000385624,-1711910.821975574,332105.62146207056,-1379805.2005135033,301.2427002339564,1428.4328132192022,0.9238804444120753,86.4
2726000,10904.000000386439,-1712381.943139961,332510.35778628866,-1379871.5853536723,301.609823990108,1428.4328132192022,0.9238804444120753,86.4
2727000,10908.000000387254,-1712600.1567218658,333551.769064568,-1379048.3876572978,302.55445583386256,1428.4328132192022,0.9238804444120753,86.4
2728000,10912.000000388069,-1711712.414939396,330734.94033475296,-1380977.4746046432,299.9993979311074,1428.4328132192022,0.9238804444120753,86.4
2729000,10916.000000388884,-1712381.2438548375,330408.08620014606,-1381973.1576546915,299.7029186915867,1428.4328132192022,0.9238804444120753,86.4
2730000,10920.000000389698,-1712110.3014943004,333149.74111952836,-1378960.560374772,302.18978876439206,1428.4328132192022,0.9238804444120753,86.4
2731000,10924.000000390513,-1712153.2016709466,330767.88200022024,-1381385.3196707263,300.0292782933003,1428.4328132192022,0.9238804444120753,86.4
2732000,10928.000000391328,-1714717.7196673471,331712.341698637,-1383005.3779687101,300.8859683684657,1428.4328132192022,0.9238804444120753,86.4
2733000,10932.000000392143,-1714192.5291848183,331993.9954233812,-1382198.533761437,301.14144771928,1428.4328132192022,0.9238804444120753,86.4
2734000,10936.000000392958,-1712357.9513662849,331367.4199169988,-1380990.531449286,300.57310052716645,1428.4328132192022,0.9238804444120753,86.4
2735000,10940.000000393773,-1711825.555866614,332179.6179255063,-1379645.9379411077,301.3098201289916,1428.4328132192022,0.9238804444120753,86.4
2736000,10944.000000394588,-1713431.4841068517,331225.91483858123,-1382205.5692682704,300.4447456630371,1428.4328132192022,0.9238804444120753,86.4
2737000,10948.000000395403,-1712175.952969769,331064.0177864399,-1381111.935183329,300.29789387253675,1428.4328132192022,0.9238804444120753,86.4
2738000,10952.000000396218,-1713681.4029374905,331915.5266347999,-1381765.8763026907,301.070271116932,1428.4328132192022,0.9238804444120753,86.4
2739000,10956.000000397033,-1711090.779456986,332694.77981205616,-1378395.99964493,301.77710748498004,1428.4328132192022,0.9238804444120753,86.4
2740000,10960.000000397848,-1712712.1628892366,331208.40925137326,-1381503.7536378633,300.4288668882772,1428.4328132192022,0.9238804444120753,86.4
2741000,10964.000000398662,-1717232.8514342848,331950.0237006699,-1385282.827733615,301.1015623345485,1428.4328132192022,0.9238804444120753,86.3
2742000,10968.000000399477,-1715653.1152947005,331004.2447830605,-1384648.8705116399,300.2436756366037,1428.4328132192022,0.9238804444120753,86.3
2743000,10972.000000400292,-1715149.2276829146,332856.95638998656,-1382292.2712929281,301.9242128246469,1428.4328132192022,0.9238804444120753,86.3
2744000,10976.000000401107,-1714409.1602834351,330829.3729436173,-1383579.7873398177,300.08505481929615,1428.4328132192022,0.9238804444120753,86.3
2745000,10980.000000401922,-1715203.4040016849,330861.7366210814,-1384341.6673806035,300.1144109065129,1428.4328132192022,0.9238804444120753,86.3
2746000,10984.000000402737,-1713685.8417339344,331828.8645813362,-1381856.977152598,300.991662658339,1428.4328132192022,0.9238804444120753,86.3
2747000,10988.000000403552,-1713332.540054772,331669.4400328081,-1381663.100021964,300.84705359911635,1428.4328132192022,0.9238804444120753,86.3
2748000,10992.000000404367,-1713839.777184995,332229.71260372846,-1381610.0645812664,301.35525945660237,1428.4328132192022,0.9238804444120753,86.3
2749000,10996.000000405182,-1712525.8761251178,333078.49503954226,-1379447.3810855756,302.12516365680847,1428.4328132192022,0.9238804444120753,86.3
2750000,11000.000000405997,-1713725.5329228695,331701.43756108393,-1382024.0953617855,300.87607756377,1428.4328132192022,0.9238804444120753,86.3
2751000,11004.000000406812,-1715352.1161767617,332274.6021449582,-1383077.5140318035,301.3959773660216,1428.4328132192022,0.9238804444120753,86.3
2752000,11008.000000407626,-1712946.29695086,331918.84182216146,-1381027.4551286986,301.07327822047995,1428.4328132192022,0.9238804444120753,86.3
2753000,11012.000000408441,-1712630.152812818,330586.43866514263,-1382043.7141476753,299.8646966762906,1428.4328132192022,0.9238804444120753,86.3
2754000,11016.000000409256,-1715006.500197038,331328.5357445966,-1383677.9644524413,300.53782990139615,1428.4328132192022,0.9238804444120753,86.3
2755000,11020.000000410071,-1711507.1809510682,332115.3617843783,-1379391.8191666899,301.25153537796933,1428.4328132192022,0.9238804444120753,86.3
2756000,11024.000000410886,-1714328.9288365003,332156.3160392206,-1382172.6127972796,301.288683711263,1428.4328132192022,0.9238804444120753,86.3
2757000,11028.000000411701,-1711736.7443045713,332227.9933557576,-1379508.7509488137,301.35369998013573,1428.4328132192022,0.9238804444120753,86.3
2758000,11032.000000412516,-1711152.8567641005,332197.1026034045,-1378955.754160696,301.3256799375657,1428.4328132192022,0.9238804444120753,86.3
2759000,11036.00000041333,-1713035.3959469777,332807.8923081394,-1380227.5036388382,301.87970831901686,1428.4328132192022,0.9238804444120753,86.3
2760000,11040.000000414146,-1713154.9098729081,331847.2922547305,-1381307.6176181776,301.00837782885577,1428.4328132192022,0.9238804444120753,86.3
2761000,11044.00000041496,-1712583.8074373417,331564.2899072388,-1381019.5175301027,300.7516751842103,1428.4328132192022,0.9238804444120753,86.3
2762000,11048.000000415776,-1712323.0135735217,332093.3628332579,-1380229.650740264,301.2315808122843,1428.4328132192022,0.9238804444120753,86.3
2763000,11052.00000041659,-1714759.0122975316,332970.200258003,-1381788.8120395285,302.0269328220864,1428.4328132192022,0.9238804444120753,86.3
2764000,11056.000000417405,-1710261.8190683108,331699.13968308293,-1378562.6793852278,300.8739932299645,1428.4328132192022,0.9238804444120753,86.3
2765000,11060.00000041822,-1712011.6563747302,330965.4479348459,-1381046.2084398842,300.20848421989336,1428.4328132192022,0.9238804444120753,86.3
2766000,11064.000000419035,-1712010.0452726446,333042.59899012855,-1378967.446282516,302.0926034646458,1428.4328132192022,0.9238804444120753,86.3
2767000,11068.00000041985,-1712379.513967665,331014.63039603975,-1381364.8835716252,300.2530961037541,1428.4328132192022,0.9238804444120753,86.3
2768000,11072.000000420665,-1714026.3736658841,332780.29343585204,-1381246.080230032,301.85467423867016,1428.4328132192022,0.9238804444120753,86.3
2769000,11076.00000042148,-1713217.7537842132,333177.20968870015,-1380040.544095513,302.21470465082734,1428.4328132192022,0.9238804444120753,86.3
2770000,11080.000000422295,-1714228.5171472635,332121.21173575066,-1382107.305411513,301.256841687269,1428.4328132192022,0.9238804444120753,86.3
2771000,11084.00000042311,-1711456.0839453917,331429.65612935607,-1380026.4278160357,300.629553063502,1428.4328132192022,0.9238804444120753,86.3
2772000,11088.000000423925,-1712815.9936214406,331332.66848695284,-1381483.3251344878,300.5415785837017,1428.4328132192022,0.9238804444120753,86.3
2773000,11092.00000042474,-1712446.4595289864,332089.20384731644,-1380357.2556816698,301.2278083252372,1428.4328132192022,0.9238804444120753,86.3
2774000,11096.000000425554,-1712329.8002956044,331547.3764163006,-1380782.4238793037,300.73633348159717,1428.4328132192022,0.9238804444120753,86.3
2775000,11100.00000042637,-1712737.1431160327,332821.52507483296,-1379915.6180411996,301.89207417850554,1428.4328132192022,0.9238804444120753,86.3
2776000,11104.000000427184,-1712633.269060826,333828.6682352614,-1378804.6008255645,302.8056224762849,1428.4328132192022,0.9238804444120753,86.3
2777000,11108.000000428,-1711342.821687147,333091.8115796896,-1378251.0101074574,302.13724267701326,1428.4328132192022,0.9238804444120753,86.3
2778000,11112.000000428814,-1710954.0011610594,331585.63285917486,-1379368.3683018845,300.77103471339825,1428.4328132192022,0.9238804444120753,86.3
2779000,11116.000000429629,-1712261.4542897288,332410.85438287904,-1379850.5999068497,301.51956754159136,1428.4328132192022,0.9238804444120753,86.3
2780000,11120.000000430444,-1714705.580426693,333694.8403657912,-1381010.7400609017,302.6842313700812,1428.4328132192022,0.9238804444120753,86.3
2781000,11124.000000431259,-1712631.0607603844,329703.5622440456,-1382927.4985163389,299.06386688035616,1428.4328132192022,0.9238804444120753,86.3
2782000,11128.000000432074,-1714712.0527226403,330945.8775944299,-1383766.1751282103,300.190732571591,1428.4328132192022,0.9238804444120753,86.3
2783000,11132.000000432889,-1713591.4993363135,331895.62486958917,-1381695.8744667242,301.05221884348634,1428.4328132192022,0.9238804444120753,86.3
2784000,11136.000000433703,-1711924.7214502506,332159.53084594285,-1379765.1906043077,301.2915997626489,1428.4328132192022,0.9238804444120753,86.3
2785000,11140.000000434518,-1712686.573459277,331890.0106865767,-1380796.5627727,301.0471263923473,1428.4328132192022,0.9238804444120753,86.3
2786000,11144.000000435333,-1713552.0572024137,333009.26773604547,-1380542.7894663683,302.0623697187129,1428.4328132192022,0.9238804444120753,86.3
2787000,11148.000000436148,-1714564.8046693597,330161.7177012185,-1384403.0869681411,299.47944547381104,1428.4328132192022,0.9238804444120753,86.3
2788000,11152.000000436963,-1712090.580940215,332105.4433784077,-1379985.1375618072,301.2425386997937,1428.4328132192022,0.9238804444120753,86.3
2789000,11156.000000437778,-1712439.1918108463,333298.53696268523,-1379140.6548481612,302.3247568549014,1428.4328132192022,0.9238804444120753,86.3
2790000,11160.000000438593,-1715158.8057223707,332208.1793542906,-1382950.6263680803,301.33572731445764,1428.4328132192022,0.9238804444120753,86.3
2791000,11164.000000439408,-1713878.4777537603,331581.65452847735,-1382296.823225283,300.76742609311515,1428.4328132192022,0.9238804444120753,86.3
2792000,11168.000000440223,-1712670.444073163,332827.0188282062,-1379843.4252449567,301.89705739165714,1428.4328132192022,0.9238804444120753,86.3
2793000,11172.000000441038,-1715554.9918510374,332629.2545914923,-1382925.7372595451,301.71767159139534,1428.4328132192022,0.9238804444120753,86.3
2794000,11176.000000441853,-1711707.1259770226,331610.2472754001,-1380096.8787016226,300.79336168629237,1428.4328132192022,0.9238804444120753,86.3
2795000,11180.000000442667,-1714090.1085861996,331305.86847846734,-1382784.2401077324,300.51726912791196,1428.4328132192022,0.9238804444120753,86.3
2796000,11184.000000443482,-1712245.0243475288,331715.45222094865,-1380529.5721265802,300.8887898266999,1428.4328132192022,0.9238804444120753,86.3
2797000,11188.000000444297,-1712907.8278887328,331970.9951533322,-1380936.8327354006,301.1205848882771,1428.4328132192022,0.9238804444120753,86.3
2798000,11192.000000445112,-1715195.981690187,330282.442787055,-1384913.538903132,299.5889514517082,1428.4328132192022,0.9238804444120753,86.3
2799000,11196.000000445927,-1712919.0670202337,330707.3974678668,-1382211.669552367,299.97441465152167,1428.4328132192022,0.9238804444120753,86.3
2800000,11200.000000446742,-1711656.9321685452,331175.9925704652,-1380480.93959808,300.39946272328183,1428.4328132192022,0.9238804444120753,86.3
2801000,11204.000000447557,-1712683.1190209445,332010.01936064655,-1380673.0996602979,301.15598253536933,1428.4328132192022,0.9238804444120753,86.3
2802000,11208.000000448372,-1712003.342628913,332081.26317681186,-1379922.0794521011,301.22060558951136,1428.4328132192022,0.9238804444120753,86.3
2803000,11212.000000449187,-1712204.7403846215,333440.23285192245,-1378764.507532699,302.4532847976022,1428.4328132192022,0.9238804444120753,86.3
2804000,11216.000000450002,-1714113.805735549,333356.0068890025,-1380757.7988465466,302.3768860411219,1428.4328132192022,0.9238804444120753,86.3
2805000,11220.000000450817,-1713620.2625244092,332222.3679818602,-1381397.894542549,301.3485973780924,1428.4328132192022,0.9238804444120753,86.3
2806000,11224.000000451631,-1713648.3804556895,331762.6689145557,-1381885.711541134,300.93161862380276,1428.4328132192022,0.9238804444120753,86.3
2807000,11228.000000452446,-1713838.0330213252,332795.7118432488,-1381042.3211780763,301.8686597974122,1428.4328132192022,0.9238804444120753,86.3
2808000,11232.000000453261,-1712941.820453968,332988.60052436724,-1379953.2199296006,302.04362313253694,1428.4328132192022,0.9238804444120753,86.3
2809000,11236.000000454076,-1713131.8888221625,330217.4128894912,-1382914.4759326712,299.52996485024147,1428.4328132192022,0.9238804444120753,86.3
2810000,11240.000000454891,-1713538.6580855306,332273.63224333583,-1381265.025842195,301.395097598367,1428.4328132192022,0.9238804444120753,86.3
2811000,11244.000000455706,-1711438.2353639752,331576.5173586202,-1379861.718005355,300.76276632580226,1428.4328132192022,0.9238804444120753,86.3
2812000,11248.00000045652,-1712970.922078805,331324.9336821961,-1381645.988396609,300.53456258240533,1428.4328132192022,0.9238804444120753,86.3
2813000,11252.000000457336,-1714775.9207076803,330748.3003619283,-1384027.620345752,300.0115163970454,1428.4328132192022,0.9238804444120753,86.2
2814000,11256.00000045815,-1713717.95787525,330411.30361138395,-1383306.654263866,299.705837105448,1428.4328132192022,0.9238804444120753,86.2
2815000,11260.000000458966,-1713122.9901701733,332592.5878721225,-1380530.402298051,301.68441234843806,1428.4328132192022,0.9238804444120753,86.2
2816000,11264.00000045978,-1713391.2924840488,331664.80328021577,-1381726.489203833,300.8428477447707,1428.4328132192022,0.9238804444120753,86.2
2817000,11268.000000460595,-1712357.1674478315,331803.518807792,-1380553.6486400394,300.9686722939231,1428.4328132192022,0.9238804444120753,86.2
2818000,11272.00000046141,-1712771.3009032551,332365.89812649804,-1380405.402776757,301.4787891169293,1428.4328132192022,0.9238804444120753,86.2
2819000,11276.000000462225,-1713474.7188744135,332035.97939023696,-1381438.7394841765,301.1795300723774,1428.4328132192022,0.9238804444120753,86.2
2820000,11280.00000046304,-1713594.0120394435,330989.29075309006,-1382604.7212863534,300.23011130021024,1428.4328132192022,0.9238804444120753,86.2
2821000,11284.000000463855,-1712970.859125249,331799.607853592,-1381171.2512716572,300.96512478876946,1428.4328132192022,0.9238804444120753,86.2
2822000,11288.00000046467,-1712479.3050880414,332129.7809160624,-1380349.524171979,301.26461452473126,1428.4328132192022,0.9238804444120753,86.2
2823000,11292.000000465485,-1714280.17879921,331612.9922945419,-1382667.186504668,300.79585160794693,1428.4328132192022,0.9238804444120753,86.2
2824000,11296.0000004663,-1715528.6423993353,331907.77213241195,-1383620.8702669232,301.06323724852587,1428.4328132192022,0.9238804444120753,86.2
2825000,11300.000000467115,-1713516.479892442,330327.4944943454,-1383188.9853980965,299.62981645692724,1428.4328132192022,0.9238804444120753,86.2
2826000,11304.00000046793,-1711873.61657276,331432.7864120517,-1380440.8301607084,300.6323924457671,1428.4328132192022,0.9238804444120753,86.2
2827000,11308.000000468744,-1713204.5294751078,331969.1489050546,-1381235.3805700531,301.1189102137745,1428.4328132192022,0.9238804444120753,86.2
2828000,11312.00000046956,-1715053.5671922322,332148.29402780987,-1382905.2731644223,301.281407193726,1428.4328132192022,0.9238804444120753,86.2
2829000,11316.000000470374,-1715458.165888887,330130.2521221351,-1385327.9137667518,299.45090402375735,1428.4328132192022,0.9238804444120753,86.2
2830000,11320.00000047119,-1713534.0518599134,332699.8572424815,-1380834.1946174318,301.7817130645087,1428.4328132192022,0.9238804444120753,86.2
2831000,11324.000000472004,-1713491.155851841,333546.5623923604,-1379944.5934594804,302.549733023125,1428.4328132192022,0.9238804444120753,86.2
2832000,11328.000000472819,-1713975.6934506297,332340.84569402493,-1381634.8477566047,301.45606483309336,1428.4328132192022,0.9238804444120753,86.2
2833000,11332.000000473634,-1715522.3029383272,332548.7256160455,-1382973.5773222817,301.6446262574927,1428.4328132192022,0.9238804444120753,86.2
2834000,11336.000000474449,-1712577.1232656315,332481.6980136389,-1380095.4252519927,301.58382759997437,1428.4328132192022,0.9238804444120753,86.2
2835000,11340.000000475264,-1713110.6303014252,331647.49062286434,-1381463.139678561,300.8271439706948,1428.4328132192022,0.9238804444120753,86.2
2836000,11344.000000476079,-1714459.093614554,331459.39901252126,-1382999.6946020327,300.65653190956306,1428.4328132192022,0.9238804444120753,86.2
2837000,11348.000000476894,-1713281.7829707507,332128.83036154835,-1381152.9526092024,301.26375230623796,1428.4328132192022,0.9238804444120753,86.2
2838000,11352.000000477708,-1713512.7840057071,332832.0806521056,-1380680.7033536015,301.90164881499066,1428.4328132192022,0.9238804444120753,86.2
2839000,11356.000000478523,-1714173.095173508,331780.5598056682,-1382392.5353678397,300.94784689577415,1428.4328132192022,0.9238804444120753,86.2
2840000,11360.000000479338,-1712683.813062489,332015.1098027916,-1380668.7032596974,301.1605999174251,1428.4328132192022,0.9238804444120753,86.2
2841000,11364.000000480153,-1713906.6178656481,332167.05624960095,-1381739.5616160473,301.2984258227088,1428.4328132192022,0.9238804444120753,86.2
2842000,11368.000000480968,-1715266.8284023665,332901.7703024752,-1382365.0580998913,301.9648621335827,1428.4328132192022,0.9238804444120753,86.2
2843000,11372.000000481783,-1712597.6977090742,332508.09022734646,-1380089.6074817278,301.60776715777956,1428.4328132192022,0.9238804444120753,86.2
2844000,11376.000000482598,-1714588.9778546188,331909.70505709096,-1382679.2727975277,301.0649905445017,1428.4328132192022,0.9238804444120753,86.2
2845000,11380.000000483413,-1712916.7535687592,332685.559656337,-1380231.1939124223,301.76874416793294,1428.4328132192022,0.9238804444120753,86.2
2846000,11384.000000484228,-1712863.1055259183,332111.4694598813,-1380751.636066037,301.24800477124097,1428.4328132192022,0.9238804444120753,86.2
2847000,11388.000000485043,-1712491.4501618873,333578.97905774525,-1378912.471104142,302.5791371740397,1428.4328132192022,0.9238804444120753,86.2
2848000,11392.000000485858,-1714332.834327666,332784.508957218,-1381548.3253704482,301.8584980072459,1428.4328132192022,0.9238804444120753,86.2
2849000,11396.000000486672,-1713782.2916274164,332645.3488341735,-1381136.9427932429,301.73227017934505,1428.4328132192022,0.9238804444120753,86.2
2850000,11400.000000487487,-1715028.6847564299,333032.2620209686,-1381996.4227354613,302.0832271207939,1428.4328132192022,0.9238804444120753,86.2
2851000,11404.000000488302,-1713789.75488537,332661.24952065374,-1381128.505364716,301.7466931984731,1428.4328132192022,0.9238804444120753,86.2
2852000,11408.000000489117,-1712974.7193391547,331606.78473378194,-1381367.9346053726,300.79022092227234,1428.4328132192022,0.9238804444120753,86.2
2853000,11412.000000489932,-1713757.807576077,330338.1558125965,-1383419.6517634806,299.63948700777155,1428.4328132192022,0.9238804444120753,86.2
2854000,11416.000000490747,-1712419.3671569042,330888.74666459847,-1381530.6204923056,300.13891087856,1428.4328132192022,0.9238804444120753,86.2
2855000,11420.000000491562,-1711543.8796043321,332634.98869026895,-1378908.8909140632,301.7228728144017,1428.4328132192022,0.9238804444120753,86.2
2856000,11424.000000492377,-1712841.834650755,331780.4453394812,-1381061.3893112738,300.9477430670491,1428.4328132192022,0.9238804444120753,86.2
2857000,11428.000000493192,-1712276.8063970543,333085.3440294622,-1379191.4623675921,302.1313761629632,1428.4328132192022,0.9238804444120753,86.2
2858000,11432.000000494007,-1712250.363189591,333979.3953738882,-1378270.9678157028,302.9423423849651,1428.4328132192022,0.9238804444120753,86.2
2859000,11436.000000494822,-1711734.2443479374,332289.8165730466,-1379444.4277748908,301.4097779014648,1428.4328132192022,0.9238804444120753,86.2
2860000,11440.000000495636,-1712214.4722625688,332029.6541880733,-1380184.8180744955,301.17379267783735,1428.4328132192022,0.9238804444120753,86.2
2861000,11444.000000496451,-1713448.3282093946,331260.96394198324,-1382187.3642674114,300.476537616763,1428.4328132192022,0.9238804444120753,86.2
2862000,11448.000000497266,-1712419.0900241062,331396.33102693164,-1381022.7589971744,300.5993248975477,1428.4328132192022,0.9238804444120753,86.2
2863000,11452.000000498081,-1713686.0841462687,331710.4983867518,-1381975.5857595168,300.8842963574735,1428.4328132192022,0.9238804444120753,86.2
2864000,11456.000000498896,-1714819.5094828643,331732.4117673837,-1383087.0977154807,300.90417330482455,1428.4328132192022,0.9238804444120753,86.2
2865000,11460.000000499711,-1713803.0490794033,330583.8529476916,-1383219.1961317118,299.8623512522548,1428.4328132192022,0.9238804444120753,86.2
2866000,11464.000000500526,-1712414.0474411547,331716.44883425673,-1380697.598606898,300.8896938236955,1428.4328132192022,0.9238804444120753,86.2
2867000,11468.00000050134,-1713976.6857257914,332047.63387016626,-1381929.0518556251,301.1901014893509,1428.4328132192022,0.9238804444120753,86.2
2868000,11472.000000502156,-1710694.4609617032,332225.1720398883,-1378469.2889218149,301.351140852088,1428.4328132192022,0.9238804444120753,86.2
2869000,11476.00000050297,-1711331.4347124174,332834.57302569546,-1378496.861686722,301.9039095697074,1428.4328132192022,0.9238804444120753,86.2
2870000,11480.000000503785,-1712009.7251637839,331849.6798073252,-1380160.0453564588,301.0105435037017,1428.4328132192022,0.9238804444120753,86.2
2871000,11484.0000005046,-1712976.313371174,332338.79752350284,-1380637.5158476713,301.4542070011907,1428.4328132192022,0.9238804444120753,86.2
2872000,11488.000000505415,-1712658.5229610205,331735.85163999285,-1380922.6713210277,300.90729350649013,1428.4328132192022,0.9238804444120753,86.2
2873000,11492.00000050623,-1712623.8942290936,330441.68673204456,-1382182.2074970491,299.73339669106724,1428.4328132192022,0.9238804444120753,86.2
2874000,11496.000000507045,-1710255.6978203729,331338.7188649725,-1378916.9789554004,300.54706669379175,1428.4328132192022,0.9238804444120753,86.2
2875000,11500.00000050786,-1713058.4172936697,332903.76289733103,-1380154.6543963386,301.96666955452366,1428.4328132192022,0.9238804444120753,86.2
2876000,11504.000000508675,-1713197.7981064525,331941.0670124788,-1381256.7310939736,301.0934380007177,1428.4328132192022,0.9238804444120753,86.2
2877000,11508.00000050949,-1714395.254216386,330912.32382254954,-1383482.9303938365,300.1602969866715,1428.4328132192022,0.9238804444120753,86.2
2878000,11512.000000510305,-1714330.0270265155,331899.55950768804,-1382430.4675188274,301.05578783156943,1428.4328132192022,0.9238804444120753,86.2
2879000,11516.00000051112,-1715273.8781525549,331533.0648096627,-1383740.813342892,300.723351867467,1428.4328132192022,0.9238804444120753,86.2
2880000,11520.000000511935,-1711594.7214920782,332031.8329203735,-1379562.8885717047,301.17576893827606,1428.4328132192022,0.9238804444120753,86.2
2881000,11524.00000051275,-1715074.0799863655,331897.66008680954,-1383176.4198995559,301.0540649258511,1428.4328132192022,0.9238804444120753,86.2
2882000,11528.000000513564,-1713472.8273178395,331263.3608685436,-1382209.4664492959,300.4787117944421,1428.4328132192022,0.9238804444120753,86.2
2883000,11532.00000051438,-1712880.3696624096,332426.8960892217,-1380453.4735731878,301.53411847545914,1428.4328132192022,0.9238804444120753,86.2
2884000,11536.000000515194,-1715628.7433866914,331559.3865652606,-1384069.3568214308,300.747227514908,1428.4328132192022,0.9238804444120753,86.2
2885000,11540.00000051601,-1715510.5233953204,330898.3203330537,-1384612.2030622666,300.1475948560365,1428.4328132192022,0.9238804444120753,86.2
2886000,11544.000000516824,-1712793.4308670722,333207.05861375027,-1379586.372253322,302.24177968419053,1428.4328132192022,0.9238804444120753,86.2
2887000,11548.000000517639,-1712774.875978686,330871.27304015355,-1381903.6029385324,300.12306109623023,1428.4328132192022,0.9238804444120753,86.2
2888000,11552.000000518454,-1712711.7268295698,332662.4665200213,-1380049.2603095486,301.7477971008222,1428.4328132192022,0.9238804444120753,86.2
2889000,11556.000000519269,-1715167.7557238545,329663.96900188853,-1385503.786721966,299.0279530794216,1428.4328132192022,0.9238804444120753,86.2
2890000,11560.000000520084,-1712993.1831519883,331681.94922715286,-1381311.2339248355,300.8584003010046,1428.4328132192022,0.9238804444120753,86.2
2891000,11564.000000520899,-1712809.0137145333,331426.7261724492,-1381382.2875420842,300.6268953905415,1428.4328132192022,0.9238804444120753,86.2
2892000,11568.000000521713,-1714406.1679411288,331273.65933291253,-1383132.5086082164,300.48805321179333,1428.4328132192022,0.9238804444120753,86.2
2893000,11572.000000522528,-1712079.8173683118,331745.1255572503,-1380334.6918110615,300.91570558895984,1428.4328132192022,0.9238804444120753,86.2
2894000,11576.000000523343,-1712787.5461546388,332528.66254928865,-1380258.88360535,301.6264276724214,1428.4328132192022,0.9238804444120753,86.2
2895000,11580.000000524158,-1713214.5579986367,331723.3782342641,-1381491.1797643728,300.8959792673445,1428.4328132192022,0.9238804444120753,86.2
2896000,11584.000000524973,-1711335.8280112892,332227.5388123484,-1379108.2891989409,301.35328767791884,1428.4328132192022,0.9238804444120753,86.2
2897000,11588.000000525788,-1713554.4934033398,332213.9289817012,-1381340.5644216386,301.3409426230058,1428.4328132192022,0.9238804444120753,86.2
2898000,11592.000000526603,-1711413.2281148564,331068.05056845094,-1380345.1775464055,300.30155188391603,1428.4328132192022,0.9238804444120753,86.2
2899000,11596.000000527418,-1712745.4817998987,332903.4436672099,-1379842.0381326887,301.9663799907901,1428.4328132192022,0.9238804444120753,86.1
2900000,11600.000000528233,-1712966.7194284834,330923.8656320175,-1382042.8537964658,300.1707662037669,1428.4328132192022,0.9238804444120753,86.1
2901000,11604.000000529048,-1711133.7739747595,330762.436899092,-1380371.3370756675,300.0243392110899,1428.4328132192022,0.9238804444120753,86.1
2902000,11608.000000529863,-1712844.3256079052,331934.5334701932,-1380909.792137712,301.0875116273202,1428.4328132192022,0.9238804444120753,86.1
2903000,11612.000000530677,-1712058.6186423358,332805.22177419305,-1379253.3968681428,301.87728596057093,1428.4328132192022,0.9238804444120753,86.1
2904000,11616.000000531492,-1712724.2149604112,330613.71867970616,-1382110.496280705,299.8894415306937,1428.4328132192022,0.9238804444120753,86.1
2905000,11620.000000532307,-1713040.0603329148,331992.8589276493,-1381047.2014052656,301.14041683927985,1428.4328132192022,0.9238804444120753,86.1
2906000,11624.000000533122,-1710602.9560252614,331639.91637669643,-1378963.039648565,300.82027360711044,1428.4328132192022,0.9238804444120753,86.1
2907000,11628.000000533937,-1710439.8258137945,331155.50113656104,-1379284.3246772336,300.3808755796684,1428.4328132192022,0.9238804444120753,86.1
2908000,11632.000000534752,-1711128.0969637092,331313.0646193896,-1379815.0323443196,300.5237965239649,1428.4328132192022,0.9238804444120753,86.1
2909000,11636.000000535567,-1713178.5922339056,331291.4887143789,-1381887.1035195268,300.5042256902741,1428.4328132192022,0.9238804444120753,86.1
2910000,11640.000000536382,-1711989.1620262936,332366.4929932661,-1379622.6690330275,301.47932870210917,1428.4328132192022,0.9238804444120753,86.1
2911000,11644.000000537197,-1712694.6833336465,331862.10195651976,-1380832.5813771267,301.02181124963624,1428.4328132192022,0.9238804444120753,86.1
2912000,11648.000000538012,-1712297.702496888,331903.5204799295,-1380394.1820169585,301.05938070653593,1428.4328132192022,0.9238804444120753,86.1
2913000,11652.000000538826,-1710291.0796338748,333087.67324737523,-1377203.4063864995,302.13348892423016,1428.4328132192022,0.9238804444120753,86.1
2914000,11656.000000539641,-1711775.7125797216,330468.2319468968,-1381307.4806328248,299.75747503146147,1428.4328132192022,0.9238804444120753,86.1
2915000,11660.000000540456,-1711952.4857938755,330841.09748800367,-1381111.3883058717,300.0956897895638,1428.4328132192022,0.9238804444120753,86.1
2916000,11664.000000541271,-1711587.0130827725,332409.80986670946,-1379177.203216063,301.5186200933971,1428.4328132192022,0.9238804444120753,86.1
2917000,11668.000000542086,-1714441.921081733,330659.5675638668,-1383782.3535178662,299.9310296303063,1428.4328132192022,0.9238804444120753,86.1
2918000,11672.000000542901,-1712381.6880940516,332438.4687607559,-1379943.2193332957,301.54461568657695,1428.4328132192022,0.9238804444120753,86.1
2919000,11676.000000543716,-1714106.6562374942,331411.8471342131,-1382694.8091032812,300.61339907682236,1428.4328132192022,0.9238804444120753,86.1
2920000,11680.00000054453,-1713043.8063865695,331384.70925788244,-1381659.097128687,300.58878315159814,1428.4328132192022,0.9238804444120753,86.1
2921000,11684.000000545346,-1711917.395677941,330634.57368054934,-1381282.8219973915,299.90835845459196,1428.4328132192022,0.9238804444120753,86.1
2922000,11688.00000054616,-1712197.6013457365,331917.7033668243,-1380279.897978912,301.0722455629828,1428.4328132192022,0.9238804444120753,86.1
2923000,11692.000000546976,-1714787.2748440113,332609.91937967757,-1382177.3554643337,301.7001332209486,1428.4328132192022,0.9238804444120753,86.1
2924000,11696.00000054779,-1712058.5064179264,331232.22594337974,-1380826.2804745466,300.45047027029494,1428.4328132192022,0.9238804444120753,86.1
2925000,11700.000000548605,-1712297.0270644892,330249.1907470441,-1382047.8363174452,299.5587895584013,1428.4328132192022,0.9238804444120753,86.1
2926000,11704.00000054942,-1716598.0270719938,331553.7991536121,-1385044.2279183818,300.7421593472423,1428.4328132192022,0.9238804444120753,86.1
2927000,11708.000000550235,-1712385.5109985285,332160.2723423054,-1380225.238656223,301.29227235098233,1428.4328132192022,0.9238804444120753,86.1
2928000,11712.00000055105,-1712982.5497526359,331822.10732294864,-1381160.4424296874,300.9855333590098,1428.4328132192022,0.9238804444120753,86.1
2929000,11716.000000551865,-1712434.070303185,333250.9603240682,-1379183.1099791168,302.2816015628532,1428.4328132192022,0.9238804444120753,86.1
2930000,11720.00000055268,-1712356.8808562476,331130.09047377465,-1381226.790382473,300.35782635623514,1428.4328132192022,0.9238804444120753,86.1
2931000,11724.000000553495,-1712452.8530319687,332425.612365054,-1380027.2406669147,301.5329540491151,1428.4328132192022,0.9238804444120753,86.1
2932000,11728.00000055431,-1713279.537003953,331776.6258909844,-1381502.9111129686,300.94427856387836,1428.4328132192022,0.9238804444120753,86.1
2933000,11732.000000555125,-1713822.445110768,332013.8177623201,-1381808.627348448,301.15942794762003,1428.4328132192022,0.9238804444120753,86.1
2934000,11736.00000055594,-1714213.3764995728,333950.01414764323,-1380263.3623519295,302.91569158667016,1428.4328132192022,0.9238804444120753,86.1
2935000,11740.000000556754,-1712514.962618867,330623.554905851,-1381891.407713016,299.89836366610035,1428.4328132192022,0.9238804444120753,86.1
2936000,11744.00000055757,-1715631.8180975802,331489.2538715726,-1384142.5642260076,300.68361232547454,1428.4328132192022,0.9238804444120753,86.1
2937000,11748.000000558384,-1713897.8160875123,332518.65644132614,-1381379.159646186,301.6173514424913,1428.4328132192022,0.9238804444120753,86.1
2938000,11752.0000005592,-1712423.7733004317,332231.00280183094,-1380192.7704986008,301.35642975525167,1428.4328132192022,0.9238804444120753,86.1
2939000,11756.000000560014,-1713244.0905874372,330989.6539779537,-1382254.4366094833,300.2304407702091,1428.4328132192022,0.9238804444120753,86.1
2940000,11760.000000560829,-1712823.4415652175,332695.52068957407,-1380127.9208756434,301.7777795119787,1428.4328132192022,0.9238804444120753,86.1
2941000,11764.000000561644,-1712270.398347741,331325.03770120325,-1380945.3606465377,300.5346569348179,1428.4328132192022,0.9238804444120753,86.1
2942000,11768.000000562459,-1711918.1695401724,333176.8120345635,-1378741.3575056088,302.2143439511037,1428.4328132192022,0.9238804444120753,86.1
2943000,11772.000000563274,-1714559.1394274477,333284.6076888392,-1381274.5317386086,302.3121220429786,1428.4328132192022,0.9238804444120753,86.1
2944000,11776.000000564089,-1712965.525740875,331572.1926467581,-1381393.3330941168,300.7588435139169,1428.4328132192022,0.9238804444120753,86.1
2945000,11780.000000564904,-1714548.4622989837,330857.23320713744,-1383691.2290918464,300.11032599951614,1428.4328132192022,0.9238804444120753,86.1
2946000,11784.000000565718,-1712616.8039302416,332731.2487565911,-1379885.5551736504,301.8101873325238,1428.4328132192022,0.9238804444120753,86.1
2947000,11788.000000566533,-1713273.5863881428,332828.8063067705,-1380444.7800813722,301.8986787579771,1428.4328132192022,0.9238804444120753,86.1
2948000,11792.000000567348,-1711711.1594407707,332054.42928181816,-1379656.7301589525,301.1962653963219,1428.4328132192022,0.9238804444120753,86.1
2949000,11796.000000568163,-1710108.2274478264,332237.50349380926,-1377870.7239540173,301.3623263311552,1428.4328132192022,0.9238804444120753,86.1
2950000,11800.000000568978,-1713252.7505405992,331824.9685422774,-1381427.7819983219,300.9881286822469,1428.4328132192022,0.9238804444120753,86.1
2951000,11804.000000569793,-1713020.4276468642,331944.7633223445,-1381075.6643245197,301.09679080865857,1428.4328132192022,0.9238804444120753,86.1
2952000,11808.000000570608,-1712916.3656688724,333489.4399077983,-1379426.925761074,302.4979189905356,1428.4328132192022,0.9238804444120753,86.1
2953000,11812.000000571423,-1713615.8250486068,332113.89031023864,-1381501.9347383683,301.25020064945375,1428.4328132192022,0.9238804444120753,86.1
2954000,11816.000000572238,-1711982.0413594078,330957.3623929053,-1381024.6789665027,300.2011500757848,1428.4328132192022,0.9238804444120753,86.1
2955000,11820.000000573053,-1713582.0707415938,331029.3796085574,-1382552.6911330365,300.26647465659397,1428.4328132192022,0.9238804444120753,86.1
2956000,11824.000000573868,-1714243.2960159462,333217.06939187937,-1381026.226624067,302.25086015028376,1428.4328132192022,0.9238804444120753,86.1
2957000,11828.000000574682,-1713506.1967469305,330654.3573886681,-1382851.8393582623,299.92630364211425,1428.4328132192022,0.9238804444120753,86.1
2958000,11832.000000575497,-1712161.7477269005,332195.27622745815,-1379966.4714994424,301.3240232886379,1428.4328132192022,0.9238804444120753,86.1
2959000,11836.000000576312,-1713352.377169095,332587.0687611983,-1380765.3084078967,301.67940613423923,1428.4328132192022,0.9238804444120753,86.1
2960000,11840.000000577127,-1710309.3744723499,332264.8419008666,-1378044.5325714834,301.3871241515769,1428.4328132192022,0.9238804444120753,86.1
2961000,11844.000000577942,-1709806.5628969353,333004.2297392792,-1376802.333157656,302.05779990823225,1428.4328132192022,0.9238804444120753,86.1
2962000,11848.000000578757,-1711704.67950912,332006.90590031224,-1379697.773608808,301.15315841214596,1428.4328132192022,0.9238804444120753,86.1
2963000,11852.000000579572,-1712212.5953212865,331654.8170059544,-1380557.778315332,300.83378950537525,1428.4328132192022,0.9238804444120753,86.1
2964000,11856.000000580387,-1712835.860945059,333145.5721871507,-1379690.2887579082,302.1860072552414,1428.4328132192022,0.9238804444120753,86.1
2965000,11860.000000581202,-1712619.4228282273,331648.0952302315,-1380971.3275979958,300.82769239126975,1428.4328132192022,0.9238804444120753,86.1
2966000,11864.000000582017,-1713751.137531424,331484.6549123151,-1382266.4826191089,300.6794407522897,1428.4328132192022,0.9238804444120753,86.1
2967000,11868.000000582831,-1713698.1521044672,331783.38764326007,-1381914.7644612072,300.95041193947395,1428.4328132192022,0.9238804444120753,86.1
2968000,11872.000000583646,-1710116.3887371086,332280.9321473274,-1377835.4565897812,301.4017191146791,1428.4328132192022,0.9238804444120753,86.1
2969000,11876.000000584461,-1711185.20133828,332155.20907127205,-1379029.992267008,301.2876796149986,1428.4328132192022,0.9238804444120753,86.1
2970000,11880.000000585276,-1712574.584212156,332240.85851429054,-1380333.7256978655,301.36536956608956,1428.4328132192022,0.9238804444120753,86.1
2971000,11884.000000586091,-1712069.1368445717,331778.52562808234,-1380290.6112164892,300.94600175642955,1428.4328132192022,0.9238804444120753,86.1
2972000,11888.000000586906,-1714006.5557054095,332339.23312072403,-1381667.3225846854,301.45460211790845,1428.4328132192022,0.9238804444120753,86.1
2973000,11892.000000587721,-1713008.8791654073,330996.89996717067,-1382011.9791982365,300.2370133821028,1428.4328132192022,0.9238804444120753,86.1
2974000,11896.000000588536,-1712150.9963998925,331554.4311012436,-1380596.565298649,300.7427325673223,1428.4328132192022,0.9238804444120753,86.1
2975000,11900.00000058935,-1712081.0829517301,330188.59531073715,-1381892.487640993,299.5038253190892,1428.4328132192022,0.9238804444120753,86.1
2976000,11904.000000590166,-1709069.2430998534,333041.15671972604,-1376028.0863801274,302.09129522593366,1428.4328132192022,0.9238804444120753,86.1
2977000,11908.00000059098,-1712542.4287377633,331698.7108863693,-1380843.717851394,300.87360428177595,1428.4328132192022,0.9238804444120753,86.1
2978000,11912.000000591795,-1713663.553848451,331659.53067049244,-1382004.0231779586,300.8380651241594,1428.4328132192022,0.9238804444120753,86.1
2979000,11916.00000059261,-1711610.0508247428,332283.77437754034,-1379326.2764472025,301.40429721347874,1428.4328132192022,0.9238804444120753,86.1
2980000,11920.000000593425,-1713472.400575772,332767.4001792986,-1380705.0003964733,301.84297916587417,1428.4328132192022,0.9238804444120753,86.1
2981000,11924.00000059424,-1710099.9269840121,332413.0950228219,-1377686.8319611903,301.52159995653113,1428.4328132192022,0.9238804444120753,86.1
2982000,11928.000000595055,-1710662.244332265,330903.0315826746,-1379759.2127495906,300.1518682843242,1428.4328132192022,0.9238804444120753,86.1
2983000,11932.00000059587,-1713455.528097082,332513.6283402525,-1380941.8997568295,301.6127906080863,1428.4328132192022,0.9238804444120753,86.1
2984000,11936.000000596685,-1713409.3841419835,332612.79976779793,-1380796.5843741857,301.7027459316015,1428.4328132192022,0.9238804444120753,86.1
2985000,11940.0000005975,-1713220.8089150265,332309.3666075195,-1380911.442307507,301.42751113087644,1428.4328132192022,0.9238804444120753,86.1
2986000,11944.000000598315,-1710838.6044872943,332588.4638091564,-1378250.140678138,301.6806715389379,1428.4328132192022,0.9238804444120753,86.1
2987000,11948.00000059913,-1711171.8507853467,330833.76771861035,-1380338.0830667363,300.0890411832728,1428.4328132192022,0.9238804444120753,86
2988000,11952.000000599945,-1710675.0469944682,331982.0296652031,-1378693.0173292651,301.13059395146945,1428.4328132192022,0.9238804444120753,86
2989000,11956.00000060076,-1711864.3633523453,332495.79731429723,-1379368.5660380481,301.5966166379407,1428.4328132192022,0.9238804444120753,86
2990000,11960.000000601574,-1713306.1363447346,332859.59455077164,-1380446.541793963,301.92660581840306,1428.4328132192022,0.9238804444120753,86
2991000,11964.00000060239,-1711571.9740037005,331005.8449486252,-1380566.1290550753,300.2451270971162,1428.4328132192022,0.9238804444120753,86
2992000,11968.000000603204,-1710986.4183320086,330760.5042768576,-1380225.914055151,300.0225861894522,1428.4328132192022,0.9238804444120753,86
2993000,11972.000000604019,-1711493.4769964833,333028.7287300732,-1378464.74826641,302.08002218230064,1428.4328132192022,0.9238804444120753,86
2994000,11976.000000604834,-1713546.5322836135,330700.26836699975,-1382846.2639166138,299.96794806542187,1428.4328132192022,0.9238804444120753,86
2995000,11980.000000605649,-1712808.5043976996,333422.39727709256,-1379386.107120607,302.4371067013136,1428.4328132192022,0.9238804444120753,86
2996000,11984.000000606464,-1711329.0978399366,333597.64596492174,-1377731.451875015,302.5960693460942,1428.4328132192022,0.9238804444120753,86
2997000,11988.000000607279,-1711929.386099102,331862.50580110087,-1380066.8802980012,301.0221775645199,1428.4328132192022,0.9238804444120753,86
2998000,11992.000000608094,-1713795.0582606718,330673.91236064513,-1383121.1459000267,299.9440413501826,1428.4328132192022,0.9238804444120753,86
2999000,11996.000000608909,-1713183.023075318,330168.4309198278,-1383014.59215549,299.48553482602443,1428.4328132192022,0.9238804444120753,86
3000000,12000.000000609723,-1714427.321808599,330984.00781531003,-1383443.313993289,300.22531931133926,1428.4328132192022,0.9238804444120753,86
3001000,12004.000000610538,-1712990.721537631,333081.7745293176,-1379908.9470083134,302.12813838018405,1428.4328132192022,0.9238804444120753,86
3002000,12008.000000611353,-1711758.689502081,330150.40566383605,-1381608.2838382449,299.46918467584186,1428.4328132192022,0.9238804444120753,86
3003000,12012.000000612168,-1709767.3980831783,332421.6521561388,-1377345.7459270395,301.52936186653824,1428.4328132192022,0.9238804444120753,86
3004000,12016.000000612983,-1713147.2818551548,331505.7886118583,-1381641.4932432964,300.6986104751276,1428.4328132192022,0.9238804444120753,86
3005000,12020.000000613798,-1714668.1705722753,331225.0335522953,-1383443.13701998,300.4439462756035,1428.4328132192022,0.9238804444120753,86
3006000,12024.000000614613,-1713982.8420080226,329934.3758637081,-1384048.4661443145,299.2732307499943,1428.4328132192022,0.9238804444120753,86
3007000,12028.000000615428,-1711772.6976669542,331343.6158839135,-1380429.081783041,300.55150862766317,1428.4328132192022,0.9238804444120753,86
3008000,12032.000000616243,-1714345.1055852734,331442.88631925505,-1382902.2192660184,300.6415537580769,1428.4328132192022,0.9238804444120753,86
3009000,12036.000000617058,-1714053.1619436834,330935.2807893172,-1383117.8811543663,300.18112053861205,1428.4328132192022,0.9238804444120753,86
3010000,12040.000000617873,-1710630.5760300402,332794.3519106499,-1377836.2241193904,301.8674262447658,1428.4328132192022,0.9238804444120753,86
3011000,12044.000000618687,-1712715.8419647086,332741.9013350396,-1379973.940629669,301.81984995576437,1428.4328132192022,0.9238804444120753,86
3012000,12048.000000619502,-1711737.5236795377,331257.7807788567,-1380479.742900681,300.47365026830045,1428.4328132192022,0.9238804444120753,86
3013000,12052.000000620317,-1711285.5260860622,333022.1770637613,-1378263.349022301,302.07407936916144,1428.4328132192022,0.9238804444120753,86
3014000,12056.000000621132,-1712334.5420808475,332928.33366421866,-1379406.208416629,301.9889569344586,1428.4328132192022,0.9238804444120753,86
3015000,12060.000000621947,-1715283.331254853,332365.49957595154,-1382917.8316789013,301.47842760410015,1428.4328132192022,0.9238804444120753,86
3016000,12064.000000622762,-1712670.8114187997,333152.5151981071,-1379518.2962206926,302.1923050449598,1428.4328132192022,0.9238804444120753,86
3017000,12068.000000623577,-1714681.6571103223,331110.81157290447,-1383570.8455374178,300.3403390636982,1428.4328132192022,0.9238804444120753,86
3018000,12072.000000624392,-1712060.422220638,332557.9931601126,-1379502.4290605255,301.6530325590392,1428.4328132192022,0.9238804444120753,86
3019000,12076.000000625207,-1712093.0190322455,332475.0410287285,-1379617.978003517,301.57778925560365,1428.4328132192022,0.9238804444120753,86
3020000,12080.000000626022,-1711633.7637577541,333092.4737222593,-1378541.2900354948,302.13784328598445,1428.4328132192022,0.9238804444120753,86
3021000,12084.000000626836,-1712282.4360399693,330610.55377082346,-1381671.882269146,299.8865707400891,1428.4328132192022,0.9238804444120753,86
3022000,12088.000000627651,-1712143.8798059337,331215.8039294412,-1380928.0758764925,300.43557437121217,1428.4328132192022,0.9238804444120753,86
3023000,12092.000000628466,-1713418.8511762843,331892.65539297095,-1381526.1957833134,301.0495253234223,1428.4328132192022,0.9238804444120753,86
3024000,12096.000000629281,-1710845.1473027822,331979.9584395648,-1378865.1888632174,301.12871520698656,1428.4328132192022,0.9238804444120753,86
3025000,12100.000000630096,-1711476.0402671937,332874.6179075248,-1378601.4223596689,301.94023303896915,1428.4328132192022,0.9238804444120753,86
3026000,12104.000000630911,-1711909.086561434,333519.61231205007,-1378389.474249384,302.52528744184133,1428.4328132192022,0.9238804444120753,86
3027000,12108.000000631726,-1711779.5925925747,332265.5879625216,-1379514.004630053,301.3878008809454,1428.4328132192022,0.9238804444120753,86
3028000,12112.00000063254,-1712176.4365738668,331650.1724301042,-1380526.2641437626,300.8295765547953,1428.4328132192022,0.9238804444120753,86
3029000,12116.000000633356,-1713631.1748755854,332236.4046890583,-1381394.7701865272,301.361329639474,1428.4328132192022,0.9238804444120753,86
3030000,12120.00000063417,-1711473.6375333425,332172.49416172574,-1379301.1433716167,301.30335838399725,1428.4328132192022,0.9238804444120753,86
3031000,12124.000000634986,-1713446.3303361144,331663.4161937813,-1381782.914142333,300.84158956172297,1428.4328132192022,0.9238804444120753,86
3032000,12128.0000006358,-1714501.794222109,333255.2767506125,-1381246.5174714965,302.28551685938396,1428.4328132192022,0.9238804444120753,86
3033000,12132.000000636615,-1713885.387950899,331703.99027042557,-1382181.3976804735,300.87839304717437,1428.4328132192022,0.9238804444120753,86
3034000,12136.00000063743,-1714143.0288941972,332383.6135351461,-1381759.415359051,301.49485821420444,1428.4328132192022,0.9238804444120753,86
3035000,12140.000000638245,-1710099.04618554,331438.0485788961,-1378660.997606644,300.63716559396715,1428.4328132192022,0.9238804444120753,86
3036000,12144.00000063906,-1714925.605129877,332819.8763500517,-1382105.7287798254,301.8905786714351,1428.4328132192022,0.9238804444120753,86
3037000,12148.000000639875,-1713375.4829412475,333756.3263182601,-1379619.1566229875,302.7400033689611,1428.4328132192022,0.9238804444120753,86
3038000,12152.00000064069,-1713173.719849594,331032.2547583865,-1382141.4650912075,300.26908261575556,1428.4328132192022,0.9238804444120753,86
3039000,12156.000000641505,-1712346.6587573737,332288.6904511579,-1380057.9683062157,301.4087564312559,1428.4328132192022,0.9238804444120753,86
3040000,12160.00000064232,-1713603.0793833397,331385.39644119696,-1382217.6829421427,300.5894064742517,1428.4328132192022,0.9238804444120753,86
3041000,12164.000000643135,-1712379.0880026557,332131.79115131835,-1380247.2968513374,301.2664379467315,1428.4328132192022,0.9238804444120753,86
3042000,12168.00000064395,-1716878.1362552159,330450.50806631317,-1386427.6281889027,299.74139824955654,1428.4328132192022,0.9238804444120753,86
3043000,12172.000000644764,-1712100.0884886384,332384.0514955466,-1379716.036993092,301.49525547448883,1428.4328132192022,0.9238804444120753,86
3044000,12176.00000064558,-1717828.6872538272,330837.37190870044,-1386991.3153451267,300.09231043222474,1428.4328132192022,0.9238804444120753,86
3045000,12180.000000646394,-1713517.6811666451,331120.145568799,-1382397.5355978461,300.3488056416346,1428.4328132192022,0.9238804444120753,86
3046000,12184.00000064721,-1715656.365403086,332026.6860659016,-1383629.6793371844,301.17110038634974,1428.4328132192022,0.9238804444120753,86
3047000,12188.000000648024,-1712651.0672149733,331083.0663676134,-1381568.00084736,300.31517224922624,1428.4328132192022,0.9238804444120753,86
3048000,12192.000000648839,-1712819.6556758732,330010.6415943664,-1382809.0140815068,299.3424090268861,1428.4328132192022,0.9238804444120753,86
3049000,12196.000000649654,-1711873.4489859696,331157.4305006551,-1380716.0184853147,300.3826256459481,1428.4328132192022,0.9238804444120753,86
3050000,12200.000000650469,-1712588.976377774,330739.90190573485,-1381849.0744720392,300.0038984181314,1428.4328132192022,0.9238804444120753,86
3051000,12204.000000651284,-1714044.6947266236,332071.6975210132,-1381972.9972056104,301.21192888006686,1428.4328132192022,0.9238804444120753,86
3052000,12208.000000652099,-1714607.0971053243,330642.5900816085,-1383964.5070237159,299.91562988315314,1428.4328132192022,0.9238804444120753,86
3053000,12212.000000652914,-1714368.0785695128,331180.83948818897,-1383187.2390813238,300.40385921189437,1428.4328132192022,0.9238804444120753,86
3054000,12216.000000653728,-1712945.2264924385,330673.766178076,-1382271.4603143625,299.9439087525118,1428.4328132192022,0.9238804444120753,86
3055000,12220.000000654543,-1709138.1467279661,331702.70058232255,-1377435.4461456435,300.8772232111298,1428.4328132192022,0.9238804444120753,86
3056000,12224.000000655358,-1712968.7023713198,332919.3885370601,-1380049.3138342598,301.9808430872816,1428.4328132192022,0.9238804444120753,86
3057000,12228.000000656173,-1715188.5936291963,331882.4019391186,-1383306.1916900778,301.0402247337135,1428.4328132192022,0.9238804444120753,86
3058000,12232.000000656988,-1712533.5598690584,331314.25791593676,-1381219.3019531216,300.52487892622133,1428.4328132192022,0.9238804444120753,86
3059000,12236.000000657803,-1713743.1248069275,330703.32996462804,-1383039.7948422995,299.9707251455945,1428.4328132192022,0.9238804444120753,86
3060000,12240.000000658618,-1711196.9735346176,331744.52734139026,-1379452.4461932273,300.91516296592266,1428.4328132192022,0.9238804444120753,86
3061000,12244.000000659433,-1710829.8941238131,331833.97771365545,-1378995.9164101577,300.99630062194746,1428.4328132192022,0.9238804444120753,86
3062000,12248.000000660248,-1711319.934823485,330981.7119196951,-1380338.22290379,300.22323677569455,1428.4328132192022,0.9238804444120753,86
3063000,12252.000000661063,-1712754.0317765642,332230.0767594078,-1380523.9550171564,301.35558977091523,1428.4328132192022,0.9238804444120753,86
3064000,12256.000000661877,-1714771.0683910176,333288.11845350626,-1381482.9499375112,302.3153065486294,1428.4328132192022,0.9238804444120753,86
3065000,12260.000000662692,-1709605.6184590664,331492.4481713119,-1378113.1702877544,300.6865097756127,1428.4328132192022,0.9238804444120753,86
3066000,12264.000000663507,-1712910.5598068126,334646.8257962127,-1378263.7340105998,303.54774780313954,1428.4328132192022,0.9238804444120753,86
3067000,12268.000000664322,-1712417.7303960714,332468.7360637963,-1379948.9943322751,301.5720702176281,1428.4328132192022,0.9238804444120753,86
3068000,12272.000000665137,-1714256.4432332069,331734.020726286,-1382522.422506921,300.90563274150065,1428.4328132192022,0.9238804444120753,86
3069000,12276.000000665952,-1714055.8183138352,332331.38697274675,-1381724.4313410884,301.447485120633,1428.4328132192022,0.9238804444120753,86
3070000,12280.000000666767,-1712575.831671415,331921.70834349684,-1380654.1233279181,301.0758783530027,1428.4328132192022,0.9238804444120753,86
3071000,12284.000000667582,-1712906.9828696605,333533.33204595593,-1379373.6508237044,302.5377321865888,1428.4328132192022,0.9238804444120753,86
3072000,12288.000000668397,-1714536.279608056,332242.6805484728,-1382293.5990595832,301.36702227673794,1428.4328132192022,0.9238804444120753,86
3073000,12292.000000669212,-1715504.6533351,331789.0243035478,-1383715.6290315522,300.95552477905164,1428.4328132192022,0.9238804444120753,86
3074000,12296.000000670027,-1715587.71799393,331239.5770517674,-1384348.1409421626,300.45713823252527,1428.4328132192022,0.9238804444120753,86
3075000,12300.000000670841,-1713764.1475763097,331772.63926996733,-1381991.5083063424,300.9406624237037,1428.4328132192022,0.9238804444120753,86
3076000,12304.000000671656,-1711212.2349910066,331207.3729066674,-1380004.8620843391,300.42792685216403,1428.4328132192022,0.9238804444120753,86
3077000,12308.000000672471,-1712063.1298345681,329922.3505942777,-1382140.7792402904,299.26232300137417,1428.4328132192022,0.9238804444120753,86
3078000,12312.000000673286,-1713335.952012051,332010.1285735173,-1381325.8234385336,301.15608159897425,1428.4328132192022,0.9238804444120753,86
3079000,12316.000000674101,-1711481.6848123595,332537.6808039427,-1378944.0040084168,301.63460785127967,1428.4328132192022,0.9238804444120753,86
3080000,12320.000000674916,-1714589.5269979201,331863.31810455903,-1382726.208893361,301.02291437977186,1428.4328132192022,0.9238804444120753,86
3081000,12324.000000675731,-1712897.803418517,331742.3116276978,-1381155.4917908194,300.9131531608108,1428.4328132192022,0.9238804444120753,85.9
3082000,12328.000000676546,-1711861.4653712194,331947.3938072103,-1379914.0715640092,301.09917683982667,1428.4328132192022,0.9238804444120753,85.9
3083000,12332.00000067736,-1712916.6423818525,330700.4031117423,-1382216.2392701101,299.9680702881952,1428.4328132192022,0.9238804444120753,85.9
3084000,12336.000000678176,-1713252.0797845237,331220.75987816206,-1382031.3199063616,300.44006975845764,1428.4328132192022,0.9238804444120753,85.9
3085000,12340.00000067899,-1710827.553520888,332516.56400809716,-1378310.989512791,301.6154534612612,1428.4328132192022,0.9238804444120753,85.9
3086000,12344.000000679805,-1711873.732092239,332987.1726639726,-1378886.5594282662,302.0423279646956,1428.4328132192022,0.9238804444120753,85.9
3087000,12348.00000068062,-1713297.8939593118,331952.31609508715,-1381345.5778642246,301.1036416943655,1428.4328132192022,0.9238804444120753,85.9
3088000,12352.000000681435,-1713798.5384679548,332091.801157293,-1381706.737310662,301.23016426449306,1428.4328132192022,0.9238804444120753,85.9
3089000,12356.00000068225,-1713657.9603892025,332586.97039750783,-1381070.9899916947,301.67931691158896,1428.4328132192022,0.9238804444120753,85.9
3090000,12360.000000683065,-1714140.8633819874,332156.51180694025,-1381984.3515750472,301.28886128608457,1428.4328132192022,0.9238804444120753,85.9
3091000,12364.00000068388,-1712301.0517856423,331182.9892822603,-1381118.062503382,300.40580922336403,1428.4328132192022,0.9238804444120753,85.9
3092000,12368.000000684695,-1710609.431780234,331390.29666352365,-1379219.1351167103,300.59385131381487,1428.4328132192022,0.9238804444120753,85.9
3093000,12372.00000068551,-1712775.6094929948,332949.33459353977,-1379826.274899455,302.00800622554937,1428.4328132192022,0.9238804444120753,85.9
3094000,12376.000000686325,-1711453.239074925,331440.6884825262,-1380012.5505923987,300.63956016860396,1428.4328132192022,0.9238804444120753,85.9
3095000,12380.00000068714,-1712339.126863625,331518.3399332231,-1380820.7869304018,300.70999538912815,1428.4328132192022,0.9238804444120753,85.9
3096000,12384.000000687955,-1712625.7275154088,330395.55786775175,-1382230.169647657,299.69155463016773,1428.4328132192022,0.9238804444120753,85.9
3097000,12388.00000068877,-1713061.4216449782,332253.20654891233,-1380808.2150960658,301.3765700849958,1428.4328132192022,0.9238804444120753,85.9
3098000,12392.000000689584,-1711901.2965595573,331490.54461012565,-1380410.7519494316,300.6847831143498,1428.4328132192022,0.9238804444120753,85.9
3099000,12396.0000006904,-1711790.6902683917,332107.6817835057,-1379683.008484886,301.24456908757514,1428.4328132192022,0.9238804444120753,85.9
3100000,12400.000000691214,-1711307.8070955146,332905.8485860815,-1378401.958509433,301.96856141804676,1428.4328132192022,0.9238804444120753,85.9
3101000,12404.000000692029,-1710823.8554197978,332119.5835608463,-1378704.2718589515,301.255364820354,1428.4328132192022,0.9238804444120753,85.9
3102000,12408.000000692844,-1716222.2064032294,333922.9501302813,-1382299.256272948,302.8911426566237,1428.4328132192022,0.9238804444120753,85.9
3103000,12412.000000693659,-1714940.2056973763,331743.7991748807,-1383196.4065224957,300.91450246868504,1428.4328132192022,0.9238804444120753,85.9
3104000,12416.000000694474,-1714420.6139075886,331581.21193100774,-1382839.401976581,300.76702462668925,1428.4328132192022,0.9238804444120753,85.9
3105000,12420.000000695289,-1714039.3918545116,332376.06152940064,-1381663.3303251108,301.4880080242169,1428.4328132192022,0.9238804444120753,85.9
3106000,12424.000000696104,-1711859.7115585078,334641.60503595986,-1377218.106522548,303.54301221357343,1428.4328132192022,0.9238804444120753,85.9
3107000,12428.000000696919,-1710815.5554448906,332653.9188358915,-1378161.6366089992,301.7400437618794,1428.4328132192022,0.9238804444120753,85.9
3108000,12432.000000697733,-1714689.2347701509,331032.08917645086,-1383657.1455937,300.2689324215216,1428.4328132192022,0.9238804444120753,85.9
3109000,12436.000000698548,-1715921.7986820433,330737.5671362963,-1385184.231545747,300.001780621248,1428.4328132192022,0.9238804444120753,85.9
3110000,12440.000000699363,-1713437.3675367758,331445.0266615546,-1381992.3408752212,300.6434951961378,1428.4328132192022,0.9238804444120753,85.9
3111000,12444.000000700178,-1713416.3937782198,331857.7785703904,-1381558.6152078295,301.0178896402819,1428.4328132192022,0.9238804444120753,85.9
3112000,12448.000000700993,-1711941.4814595357,331808.6057234293,-1380132.8757361064,300.9732864771932,1428.4328132192022,0.9238804444120753,85.9
3113000,12452.000000701808,-1712739.4246177543,332282.1116633731,-1380457.312954381,301.40278901707046,1428.4328132192022,0.9238804444120753,85.9
3114000,12456.000000702623,-1712874.8935438097,331579.97789759655,-1381294.915646213,300.765905273288,1428.4328132192022,0.9238804444120753,85.9
3115000,12460.000000703438,-1712003.48415792,329873.246647089,-1382130.2375108309,299.21778233513027,1428.4328132192022,0.9238804444120753,85.9
3116000,12464.000000704253,-1711322.7802222539,330757.5020360629,-1380565.2781861909,300.0198629500208,1428.4328132192022,0.9238804444120753,85.9
3117000,12468.000000705068,-1711554.0216042753,332394.46125006763,-1379159.5603542076,301.5046978396825,1428.4328132192022,0.9238804444120753,85.9
3118000,12472.000000705882,-1712044.4678011388,331156.1099624349,-1380888.3578387038,300.3814278267198,1428.4328132192022,0.9238804444120753,85.9
3119000,12476.000000706697,-1712048.221500462,333303.92351045524,-1378744.2979900066,302.3296428251781,1428.4328132192022,0.9238804444120753,85.9
3120000,12480.000000707512,-1712824.3522517346,331073.1187983928,-1381751.2334533418,300.30614911797187,1428.4328132192022,0.9238804444120753,85.9
3121000,12484.000000708327,-1711675.1442272663,330974.07505097357,-1380701.0691762927,300.21630960913575,1428.4328132192022,0.9238804444120753,85.9
3122000,12488.000000709142,-1713933.1938286256,331468.98447937495,-1382464.2093492507,300.6652265890005,1428.4328132192022,0.9238804444120753,85.9
3123000,12492.000000709957,-1714393.6741583534,333106.45252581756,-1381287.2216325358,302.15052302477176,1428.4328132192022,0.9238804444120753,85.9
3124000,12496.000000710772,-1712546.4990570303,330935.5892449705,-1381610.9098120597,300.1814003291603,1428.4328132192022,0.9238804444120753,85.9
3125000,12500.000000711587,-1713470.4626842756,331721.3774391591,-1381749.0852451166,300.894164408212,1428.4328132192022,0.9238804444120753,85.9
3126000,12504.000000712402,-1713731.3741106223,332081.9192655742,-1381649.454845048,301.22120070726174,1428.4328132192022,0.9238804444120753,85.9
3127000,12508.000000713217,-1713052.5420190003,332333.67449156404,-1380718.8675274362,301.4495600579446,1428.4328132192022,0.9238804444120753,85.9
3128000,12512.000000714032,-1712320.3705741763,331925.7525460579,-1380394.6180281183,301.0795467236085,1428.4328132192022,0.9238804444120753,85.9
3129000,12516.000000714846,-1712255.5218253825,330201.94386410166,-1382053.577961281,299.5159333774895,1428.4328132192022,0.9238804444120753,85.9
3130000,12520.000000715661,-1711682.4635165874,332291.979966516,-1379390.4835500713,301.41174024852637,1428.4328132192022,0.9238804444120753,85.9
3131000,12524.000000716476,-1711849.513561787,333850.47086828644,-1377999.0426935006,302.8253989679196,1428.4328132192022,0.9238804444120753,85.9
3132000,12528.000000717291,-1713476.2721767928,331646.0753534802,-1381830.1968233127,300.8258602237683,1428.4328132192022,0.9238804444120753,85.9
3133000,12532.000000718106,-1712882.8083592597,331163.81554572214,-1381718.9928135376,300.38841732212825,1428.4328132192022,0.9238804444120753,85.9
3134000,12536.000000718921,-1710792.9226266723,330227.2458497947,-1380565.6767768776,299.53888402330483,1428.4328132192022,0.9238804444120753,85.9
3135000,12540.000000719736,-1712884.703429358,333291.88927444816,-1379592.81415491,302.3187269432545,1428.4328132192022,0.9238804444120753,85.9
3136000,12544.00000072055,-1713347.220228847,333158.26016711345,-1380188.9600617336,302.19751612801406,1428.4328132192022,0.9238804444120753,85.9
3137000,12548.000000721366,-1709952.3769441769,330521.9676438581,-1379430.4093003187,299.8062170141485,1428.4328132192022,0.9238804444120753,85.9
3138000,12552.00000072218,-1708682.2701429315,332264.57541255833,-1376417.694730373,301.38688242830466,1428.4328132192022,0.9238804444120753,85.9
3139000,12556.000000722996,-1711708.5722988117,330372.118305721,-1381336.453993091,299.6702933310444,1428.4328132192022,0.9238804444120753,85.9
3140000,12560.00000072381,-1711884.8630838227,330692.8165024967,-1381192.046581326,299.9611887104468,1428.4328132192022,0.9238804444120753,85.9
3141000,12564.000000724625,-1713586.7539151534,333313.69333895936,-1380273.060576194,302.33850473334587,1428.4328132192022,0.9238804444120753,85.9
3142000,12568.00000072544,-1712192.8166756649,331795.2157015759,-1380397.600974089,300.96114080401384,1428.4328132192022,0.9238804444120753,85.9
3143000,12572.000000726255,-1713180.9054016657,331449.7987116906,-1381731.1066899751,300.64782377468543,1428.4328132192022,0.9238804444120753,85.9
3144000,12576.00000072707,-1712572.648750253,330907.05051983777,-1381665.5982304153,300.15551373747184,1428.4328132192022,0.9238804444120753,85.9
3145000,12580.000000727885,-1713271.9363645408,333291.29909172945,-1379980.6372728115,302.31819160683045,1428.4328132192022,0.9238804444120753,85.9
3146000,12584.0000007287,-1711546.3310374953,331960.98228226666,-1379585.3487552286,301.1115025237462,1428.4328132192022,0.9238804444120753,85.9
3147000,12588.000000729515,-1713274.383823147,331918.3323031321,-1381356.0515200149,301.07281605158454,1428.4328132192022,0.9238804444120753,85.9
3148000,12592.00000073033,-1711450.965792505,330582.8033160317,-1380868.1624764735,299.861399163958,1428.4328132192022,0.9238804444120753,85.9
3149000,12596.000000731145,-1714136.9471997954,331055.436967324,-1383081.5102324714,300.29011047787657,1428.4328132192022,0.9238804444120753,85.9
3150000,12600.00000073196,-1712010.7805282231,331482.07865463314,-1380528.70187359,300.6771039089168,1428.4328132192022,0.9238804444120753,85.9
3151000,12604.000000732774,-1710767.85107282,330189.19663588336,-1380578.6544369366,299.50437076246334,1428.4328132192022,0.9238804444120753,85.9
3152000,12608.00000073359,-1710949.6539000925,332682.55519678065,-1378267.0987033118,301.7660189159317,1428.4328132192022,0.9238804444120753,85.9
3153000,12612.000000734404,-1712301.6143667419,331940.8440249027,-1380360.7703418392,301.09323573560926,1428.4328132192022,0.9238804444120753,85.9
3154000,12616.00000073522,-1714035.7885973044,332052.07478860836,-1381983.713808696,301.1941297086178,1428.4328132192022,0.9238804444120753,85.9
3155000,12620.000000736034,-1713455.2369068712,330963.5920694313,-1382491.64483744,300.20680082198425,1428.4328132192022,0.9238804444120753,85.9
3156000,12624.000000736849,-1711919.2712089084,331008.97580922354,-1380910.295399685,300.247967003579,1428.4328132192022,0.9238804444120753,85.9
3157000,12628.000000737664,-1713556.548209468,330754.0895620277,-1382802.4586474402,300.01676760075117,1428.4328132192022,0.9238804444120753,85.9
3158000,12632.000000738479,-1712731.156678468,332192.8877073623,-1380538.2689711056,301.32185673620177,1428.4328132192022,0.9238804444120753,85.9
3159000,12636.000000739294,-1711782.6252280045,332454.57713018137,-1379328.0480978233,301.5592270884578,1428.4328132192022,0.9238804444120753,85.9
3160000,12640.000000740109,-1711935.9323923737,333560.84935191623,-1378375.0830404575,302.5626922806521,1428.4328132192022,0.9238804444120753,85.9
3161000,12644.000000740923,-1713264.8270706795,332076.99298286956,-1381187.83408781,301.2167322291387,1428.4328132192022,0.9238804444120753,85.9
3162000,12648.000000741738,-1711450.9006643184,332774.0565959349,-1378676.8440683833,301.849016994781,1428.4328132192022,0.9238804444120753,85.9
3163000,12652.000000742553,-1709310.974919282,332059.3973760884,-1377251.5775431935,301.20077180041824,1428.4328132192022,0.9238804444120753,85.9
3164000,12656.000000743368,-1711644.8084117267,331991.98769368103,-1379652.8207180458,301.1396265699915,1428.4328132192022,0.9238804444120753,85.9
3165000,12660.000000744183,-1712408.8261318002,332263.4213912659,-1380145.4047405343,301.3858356514126,1428.4328132192022,0.9238804444120753,85.9
3166000,12664.000000744998,-1710916.400134489,331038.1025006349,-1379878.297633854,300.27438692122746,1428.4328132192022,0.9238804444120753,85.9
3167000,12668.000000745813,-1712634.782185506,331699.63440061914,-1380935.1477848869,300.87444197288494,1428.4328132192022,0.9238804444120753,85.9
3168000,12672.000000746628,-1710092.981158452,331042.0855236219,-1379050.8956348302,300.27799979774073,1428.4328132192022,0.9238804444120753,85.9
3169000,12676.000000747443,-1712963.990938887,332442.8992897184,-1380521.0916491686,301.54863448186944,1428.4328132192022,0.9238804444120753,85.9
3170000,12680.000000748258,-1708947.3352338169,331332.6459763905,-1377614.6892574264,300.5415581650694,1428.4328132192022,0.9238804444120753,85.9
3171000,12684.000000749073,-1712100.0896981098,332355.75486044574,-1379744.334837664,301.4695884751536,1428.4328132192022,0.9238804444120753,85.9
3172000,12688.000000749887,-1711135.2754510418,333276.4234030808,-1377858.852047961,302.30469833141814,1428.4328132192022,0.9238804444120753,85.9
3173000,12692.000000750702,-1713139.5747061167,332059.4713884975,-1381080.1033176193,301.2008389347771,1428.4328132192022,0.9238804444120753,85.9
3174000,12696.000000751517,-1712149.9867817461,332188.51368932065,-1379961.4730924256,301.3178892002114,1428.4328132192022,0.9238804444120753,85.9
3175000,12700.000000752332,-1709323.370987786,331766.32263573847,-1377557.0483520476,300.93493280087137,1428.4328132192022,0.9238804444120753,85.9
3176000,12704.000000753147,-1711901.3245752268,331065.14573280216,-1380836.1788424246,300.298916997669,1428.4328132192022,0.9238804444120753,85.9
3177000,12708.000000753962,-1711809.2336051539,331988.277050696,-1379820.9565544578,301.13626076092305,1428.4328132192022,0.9238804444120753,85.9
3178000,12712.000000754777,-1713018.0356881954,332753.0293602366,-1380265.0063279588,301.8299438419921,1428.4328132192022,0.9238804444120753,85.8
3179000,12716.000000755592,-1712234.9045396391,332021.0229493847,-1380213.8815902544,301.1659635491479,1428.4328132192022,0.9238804444120753,85.8
3180000,12720.000000756407,-1711444.9708397482,331018.8938133201,-1380426.0770264282,300.2569633172271,1428.4328132192022,0.9238804444120753,85.8
3181000,12724.000000757222,-1713709.953622451,331694.95837751764,-1382014.9952449333,300.8702004974794,1428.4328132192022,0.9238804444120753,85.8
3182000,12728.000000758037,-1711498.9218609352,331739.2911257731,-1379759.6307351622,300.91041335727533,1428.4328132192022,0.9238804444120753,85.8
3183000,12732.000000758851,-1712015.709195286,332214.0388971029,-1379801.670298183,301.3410423238547,1428.4328132192022,0.9238804444120753,85.8
3184000,12736.000000759666,-1713962.977919193,333629.15204759105,-1380333.825871602,302.6246475356934,1428.4328132192022,0.9238804444120753,85.8
3185000,12740.000000760481,-1712896.3220337406,331231.48716723325,-1381664.8348665074,300.449800149385,1428.4328132192022,0.9238804444120753,85.8
3186000,12744.000000761296,-1711686.8691861443,331032.3104616603,-1380654.558724484,300.2691331424661,1428.4328132192022,0.9238804444120753,85.8
3187000,12748.000000762111,-1712944.8687901292,331749.80177086336,-1381195.0670192658,300.9199472371725,1428.4328132192022,0.9238804444120753,85.8
3188000,12752.000000762926,-1712169.5962237585,332413.9335869789,-1379755.6626367797,301.5223605920478,1428.4328132192022,0.9238804444120753,85.8
3189000,12756.00000076374,-1713440.0600257218,330452.56723054923,-1382987.4927951726,299.7432660535159,1428.4328132192022,0.9238804444120753,85.8
3190000,12760.000000764556,-1713169.427664414,331560.79603138636,-1381608.6316330277,300.7485059978791,1428.4328132192022,0.9238804444120753,85.8
3191000,12764.00000076537,-1714010.5262480378,332375.7076466681,-1381634.8186013699,301.4876870281752,1428.4328132192022,0.9238804444120753,85.8
3192000,12768.000000766186,-1711694.118167255,331437.0772666226,-1380257.0409006325,300.63628454675467,1428.4328132192022,0.9238804444120753,85.8
3193000,12772.000000767,-1713150.179755697,331290.49607858615,-1381859.6836771108,300.5033253011592,1428.4328132192022,0.9238804444120753,85.8
3194000,12776.000000767815,-1711671.6693442669,332067.99867066025,-1379603.6706736067,301.2085737677289,1428.4328132192022,0.9238804444120753,85.8
3195000,12780.00000076863,-1712549.4961498287,331285.54549970373,-1381263.9506501248,300.4988347847274,1428.4328132192022,0.9238804444120753,85.8
3196000,12784.000000769445,-1712121.9498761278,331886.24935547536,-1380235.7005206523,301.04371460566193,1428.4328132192022,0.9238804444120753,85.8
3197000,12788.00000077026,-1714477.9643338397,332301.8838531135,-1382176.0804807262,301.4207237566293,1428.4328132192022,0.9238804444120753,85.8
3198000,12792.000000771075,-1710469.5766485296,332360.9395824316,-1378108.637066098,301.4742913755263,1428.4328132192022,0.9238804444120753,85.8
3199000,12796.00000077189,-1712723.7867758311,332502.78004739335,-1380221.0067284377,301.60295045837904,1428.4328132192022,0.9238804444120753,85.8
3200000,12800.000000772705,-1713679.3371547423,333531.42156123853,-1380147.9155935037,302.5359992452056,1428.4328132192022,0.9238804444120753,85.8
3201000,12804.00000077352,-1712937.3883609194,332629.32861635037,-1380308.059744569,301.71773873704626,1428.4328132192022,0.9238804444120753,85.8
3202000,12808.000000774335,-1711321.3553580903,331933.88622005447,-1379387.4691380358,301.08692452681083,1428.4328132192022,0.9238804444120753,85.8
3203000,12812.00000077515,-1713715.3001494538,331482.0439431113,-1382233.2562063425,300.67707242317294,1428.4328132192022,0.9238804444120753,85.8
3204000,12816.000000775965,-1713620.3925540373,332652.80755524023,-1380967.5849987972,301.7390357536962,1428.4328132192022,0.9238804444120753,85.8
3205000,12820.00000077678,-1711858.7286725584,333609.70269338955,-1378249.025979169,302.60700563023073,1428.4328132192022,0.9238804444120753,85.8
3206000,12824.000000777594,-1713859.5224951059,331961.57729329204,-1381897.9452018137,301.1120422397774,1428.4328132192022,0.9238804444120753,85.8
3207000,12828.00000077841,-1712175.4466396477,332293.5384497753,-1379881.9081898723,301.4131539003135,1428.4328132192022,0.9238804444120753,85.8
3208000,12832.000000779224,-1712730.5479205213,331052.20669210574,-1381678.3412284157,300.28718039549807,1428.4328132192022,0.9238804444120753,85.8
3209000,12836.000000780039,-1709638.5814232938,331757.1442891764,-1377881.4371341174,300.9266074076128,1428.4328132192022,0.9238804444120753,85.8
3210000,12840.000000780854,-1712038.0316373967,329608.92761665955,-1382429.104020737,298.97802674743724,1428.4328132192022,0.9238804444120753,85.8
3211000,12844.000000781669,-1712911.618334813,330667.9791080477,-1382243.6392267654,299.9386594809274,1428.4328132192022,0.9238804444120753,85.8
3212000,12848.000000782484,-1712399.445901882,333482.07340722106,-1378917.3724946608,302.4912370665278,1428.4328132192022,0.9238804444120753,85.8
3213000,12852.000000783299,-1711370.2618478592,331959.2383391899,-1379411.0235086693,301.1099206471156,1428.4328132192022,0.9238804444120753,85.8
3214000,12856.000000784114,-1712967.4754857663,330482.7862506738,-1382484.6892350926,299.7706767886329,1428.4328132192022,0.9238804444120753,85.8
3215000,12860.000000784928,-1713561.9631898329,331850.6906930221,-1381711.2724968106,301.0114604467381,1428.4328132192022,0.9238804444120753,85.8
3216000,12864.000000785743,-1711803.2869378906,330987.3766675778,-1380815.9102703128,300.22837509265776,1428.4328132192022,0.9238804444120753,85.8
3217000,12868.000000786558,-1711489.788491631,332011.20150582696,-1379478.586985804,301.15705482256715,1428.4328132192022,0.9238804444120753,85.8
3218000,12872.000000787373,-1713237.7499653157,331752.0255105607,-1381485.724454755,300.9219643224241,1428.4328132192022,0.9238804444120753,85.8
3219000,12876.000000788188,-1714537.0571071152,332245.9990857268,-1382291.0580213885,301.3700324188693,1428.4328132192022,0.9238804444120753,85.8
3220000,12880.000000789003,-1713516.0392802376,333316.63011104683,-1380199.4091691908,302.3411685881452,1428.4328132192022,0.9238804444120753,85.8
3221000,12884.000000789818,-1712177.4258286133,330995.6493133617,-1381181.7765152517,300.2358789528546,1428.4328132192022,0.9238804444120753,85.8
3222000,12888.000000790633,-1713654.8567924444,330942.31086341524,-1382712.5459290291,300.18749730060364,1428.4328132192022,0.9238804444120753,85.8
3223000,12892.000000791448,-1713613.2685218025,331282.3450522388,-1382330.9234695637,300.4959317581781,1428.4328132192022,0.9238804444120753,85.8
3224000,12896.000000792263,-1712911.4095558096,332315.14131255064,-1380596.2682432588,301.4327491865558,1428.4328132192022,0.9238804444120753,85.8
3225000,12900.000000793078,-1712963.6506947186,331443.6649978879,-1381519.9856968308,300.6422600732936,1428.4328132192022,0.9238804444120753,85.8
3226000,12904.000000793892,-1714018.5794289596,331518.14886494295,-1382500.4305640166,300.70982207702224,1428.4328132192022,0.9238804444120753,85.8
3227000,12908.000000794707,-1711709.2096676119,332362.79148963117,-1379346.4181779807,301.47597118306146,1428.4328132192022,0.9238804444120753,85.8
3228000,12912.000000795522,-1714875.8522033151,332509.60776301456,-1382366.2444403006,301.60914366727775,1428.4328132192022,0.9238804444120753,85.8
3229000,12916.000000796337,-1713054.515270602,333543.60594875395,-1379510.909321848,302.5470513249015,1428.4328132192022,0.9238804444120753,85.8
3230000,12920.000000797152,-1712565.5410994962,331690.8571307674,-1380874.6839687289,300.8664803838604,1428.4328132192022,0.9238804444120753,85.8
3231000,12924.000000797967,-1712748.9116447289,331204.33861711004,-1381544.5730276187,300.4251745422949,1428.4328132192022,0.9238804444120753,85.8
3232000,12928.000000798782,-1714023.1227191035,331537.32674464583,-1382485.7959744576,300.72721773639415,1428.4328132192022,0.9238804444120753,85.8
3233000,12932.000000799597,-1715255.967656035,332606.55525239505,-1382649.4124036399,301.69708172551753,1428.4328132192022,0.9238804444120753,85.8
3234000,12936.000000800412,-1713144.3084332254,331411.0452045275,-1381733.263228698,300.6126716712975,1428.4328132192022,0.9238804444120753,85.8
3235000,12940.000000801227,-1713070.973551061,330257.1350783051,-1382813.8384727559,299.5659956146857,1428.4328132192022,0.9238804444120753,85.8
3236000,12944.000000802042,-1712098.3484988622,334027.8421598528,-1378070.5063390094,302.98628696066174,1428.4328132192022,0.9238804444120753,85.8
3237000,12948.000000802856,-1711585.2281528208,332178.00370633474,-1379407.2244464862,301.3083559208886,1428.4328132192022,0.9238804444120753,85.8
3238000,12952.000000803671,-1711603.3192649335,331681.61986284255,-1379921.6994020909,300.8581015448626,1428.4328132192022,0.9238804444120753,85.8
3239000,12956.000000804486,-1714132.343876075,331651.23729324294,-1382481.106582832,300.8305424590937,1428.4328132192022,0.9238804444120753,85.8
3240000,12960.000000805301,-1713483.3988476489,331796.31272273365,-1381687.0861249152,300.96213587785303,1428.4328132192022,0.9238804444120753,85.8
3241000,12964.000000806116,-1714104.6856932063,330739.098667668,-1383365.5870255383,300.00316982581455,1428.4328132192022,0.9238804444120753,85.8
3242000,12968.000000806931,-1713396.2800567988,331149.16682604,-1382247.1132307588,300.3751299232201,1428.4328132192022,0.9238804444120753,85.8
3243000,12972.000000807746,-1711448.9012078475,329127.6005873485,-1382321.300620499,298.5414299401718,1428.4328132192022,0.9238804444120753,85.8
3244000,12976.00000080856,-1710703.787268199,329988.1803951615,-1380715.6068730375,299.3220351703124,1428.4328132192022,0.9238804444120753,85.8
3245000,12980.000000809376,-1712186.383378435,332762.75282605167,-1379423.6305523831,301.83876369600375,1428.4328132192022,0.9238804444120753,85.8
3246000,12984.00000081019,-1710680.2126591187,332300.4792236499,-1378379.7334354687,301.4194496608444,1428.4328132192022,0.9238804444120753,85.8
3247000,12988.000000811006,-1713124.0120571777,330858.14637329377,-1382265.865683884,300.1111543041907,1428.4328132192022,0.9238804444120753,85.8
3248000,12992.00000081182,-1712124.5240420178,330858.61848361965,-1381265.905558398,300.1115825408123,1428.4328132192022,0.9238804444120753,85.8
3249000,12996.000000812635,-1712529.1697472967,332012.56975634716,-1380516.5999909495,301.1582959201417,1428.4328132192022,0.9238804444120753,85.8
3250000,13000.00000081345,-1713704.1857846063,331653.5688116938,-1382050.6169729126,300.83265730710707,1428.4328132192022,0.9238804444120753,85.8
3251000,13004.000000814265,-1713618.5378206763,331359.32250684535,-1382259.2153138309,300.56575561777044,1428.4328132192022,0.9238804444120753,85.8
3252000,13008.00000081508,-1711447.0204595793,331801.32506750873,-1379645.6953920706,300.96668242020877,1428.4328132192022,0.9238804444120753,85.8
3253000,13012.000000815895,-1712040.539421821,331187.1387724872,-1380853.4006493338,300.4095730971432,1428.4328132192022,0.9238804444120753,85.8
3254000,13016.00000081671,-1712859.9752321988,332266.16397091054,-1380593.8112612884,301.38832336027497,1428.4328132192022,0.9238804444120753,85.8
3255000,13020.000000817525,-1711132.7802116834,332006.9626499133,-1379125.81756177,301.15320988794747,1428.4328132192022,0.9238804444120753,85.8
3256000,13024.00000081834,-1714256.3152299002,331862.86256108794,-1382393.4526688121,301.0225011704299,1428.4328132192022,0.9238804444120753,85.8
3257000,13028.000000819155,-1712443.265095694,331131.3205737086,-1381311.9445219855,300.35894214170133,1428.4328132192022,0.9238804444120753,85.8
3258000,13032.00000081997,-1711896.14687163,332265.4526884265,-1379630.6941832036,301.38767817801283,1428.4328132192022,0.9238804444120753,85.8
3259000,13036.000000820784,-1712815.9796747845,331743.32609605073,-1381072.6535787338,300.91407335356337,1428.4328132192022,0.9238804444120753,85.8
3260000,13040.0000008216,-1713882.9477325883,331875.68959802424,-1382007.258134564,301.03413617746673,1428.4328132192022,0.9238804444120753,85.8
3261000,13044.000000822414,-1710987.4971748851,332989.5225598647,-1377997.9746150204,302.04445948231546,1428.4328132192022,0.9238804444120753,85.8
3262000,13048.00000082323,-1712202.7474899013,332021.4585047577,-1380181.2889851434,301.1663586279065,1428.4328132192022,0.9238804444120753,85.8
3263000,13052.000000824044,-1713010.618389111,332153.6142453582,-1380857.0041437529,301.28623299791764,1428.4328132192022,0.9238804444120753,85.8
3264000,13056.000000824859,-1712979.7535380237,332426.5838172989,-1380553.1697207247,301.5338352232913,1428.4328132192022,0.9238804444120753,85.8
3265000,13060.000000825674,-1712903.7092378493,333051.2075722946,-1379852.5016655547,302.10041204230686,1428.4328132192022,0.9238804444120753,85.8
3266000,13064.000000826489,-1710930.0860927422,330778.7095599025,-1380151.3765328396,300.03909963658634,1428.4328132192022,0.9238804444120753,85.8
3267000,13068.000000827304,-1713910.7837218884,332232.264071489,-1381678.5196503995,301.35757381380705,1428.4328132192022,0.9238804444120753,85.8
3268000,13072.000000828119,-1713590.8083960041,332364.2348531115,-1381226.5735428927,301.4772804132706,1428.4328132192022,0.9238804444120753,85.8
3269000,13076.000000828933,-1711154.7161485925,332103.7143942158,-1379051.0017543768,301.24097039190315,1428.4328132192022,0.9238804444120753,85.8
3270000,13080.000000829748,-1713278.2193723768,331374.5653426509,-1381903.6540297258,300.5795819209721,1428.4328132192022,0.9238804444120753,85.8
3271000,13084.000000830563,-1713504.12165327,330501.89581570326,-1383002.2258375667,299.78801048188507,1428.4328132192022,0.9238804444120753,85.8
3272000,13088.000000831378,-1712592.2030543312,332263.5596831214,-1380328.64337121,301.38596109166195,1428.4328132192022,0.9238804444120753,85.8
3273000,13092.000000832193,-1712520.0552688502,331524.68216506665,-1380995.3731037835,300.71574823076224,1428.4328132192022,0.9238804444120753,85.8
3274000,13096.000000833008,-1713273.8792862669,332400.55514399515,-1380873.3241422717,301.51022542170165,1428.4328132192022,0.9238804444120753,85.8
3275000,13100.000000833823,-1711748.095157763,331265.83565368695,-1380482.259504076,300.48095659522505,1428.4328132192022,0.9238804444120753,85.8
3276000,13104.000000834638,-1711890.7369601075,331476.6813312563,-1380414.055628851,300.6722081644217,1428.4328132192022,0.9238804444120753,85.8
3277000,13108.000000835453,-1714318.7007106226,332090.85215631506,-1382227.8485543076,301.2293034551642,1428.4328132192022,0.9238804444120753,85.8
3278000,13112.000000836268,-1714282.349762151,331639.9841602295,-1382642.3656019215,300.82033509144924,1428.4328132192022,0.9238804444120753,85.8
3279000,13116.000000837083,-1714621.411181409,330632.5813498404,-1383988.8298315685,299.90655127325044,1428.4328132192022,0.9238804444120753,85.8
3280000,13120.000000837897,-1713314.808168888,332517.2890995475,-1380797.5190693405,301.616111169208,1428.4328132192022,0.9238804444120753,85.8
3281000,13124.000000838712,-1714867.1909642946,333114.570876693,-1381752.6200876017,302.1578869288466,1428.4328132192022,0.9238804444120753,85.8
3282000,13128.000000839527,-1711162.6059957184,331141.8609464193,-1380020.7450492992,300.36850298660016,1428.4328132192022,0.9238804444120753,85.8
3283000,13132.000000840342,-1712758.7443900928,332561.10836788686,-1380197.636022206,301.6558582673111,1428.4328132192022,0.9238804444120753,85.8
3284000,13136.000000841157,-1712162.7036231756,331509.5300631634,-1380653.1735600121,300.7020042294669,1428.4328132192022,0.9238804444120753,85.8
3285000,13140.000000841972,-1713920.1301803105,331477.30831622746,-1382442.821864083,300.67277688302664,1428.4328132192022,0.9238804444120753,85.8
3286000,13144.000000842787,-1713257.255222179,330966.4372732041,-1382290.817948975,300.2093816180077,1428.4328132192022,0.9238804444120753,85.8
3287000,13148.000000843602,-1714159.0997624658,332489.11945476074,-1381669.980307705,301.5905593588447,1428.4328132192022,0.9238804444120753,85.8
3288000,13152.000000844417,-1713079.0346688423,332625.01711919,-1380454.0175496524,301.7138279118067,1428.4328132192022,0.9238804444120753,85.8
3289000,13156.000000845232,-1711060.2268145792,331777.9931962654,-1379282.233618314,300.94551880405584,1428.4328132192022,0.9238804444120753,85.8
3290000,13160.000000846047,-1712981.8993466236,331356.55965549493,-1381625.3396911286,300.56324952107303,1428.4328132192022,0.9238804444120753,85.8
3291000,13164.000000846861,-1714648.3646988478,332050.05468966847,-1382598.3100091792,301.192297339576,1428.4328132192022,0.9238804444120753,85.8
3292000,13168.000000847676,-1713572.8685548976,330898.4291429994,-1382674.4394118981,300.1476935541606,1428.4328132192022,0.9238804444120753,85.8
3293000,13172.000000848491,-1711823.5637464467,331750.3595690649,-1380073.204177382,300.92045319860625,1428.4328132192022,0.9238804444120753,85.8
3294000,13176.000000849306,-1713690.3810029458,331692.9997693484,-1381997.3812335974,300.8684239048069,1428.4328132192022,0.9238804444120753,85.8
3295000,13180.000000850121,-1714532.146447843,332629.6235884527,-1381902.5228593904,301.718006297084,1428.4328132192022,0.9238804444120753,85.8
3296000,13184.000000850936,-1713368.7004689556,330099.99217514094,-1383268.7082938147,299.4234561651474,1428.4328132192022,0.9238804444120753,85.8
3297000,13188.00000085175,-1714699.9030529056,332419.8571144809,-1382280.0459384248,301.5277336399708,1428.4328132192022,0.9238804444120753,85.7
3298000,13192.000000852566,-1712108.481585199,330565.54927774187,-1381542.932307457,299.8457485614133,1428.4328132192022,0.9238804444120753,85.7
3299000,13196.00000085338,-1714363.340169249,332603.3599964733,-1381759.9801727757,301.69418340805584,1428.4328132192022,0.9238804444120753,85.7
3300000,13200.000000854196,-1711652.7301968671,333323.3232787991,-1378329.406918068,302.3472397528485,1428.4328132192022,0.9238804444120753,85.7
3301000,13204.00000085501,-1711367.7372173257,330576.39066003717,-1380791.3465572884,299.8555824427627,1428.4328132192022,0.9238804444120753,85.7
3302000,13208.000000855825,-1712897.4848227575,331485.33196951175,-1381412.1528532458,300.6800548898561,1428.4328132192022,0.9238804444120753,85.7
3303000,13212.00000085664,-1711859.446802659,330930.7260195847,-1380928.7207830744,300.1769890483737,1428.4328132192022,0.9238804444120753,85.7
3304000,13216.000000857455,-1712356.4991926514,332121.30017224606,-1380235.1990204053,301.2569219052688,1428.4328132192022,0.9238804444120753,85.7
3305000,13220.00000085827,-1715067.745065011,332494.23265879985,-1382573.5124062113,301.595197387508,1428.4328132192022,0.9238804444120753,85.7
3306000,13224.000000859085,-1714370.1696931385,330953.7594567473,-1383416.4102363912,300.1978819642358,1428.4328132192022,0.9238804444120753,85.7
3307000,13228.0000008599,-1712582.524336392,333763.440856113,-1378819.083480279,302.74645674540284,1428.4328132192022,0.9238804444120753,85.7
3308000,13232.000000860715,-1713646.8606991414,332382.22653206973,-1381264.6341670717,301.49360010676827,1428.4328132192022,0.9238804444120753,85.7
3309000,13236.00000086153,-1712181.9230537657,331391.85483720305,-1380790.0682165627,300.5952646847917,1428.4328132192022,0.9238804444120753,85.7
3310000,13240.000000862345,-1714622.607096251,331229.6558738216,-1383392.9512224295,300.44813903997704,1428.4328132192022,0.9238804444120753,85.7
3311000,13244.00000086316,-1712322.78897441,331222.5024969137,-1381100.2864774961,300.4416504338341,1428.4328132192022,0.9238804444120753,85.7
3312000,13248.000000863974,-1710946.79450991,331065.2200954155,-1379881.5744144944,300.2989844496872,1428.4328132192022,0.9238804444120753,85.7
3313000,13252.00000086479,-1711637.2679138537,330907.4565219607,-1380729.811391893,300.1558820093947,1428.4328132192022,0.9238804444120753,85.7
3314000,13256.000000865604,-1710471.1400766969,332428.44590916147,-1378042.6941675353,301.5355242690181,1428.4328132192022,0.9238804444120753,85.7
3315000,13260.00000086642,-1712519.295735499,330814.6186671825,-1381704.6770683164,300.07167167313423,1428.4328132192022,0.9238804444120753,85.7
3316000,13264.000000867234,-1713538.508582482,330799.59482906404,-1382738.913753418,300.0580440159367,1428.4328132192022,0.9238804444120753,85.7
3317000,13268.000000868049,-1712955.61568949,331054.62219504453,-1381900.9934944455,300.2893714232335,1428.4328132192022,0.9238804444120753,85.7
3318000,13272.000000868864,-1713561.060855154,331012.2666270968,-1382548.7942280571,300.2509520023205,1428.4328132192022,0.9238804444120753,85.7
3319000,13276.000000869679,-1711873.1252539791,331513.1807716134,-1380359.9444823656,300.7053156737791,1428.4328132192022,0.9238804444120753,85.7
3320000,13280.000000870494,-1713349.0084758215,331253.65709896025,-1382095.3513768613,300.46990980627083,1428.4328132192022,0.9238804444120753,85.7
3321000,13284.000000871309,-1711561.6959993,330234.3125420793,-1381327.3834572209,299.5452940005168,1428.4328132192022,0.9238804444120753,85.7
3322000,13288.000000872124,-1711515.5599802677,330097.6634895771,-1381417.8964906905,299.42134388675794,1428.4328132192022,0.9238804444120753,85.7
3323000,13292.000000872938,-1711729.0495378785,331077.8314085634,-1380651.218129315,300.310423780372,1428.4328132192022,0.9238804444120753,85.7
3324000,13296.000000873753,-1710576.481479859,331721.04469365685,-1378855.4367862022,300.8938625850958,1428.4328132192022,0.9238804444120753,85.7
3325000,13300.000000874568,-1712760.7703607846,331280.2600058827,-1381480.510354902,300.494040477351,1428.4328132192022,0.9238804444120753,85.7
3326000,13304.000000875383,-1712875.1375324875,331586.5390945791,-1381288.5984379083,300.7718567314027,1428.4328132192022,0.9238804444120753,85.7
3327000,13308.000000876198,-1711245.8790669255,331140.3562777301,-1380105.5227891954,300.3671381483391,1428.4328132192022,0.9238804444120753,85.7
3328000,13312.000000877013,-1711715.2058969494,332287.078882271,-1379428.1270146784,301.40729462714376,1428.4328132192022,0.9238804444120753,85.7
3329000,13316.000000877828,-1712128.76244477,332107.4694363619,-1380021.293008408,301.24437647407257,1428.4328132192022,0.9238804444120753,85.7
3330000,13320.000000878643,-1713012.5892152917,332750.12437468336,-1380262.4648406082,301.8273088197713,1428.4328132192022,0.9238804444120753,85.7
3331000,13324.000000879458,-1711759.160951594,331882.85542993475,-1379876.305521659,301.0406360811559,1428.4328132192022,0.9238804444120753,85.7
3332000,13328.000000880273,-1712141.3499208353,332025.79527304944,-1380115.5546477858,301.17029237580493,1428.4328132192022,0.9238804444120753,85.7
3333000,13332.000000881088,-1713088.7834943868,332876.1834159075,-1380212.6000784794,301.9416530630277,1428.4328132192022,0.9238804444120753,85.7
3334000,13336.000000881902,-1713104.1049662512,331909.64100182534,-1381194.463964426,301.0649324419586,1428.4328132192022,0.9238804444120753,85.7
3335000,13340.000000882717,-1714904.0292356052,333244.8266702472,-1381659.202565358,302.2760379158688,1428.4328132192022,0.9238804444120753,85.7
3336000,13344.000000883532,-1715432.2306140345,331534.1746441247,-1383898.0559699098,300.72435856385675,1428.4328132192022,0.9238804444120753,85.7
3337000,13348.000000884347,-1713174.2696643956,331886.3031170381,-1381287.9665473574,301.04376337110665,1428.4328132192022,0.9238804444120753,85.7
3338000,13352.000000885162,-1714059.3894393016,331592.1302701816,-1382467.2591691199,300.7769283132343,1428.4328132192022,0.9238804444120753,85.7
3339000,13356.000000885977,-1712713.9187368471,331611.5122381516,-1381102.4064986955,300.7945090947382,1428.4328132192022,0.9238804444120753,85.7
3340000,13360.000000886792,-1714888.1567905005,331259.83679387794,-1383628.3199966226,300.47551521570483,1428.4328132192022,0.9238804444120753,85.7
3341000,13364.000000887607,-1713853.6192069557,333329.6491809762,-1380523.9700259794,302.3529777823491,1428.4328132192022,0.9238804444120753,85.7
3342000,13368.000000888422,-1712831.320156183,330669.56972281693,-1382161.7504333663,299.94010227820985,1428.4328132192022,0.9238804444120753,85.7
3343000,13372.000000889237,-1711743.4635861348,331245.84968709043,-1380497.6138990445,300.462827945316,1428.4328132192022,0.9238804444120753,85.7
3344000,13376.000000890052,-1713078.5189258326,332457.9462857164,-1380620.5726401163,301.5622831448606,1428.4328132192022,0.9238804444120753,85.7
3345000,13380.000000890866,-1714923.730492115,332611.8880714482,-1382311.842420667,301.7019189601429,1428.4328132192022,0.9238804444120753,85.7
3346000,13384.000000891681,-1713635.385428872,332172.2494943557,-1381463.1359345163,301.3031364538207,1428.4328132192022,0.9238804444120753,85.7
3347000,13388.000000892496,-1712645.0818593148,330324.52457001514,-1382320.5572892996,299.6271225307576,1428.4328132192022,0.9238804444120753,85.7
3348000,13392.000000893311,-1715119.0624316856,331451.8214332908,-1383667.2409983948,300.64965852266107,1428.4328132192022,0.9238804444120753,85.7
3349000,13396.000000894126,-1711933.5949460678,331293.6453910136,-1380639.9495550543,300.50618194470337,1428.4328132192022,0.9238804444120753,85.7
3350000,13400.000000894941,-1713091.5682897847,331828.30755622615,-1381263.2607335586,300.99115739815244,1428.4328132192022,0.9238804444120753,85.7
3351000,13404.000000895756,-1710927.378569847,332164.8319798814,-1378762.5465899655,301.2964082566904,1428.4328132192022,0.9238804444120753,85.7
3352000,13408.00000089657,-1713584.4600746594,332547.486634893,-1381036.9734397666,301.6435024161488,1428.4328132192022,0.9238804444120753,85.7
3353000,13412.000000897386,-1714360.9376659505,332725.11517251213,-1381635.8224934384,301.8046237488002,1428.4328132192022,0.9238804444120753,85.7
3354000,13416.0000008982,-1713135.4161627349,331218.67697031354,-1381916.7391924213,300.43818041740445,1428.4328132192022,0.9238804444120753,85.7
3355000,13420.000000899016,-1714283.2208021637,331373.1295458287,-1382910.091256335,300.57827955424364,1428.4328132192022,0.9238804444120753,85.7
3356000,13424.00000089983,-1713429.257627733,331150.84665014496,-1382278.410977588,300.3766536395217,1428.4328132192022,0.9238804444120753,85.7
3357000,13428.000000900645,-1713258.326239111,333368.8909860245,-1379889.4352530865,302.3885728055913,1428.4328132192022,0.9238804444120753,85.7
3358000,13432.00000090146,-1713184.8211313821,330704.728835255,-1382480.0922961272,299.9719940177174,1428.4328132192022,0.9238804444120753,85.7
3359000,13436.000000902275,-1716371.3981960956,332045.2110557477,-1384326.187140348,301.1879038295992,1428.4328132192022,0.9238804444120753,85.7
3360000,13440.00000090309,-1714773.1548798513,331613.6229382782,-1383159.5319415731,300.7964236453041,1428.4328132192022,0.9238804444120753,85.7
3361000,13444.000000903905,-1712798.1871370114,331398.30934457824,-1381399.8777924331,300.6011193680754,1428.4328132192022,0.9238804444120753,85.7
3362000,13448.00000090472,-1710964.942869272,331631.61324224045,-1379333.3296270317,300.8127420915857,1428.4328132192022,0.9238804444120753,85.7
3363000,13452.000000905535,-1715443.6167062316,332317.0169686453,-1383126.5997375865,301.43445053597634,1428.4328132192022,0.9238804444120753,85.7
3364000,13456.00000090635,-1710342.969126558,330895.6378836924,-1379447.3312428654,300.14516168948757,1428.4328132192022,0.9238804444120753,85.7
3365000,13460.000000907165,-1714963.4247161243,332483.65831176855,-1382479.7664043559,301.5856057255575,1428.4328132192022,0.9238804444120753,85.7
3366000,13464.00000090798,-1713373.066147752,332756.0231943366,-1380617.0429534155,301.8326594559717,1428.4328132192022,0.9238804444120753,85.7
3367000,13468.000000908794,-1712616.2975536473,332318.5865109327,-1380297.7110427145,301.43587421906466,1428.4328132192022,0.9238804444120753,85.7
3368000,13472.00000090961,-1713024.1393669397,332310.2596517761,-1380713.8797151635,301.42832118360036,1428.4328132192022,0.9238804444120753,85.7
3369000,13476.000000910424,-1710824.2378127147,331043.1447979936,-1379781.093014721,300.27896063264205,1428.4328132192022,0.9238804444120753,85.7
3370000,13480.00000091124,-1713121.4012684617,332563.643256935,-1380557.7580115267,301.65815758648034,1428.4328132192022,0.9238804444120753,85.7
3371000,13484.000000912054,-1710867.8124013115,332787.25530339376,-1378080.5570979177,301.86098913261173,1428.4328132192022,0.9238804444120753,85.7
3372000,13488.000000912869,-1711712.0139268152,331085.50002395257,-1380626.5139028626,300.3173797433476,1428.4328132192022,0.9238804444120753,85.7
3373000,13492.000000913684,-1711757.6168144252,333428.1630142593,-1378329.453800166,302.4423366225215,1428.4328132192022,0.9238804444120753,85.7
3374000,13496.000000914499,-1713057.6644917578,331561.1209539874,-1381496.5435377704,300.74880072508444,1428.4328132192022,0.9238804444120753,85.7
3375000,13500.000000915314,-1711142.4088308737,331379.4108940583,-1379762.9979368155,300.58397717024144,1428.4328132192022,0.9238804444120753,85.7
3376000,13504.000000916129,-1711202.129559854,333119.9027158155,-1378082.2268440386,302.16272327460734,1428.4328132192022,0.9238804444120753,85.7
3377000,13508.000000916943,-1713202.5406652838,332735.9976116867,-1380466.5430535972,301.81449487157033,1428.4328132192022,0.9238804444120753,85.7
3378000,13512.000000917758,-1713443.3599657267,330744.30409506103,-1382699.0558706657,300.00789150741946,1428.4328132192022,0.9238804444120753,85.7
3379000,13516.000000918573,-1712636.6512356568,332545.8515004019,-1380090.7997352548,301.64201923640866,1428.4328132192022,0.9238804444120753,85.7
3380000,13520.000000919388,-1712329.7640906274,330922.96351824346,-1381406.800572384,300.1699479243653,1428.4328132192022,0.9238804444120753,85.7
3381000,13524.000000920203,-1713575.5706717595,332242.4929248481,-1381333.0777469114,301.3668520891721,1428.4328132192022,0.9238804444120753,85.7
3382000,13528.000000921018,-1711924.6034091376,332684.31683100836,-1379240.2865781293,301.76761683965617,1428.4328132192022,0.9238804444120753,85.7
3383000,13532.000000921833,-1712562.5877740737,330393.8984695434,-1382168.6893045304,299.6900494415628,1428.4328132192022,0.9238804444120753,85.7
3384000,13536.000000922648,-1715111.16950774,331847.982093259,-1383263.187414481,301.0090035599715,1428.4328132192022,0.9238804444120753,85.7
3385000,13540.000000923463,-1713372.0457526147,330956.2063295054,-1382415.8394231093,300.20010144656055,1428.4328132192022,0.9238804444120753,85.7
3386000,13544.000000924278,-1712975.7257174738,331701.8882839185,-1381273.8374335552,300.8764864004623,1428.4328132192022,0.9238804444120753,85.7
3387000,13548.000000925093,-1712955.4322546124,332236.311453138,-1380719.1208014744,301.3612450680648,1428.4328132192022,0.9238804444120753,85.7
3388000,13552.000000925907,-1710859.8643568065,333284.46995626437,-1377575.3944005421,302.31199711003535,1428.4328132192022,0.9238804444120753,85.7
3389000,13556.000000926722,-1710585.4916499984,333756.13649619714,-1376829.3551538012,302.73983118726005,1428.4328132192022,0.9238804444120753,85.7
3390000,13560.000000927537,-1713346.0476721693,330474.26852680463,-1382871.7791453646,299.76295062571245,1428.4328132192022,0.9238804444120753,85.7
3391000,13564.000000928352,-1713623.8331625275,331559.36207598966,-1382064.471086538,300.74720530145055,1428.4328132192022,0.9238804444120753,85.7
3392000,13568.000000929167,-1714579.7594518252,333075.4904371749,-1381504.2690146503,302.1224382752679,1428.4328132192022,0.9238804444120753,85.7
3393000,13572.000000929982,-1712690.4515468497,332302.6066753543,-1380387.8448714954,301.4213794062465,1428.4328132192022,0.9238804444120753,85.7
3394000,13576.000000930797,-1712178.32458934,331835.83815822913,-1380342.4864311109,300.9979881734696,1428.4328132192022,0.9238804444120753,85.7
3395000,13580.000000931612,-1712800.306501355,334078.97775518696,-1378721.328746168,303.0326704718734,1428.4328132192022,0.9238804444120753,85.7
3396000,13584.000000932427,-1714293.2928427607,331684.96166375605,-1382608.3311790046,300.86113278873745,1428.4328132192022,0.9238804444120753,85.7
3397000,13588.000000933242,-1712781.114064917,332529.34967668576,-1380251.764388231,301.627050944354,1428.4328132192022,0.9238804444120753,85.7
3398000,13592.000000934057,-1715859.30665314,333036.8339065973,-1382822.472746543,302.0873741363303,1428.4328132192022,0.9238804444120753,85.7
3399000,13596.000000934871,-1714222.8353774622,332666.7459781208,-1381556.0893993415,301.7516788644242,1428.4328132192022,0.9238804444120753,85.7
3400000,13600.000000935686,-1712314.417775359,333296.8748655003,-1379017.5429098587,302.3232492181387,1428.4328132192022,0.9238804444120753,85.7
3401000,13604.000000936501,-1714547.3860827256,332348.19622531056,-1382199.189857415,301.46273227185236,1428.4328132192022,0.9238804444120753,85.7
3402000,13608.000000937316,-1710557.0967114698,330423.0320402688,-1380134.064671201,299.7164755992236,1428.4328132192022,0.9238804444120753,85.7
3403000,13612.000000938131,-1711725.1547202058,330203.4582673492,-1381521.6964528565,299.51730704566626,1428.4328132192022,0.9238804444120753,85.7
3404000,13616.000000938946,-1712473.0141751524,331689.66417327535,-1380783.3500018772,300.86539828915033,1428.4328132192022,0.9238804444120753,85.7
3405000,13620.00000093976,-1713223.497712614,331736.8031035242,-1381486.6946090898,300.9081565495248,1428.4328132192022,0.9238804444120753,85.7
3406000,13624.000000940576,-1713654.9873163346,331319.33344312984,-1382335.6538732047,300.52948277938714,1428.4328132192022,0.9238804444120753,85.7
3407000,13628.00000094139,-1713691.7808654383,332320.25800061424,-1381371.5228648242,301.43739037546953,1428.4328132192022,0.9238804444120753,85.7
3408000,13632.000000942206,-1714235.6356506273,330199.9571551688,-1384035.6784954586,299.51413129548655,1428.4328132192022,0.9238804444120753,85.7
3409000,13636.00000094302,-1714046.7038419992,330365.1381287987,-1383681.5657132005,299.66396182923205,1428.4328132192022,0.9238804444120753,85.7
3410000,13640.000000943835,-1711767.0509450454,333097.390038507,-1378669.6609065384,302.14230272384384,1428.4328132192022,0.9238804444120753,85.7
3411000,13644.00000094465,-1711136.5055160653,331899.1241984396,-1379237.3813176258,301.05539297606276,1428.4328132192022,0.9238804444120753,85.7
3412000,13648.000000945465,-1713223.60416165,332005.543069011,-1381218.0610926389,301.1519222301767,1428.4328132192022,0.9238804444120753,85.7
3413000,13652.00000094628,-1710955.1919393595,330584.8824942836,-1380370.309445076,299.8632851220099,1428.4328132192022,0.9238804444120753,85.7
3414000,13656.000000947095,-1710919.2140702922,332471.070705321,-1378448.1433649713,301.57418789848475,1428.4328132192022,0.9238804444120753,85.7
3415000,13660.00000094791,-1712366.3902741913,331292.38966096134,-1381074.0006132298,300.5050429109524,1428.4328132192022,0.9238804444120753,85.7
3416000,13664.000000948725,-1711204.4989368375,331986.3360146719,-1379218.1629221656,301.13450010739786,1428.4328132192022,0.9238804444120753,85.7
3417000,13668.00000094954,-1711124.1194972787,331795.70760989276,-1379328.4118873859,300.96158699877856,1428.4328132192022,0.9238804444120753,85.7
3418000,13672.000000950355,-1710994.152076481,330932.7965118368,-1380061.355564644,300.1788671276248,1428.4328132192022,0.9238804444120753,85.7
3419000,13676.00000095117,-1711633.7578902133,331711.8562760146,-1379921.9016141987,300.8855280566731,1428.4328132192022,0.9238804444120753,85.7
3420000,13680.000000951984,-1711546.6079270598,333268.0632436775,-1378278.5446833824,302.29711509033376,1428.4328132192022,0.9238804444120753,85.7
3421000,13684.0000009528,-1711392.0425777528,330118.29750743567,-1381273.7450703173,299.4400603638504,1428.4328132192022,0.9238804444120753,85.7
3422000,13688.000000953614,-1712065.1806385946,331692.28855815565,-1380372.8920804388,300.8677787872109,1428.4328132192022,0.9238804444120753,85.7
3423000,13692.00000095443,-1710212.1195877716,331004.48166291264,-1379207.6379248588,300.2438905029645,1428.4328132192022,0.9238804444120753,85.7
3424000,13696.000000955244,-1711961.1144868247,331550.5834806516,-1380410.5310061732,300.7392425101185,1428.4328132192022,0.9238804444120753,85.7
3425000,13700.000000956059,-1711906.218908999,332536.38003553805,-1379369.8388734611,301.6334279646374,1428.4328132192022,0.9238804444120753,85.7
3426000,13704.000000956874,-1709991.7004995085,331063.5322976508,-1378928.1682018577,300.29745350072636,1428.4328132192022,0.9238804444120753,85.7
3427000,13708.000000957689,-1712816.0721471254,332792.22659489926,-1380023.845552226,301.865498436821,1428.4328132192022,0.9238804444120753,85.7
3428000,13712.000000958504,-1712778.8127280977,332006.1386244701,-1380772.6741036274,301.1524624400468,1428.4328132192022,0.9238804444120753,85.7
3429000,13716.000000959319,-1714563.6394387,331581.24340469466,-1382982.3960340053,300.7670531754937,1428.4328132192022,0.9238804444120753,85.7
3430000,13720.000000960134,-1711782.4224640708,332162.0302450534,-1379620.3922190175,301.2938668899975,1428.4328132192022,0.9238804444120753,85.7
3431000,13724.000000960948,-1712131.9300866239,330630.61881959205,-1381501.3112670318,299.9047711229817,1428.4328132192022,0.9238804444120753,85.7
3432000,13728.000000961763,-1713497.4942694996,331301.1900152491,-1382196.3042542504,300.5130254391524,1428.4328132192022,0.9238804444120753,85.7
3433000,13732.000000962578,-1712100.378073305,330993.8808872705,-1381106.4971860345,300.2342748684415,1428.4328132192022,0.9238804444120753,85.7
3434000,13736.000000963393,-1714253.2141928393,332061.3521371812,-1382191.8620556581,301.20254490352715,1428.4328132192022,0.9238804444120753,85.7
3435000,13740.000000964208,-1712600.31027654,332420.78676672257,-1380179.5235098174,301.5285768986616,1428.4328132192022,0.9238804444120753,85.7
3436000,13744.000000965023,-1710660.5853103064,331927.7425625139,-1378732.8427477926,301.081351805763,1428.4328132192022,0.9238804444120753,85.7
3437000,13748.000000965838,-1711353.6035873946,332404.9605463307,-1378948.6430410638,301.51422142541077,1428.4328132192022,0.9238804444120753,85.7
3438000,13752.000000966653,-1714402.383358948,332614.8483315429,-1381787.535027405,301.7046041201845,1428.4328132192022,0.9238804444120753,85.7
3439000,13756.000000967468,-1711388.974881051,330461.08262838545,-1380927.8922526657,299.750990106564,1428.4328132192022,0.9238804444120753,85.7
3440000,13760.000000968283,-1715040.604099309,331104.9870359359,-1383935.617063373,300.3350558070153,1428.4328132192022,0.9238804444120753,85.7
3441000,13764.000000969098,-1712688.8918182533,331590.5698714801,-1381098.3219467732,300.775512924009,1428.4328132192022,0.9238804444120753,85.7
3442000,13768.000000969912,-1712927.2830767483,331582.9573592747,-1381344.3257174736,300.7686078504898,1428.4328132192022,0.9238804444120753,85.7
3443000,13772.000000970727,-1712106.5186507609,331997.1096317019,-1380109.409019059,301.1442725209786,1428.4328132192022,0.9238804444120753,85.7
3444000,13776.000000971542,-1710810.1384308357,330332.8036038899,-1380477.3348269458,299.63463218539334,1428.4328132192022,0.9238804444120753,85.6
3445000,13780.000000972357,-1712800.3007612228,331658.8137155588,-1381141.487045664,300.8374147965943,1428.4328132192022,0.9238804444120753,85.6
3446000,13784.000000973172,-1712300.2104019,331065.53418696113,-1381234.676214939,300.2992693523784,1428.4328132192022,0.9238804444120753,85.6
3447000,13788.000000973987,-1712372.2236255743,331229.79964329244,-1381142.4239822817,300.4482694488013,1428.4328132192022,0.9238804444120753,85.6
3448000,13792.000000974802,-1714336.8545591626,331930.4487586476,-1382406.405800515,301.083806512272,1428.4328132192022,0.9238804444120753,85.6
3449000,13796.000000975617,-1711677.7154066227,330757.0069946572,-1380920.7084119655,300.0194139133285,1428.4328132192022,0.9238804444120753,85.6
3450000,13800.000000976432,-1713748.1194406655,331532.7006808886,-1382215.4187597767,300.7230215775591,1428.4328132192022,0.9238804444120753,85.6
3451000,13804.000000977247,-1712383.152382601,333003.48162805743,-1379379.6707545435,302.0571213197653,1428.4328132192022,0.9238804444120753,85.6
3452000,13808.000000978062,-1714835.8717061672,331063.628603396,-1383772.2431027712,300.2975408566784,1428.4328132192022,0.9238804444120753,85.6
3453000,13812.000000978876,-1712577.6887809169,331875.00368571206,-1380702.6850952047,301.0335140077,1428.4328132192022,0.9238804444120753,85.6
3454000,13816.000000979691,-1711441.2505695932,332708.7405308333,-1378732.5100387598,301.7897708196237,1428.4328132192022,0.9238804444120753,85.6
3455000,13820.000000980506,-1711268.451424105,332401.39387859806,-1378867.057545507,301.51098621182456,1428.4328132192022,0.9238804444120753,85.6
3456000,13824.000000981321,-1712489.9390709177,332748.6531118852,-1379741.2859590324,301.82597428295696,1428.4328132192022,0.9238804444120753,85.6
3457000,13828.000000982136,-1713348.7537134383,332542.5028326888,-1380806.2508807494,301.6389817638732,1428.4328132192022,0.9238804444120753,85.6
3458000,13832.000000982951,-1712403.2762998212,331327.0692291987,-1381076.2070706226,300.5364996708012,1428.4328132192022,0.9238804444120753,85.6
3459000,13836.000000983766,-1712788.803444609,334050.3974257879,-1378738.406018821,303.0067461422464,1428.4328132192022,0.9238804444120753,85.6
3460000,13840.00000098458,-1710384.576668784,332252.4448673501,-1378132.1318014339,301.37587918729423,1428.4328132192022,0.9238804444120753,85.6
3461000,13844.000000985396,-1713593.564474294,331122.6213908758,-1382470.943083418,300.35105138298775,1428.4328132192022,0.9238804444120753,85.6
3462000,13848.00000098621,-1714123.392844217,332046.4038969052,-1382076.9889473116,301.1889858187858,1428.4328132192022,0.9238804444120753,85.6
3463000,13852.000000987025,-1712636.7014414407,331996.51475378906,-1380640.1866876516,301.1437329256896,1428.4328132192022,0.9238804444120753,85.6
3464000,13856.00000098784,-1712239.7691091858,333690.60365973227,-1378549.1654494535,302.68038838552803,1428.4328132192022,0.9238804444120753,85.6
3465000,13860.000000988655,-1712503.5687781684,332449.74903554627,-1380053.819742622,301.5548476736847,1428.4328132192022,0.9238804444120753,85.6
3466000,13864.00000098947,-1714402.1379528046,332155.80081413896,-1382246.3371386656,301.2882163665847,1428.4328132192022,0.9238804444120753,85.6
3467000,13868.000000990285,-1711772.3307995796,333220.98448752984,-1378551.3463120498,302.2544114120186,1428.4328132192022,0.9238804444120753,85.6
3468000,13872.0000009911,-1713768.0827712677,332854.3400927646,-1380913.742678503,301.92183966265014,1428.4328132192022,0.9238804444120753,85.6
3469000,13876.000000991915,-1711705.5653334782,332434.17481327604,-1379271.390520202,301.5407207801077,1428.4328132192022,0.9238804444120753,85.6
3470000,13880.00000099273,-1712367.2207591552,331765.5888877255,-1380601.6318714297,300.9342672408253,1428.4328132192022,0.9238804444120753,85.6
3471000,13884.000000993545,-1713511.9000433143,330977.8868890848,-1382534.0131542296,300.219767209162,1428.4328132192022,0.9238804444120753,85.6
3472000,13888.00000099436,-1711466.7313249372,330755.97047555086,-1380710.7608493865,300.01847371902204,1428.4328132192022,0.9238804444120753,85.6
3473000,13892.000000995175,-1711824.9753166046,330620.1782674997,-1381204.797049105,299.8953008222672,1428.4328132192022,0.9238804444120753,85.6
3474000,13896.00000099599,-1713510.0478680748,331018.25730763475,-1382491.7905604402,300.2563859626778,1428.4328132192022,0.9238804444120753,85.6
3475000,13900.000000996804,-1715226.5479344334,330994.8726881633,-1384231.6752462701,300.2351745002446,1428.4328132192022,0.9238804444120753,85.6
3476000,13904.00000099762,-1712023.887177758,333601.3814360736,-1378422.5057416842,302.5994576760222,1428.4328132192022,0.9238804444120753,85.6
3477000,13908.000000998434,-1711120.7644517925,331601.48383050534,-1379519.2806212872,300.78541263745717,1428.4328132192022,0.9238804444120753,85.6
3478000,13912.00000099925,-1712790.67494924,331870.3532828502,-1380920.3216663897,301.0292957716186,1428.4328132192022,0.9238804444120753,85.6
3479000,13916.000001000064,-1712434.9551296495,332401.4354800774,-1380033.5196495722,301.51102394723506,1428.4328132192022,0.9238804444120753,85.6
3480000,13920.000001000879,-1715223.354435347,331856.36474182806,-1383366.989693519,301.0166072002801,1428.4328132192022,0.9238804444120753,85.6
3481000,13924.000001001694,-1712196.677834792,331719.0550999194,-1380477.6227348726,300.89205788637616,1428.4328132192022,0.9238804444120753,85.6
3482000,13928.000001002509,-1712427.7927274406,330389.83998378756,-1382037.952743653,299.6863681151145,1428.4328132192022,0.9238804444120753,85.6
3483000,13932.000001003324,-1712573.9105346594,332371.5253742959,-1380202.3851603635,301.4838934187296,1428.4328132192022,0.9238804444120753,85.6
3484000,13936.000001004139,-1712177.2147261687,331014.5357529273,-1381162.6789732412,300.25301025592466,1428.4328132192022,0.9238804444120753,85.6
3485000,13940.000001004953,-1712135.685663743,332251.95083393424,-1379883.7348298086,301.3754310649182,1428.4328132192022,0.9238804444120753,85.6
3486000,13944.000001005768,-1711560.8785022404,333656.29685345973,-1377904.5816487807,302.6492697464865,1428.4328132192022,0.9238804444120753,85.6
3487000,13948.000001006583,-1712643.1261982787,333044.62323535583,-1379598.502962923,302.0944395946562,1428.4328132192022,0.9238804444120753,85.6
3488000,13952.000001007398,-1710310.8177814167,332005.9874247742,-1378304.8303566426,301.1523252914961,1428.4328132192022,0.9238804444120753,85.6
3489000,13956.000001008213,-1711614.6713513378,330875.4241468082,-1380739.2472045296,300.1268264362208,1428.4328132192022,0.9238804444120753,85.6
3490000,13960.000001009028,-1712923.6631746348,332213.6622248021,-1380710.0009498326,301.3407006561031,1428.4328132192022,0.9238804444120753,85.6
3491000,13964.000001009843,-1713131.8734068796,332467.89371904737,-1380663.9796878323,301.57130615285377,1428.4328132192022,0.9238804444120753,85.6
3492000,13968.000001010658,-1712323.5792181809,332313.64621641824,-1380009.9330017627,301.43139303126384,1428.4328132192022,0.9238804444120753,85.6
3493000,13972.000001011473,-1715116.9782727882,331618.93275097595,-1383498.0455218123,300.8012400115787,1428.4328132192022,0.9238804444120753,85.6
3494000,13976.000001012288,-1714212.6962845419,331364.3441173738,-1382848.3521671682,300.57031056480344,1428.4328132192022,0.9238804444120753,85.6
3495000,13980.000001013103,-1713159.7823488861,331594.4094455914,-1381565.3729032949,300.77899568249995,1428.4328132192022,0.9238804444120753,85.6
3496000,13984.000001013917,-1713365.7099480852,332508.65016612667,-1380857.0597819586,301.6082750608658,1428.4328132192022,0.9238804444120753,85.6
3497000,13988.000001014732,-1711630.5688790698,333616.271807137,-1378014.2970719328,302.6129642693971,1428.4328132192022,0.9238804444120753,85.6
3498000,13992.000001015547,-1713167.959252419,331642.6680488367,-1381525.2912035822,300.82276956349335,1428.4328132192022,0.9238804444120753,85.6
3499000,13996.000001016362,-1714374.1397852972,330753.7512637892,-1383620.388521508,300.01646074092025,1428.4328132192022,0.9238804444120753,85.6
3500000,14000.000001017177,-1712404.7402753122,331177.19042187405,-1381227.549853438,300.4005492571119,1428.4328132192022,0.9238804444120753,85.6
3501000,14004.000001017992,-1711901.9350357056,332234.0838764329,-1379667.8511592727,301.3592245023826,1428.4328132192022,0.9238804444120753,85.6
3502000,14008.000001018807,-1716126.8060127068,331465.98215268087,-1384660.823860026,300.6625032716525,1428.4328132192022,0.9238804444120753,85.6
3503000,14012.000001019622,-1711832.3684774283,332358.9989472509,-1379473.3695301774,301.4725310855938,1428.4328132192022,0.9238804444120753,85.6
3504000,14016.000001020437,-1712449.2958715744,332998.0585974367,-1379451.2372741378,302.0522022570272,1428.4328132192022,0.9238804444120753,85.6
3505000,14020.000001021252,-1710681.115954334,332011.5332380433,-1378669.5827162906,301.1573557265632,1428.4328132192022,0.9238804444120753,85.6
3506000,14024.000001022066,-1712360.6964364722,331186.37881212134,-1381174.317624351,300.4088837606855,1428.4328132192022,0.9238804444120753,85.6
3507000,14028.000001022881,-1714323.6592115127,330749.07372722414,-1383574.5854842886,300.0122178926989,1428.4328132192022,0.9238804444120753,85.6
3508000,14032.000001023696,-1710431.4207032174,331364.2789213455,-1379067.141781872,300.5702514275099,1428.4328132192022,0.9238804444120753,85.6
3509000,14036.000001024511,-1712744.291650571,332038.24241170735,-1380706.0492388636,301.18158278890604,1428.4328132192022,0.9238804444120753,85.6
3510000,14040.000001025326,-1713358.6580206063,333233.3313650943,-1380125.326655512,302.26561088139397,1428.4328132192022,0.9238804444120753,85.6
3511000,14044.000001026141,-1713511.9768686835,330811.0046225572,-1382700.9722461263,300.06839348543934,1428.4328132192022,0.9238804444120753,85.6
3512000,14048.000001026956,-1712579.9604633916,330457.5134510691,-1382122.4470123225,299.7477526166123,1428.4328132192022,0.9238804444120753,85.6
3513000,14052.00000102777,-1713819.3256827798,332917.3140412644,-1380902.0116415154,301.9789613765403,1428.4328132192022,0.9238804444120753,85.6
3514000,14056.000001028586,-1713749.5001145862,330293.11796004244,-1383456.382154544,299.59863456975376,1428.4328132192022,0.9238804444120753,85.6
3515000,14060.0000010294,-1712846.0212453548,332486.2414500094,-1380359.7797953454,301.5879488100718,1428.4328132192022,0.9238804444120753,85.6
3516000,14064.000001030216,-1710360.8204471692,332338.6078668137,-1378022.2125803556,301.4540349694951,1428.4328132192022,0.9238804444120753,85.6
3517000,14068.00000103103,-1710838.1349467058,329453.2752955512,-1381384.8596511546,298.83683935861217,1428.4328132192022,0.9238804444120753,85.6
3518000,14072.000001031845,-1710981.1812328324,331838.59883563884,-1379142.5823971936,301.0004922982529,1428.4328132192022,0.9238804444120753,85.6
3519000,14076.00000103266,-1710813.2038594112,332027.59483551333,-1378785.609023898,301.1719247030552,1428.4328132192022,0.9238804444120753,85.6
3520000,14080.000001033475,-1711625.291472301,332469.8193896367,-1379155.4720826643,301.57305286887004,1428.4328132192022,0.9238804444120753,85.6
3521000,14084.00000103429,-1712888.5010610893,331667.25743452064,-1381221.2436265687,300.84507383196046,1428.4328132192022,0.9238804444120753,85.6
3522000,14088.000001035105,-1712380.4063747264,330976.6996218631,-1381403.7067528632,300.21869027591947,1428.4328132192022,0.9238804444120753,85.6
3523000,14092.00000103592,-1712577.6108134873,330991.73070912354,-1381585.880104364,300.23232450858876,1428.4328132192022,0.9238804444120753,85.6
3524000,14096.000001036735,-1713730.9685940947,332325.38979301235,-1381405.5788010824,301.4420452650563,1428.4328132192022,0.9238804444120753,85.6
3525000,14100.00000103755,-1710208.0411567837,332875.7064482837,-1377332.3347085,301.9412204205018,1428.4328132192022,0.9238804444120753,85.6
3526000,14104.000001038365,-1711683.2010068558,331896.9493756787,-1379786.251631177,301.0534202618457,1428.4328132192022,0.9238804444120753,85.6
3527000,14108.00000103918,-1713959.5100945234,332005.0745227408,-1381954.4355717828,301.1514972263993,1428.4328132192022,0.9238804444120753,85.6
3528000,14112.000001039994,-1711796.2670442834,331867.69275814533,-1379928.5742861382,301.02688249224497,1428.4328132192022,0.9238804444120753,85.6
3529000,14116.00000104081,-1712047.120727798,330974.0359780841,-1381073.084749714,300.21627416733054,1428.4328132192022,0.9238804444120753,85.6
3530000,14120.000001041624,-1713311.866386393,331395.931492554,-1381915.934893839,300.5989624923158,1428.4328132192022,0.9238804444120753,85.6
3531000,14124.00000104244,-1715042.1973665245,331928.32316058985,-1383113.8742059346,301.0818784482551,1428.4328132192022,0.9238804444120753,85.6
3532000,14128.000001043254,-1712320.4652808402,330926.8066028135,-1381393.6586780266,300.1734338670844,1428.4328132192022,0.9238804444120753,85.6
3533000,14132.000001044069,-1713206.945302045,331549.30011913844,-1381657.6451829067,300.73807841272713,1428.4328132192022,0.9238804444120753,85.6
3534000,14136.000001044884,-1713917.57035481,332680.6612510927,-1381236.9091037172,301.7643009765887,1428.4328132192022,0.9238804444120753,85.6
3535000,14140.000001045699,-1711378.805110043,332012.4374093078,-1379366.367700735,301.1581758722506,1428.4328132192022,0.9238804444120753,85.6
3536000,14144.000001046514,-1709972.8754015267,332359.7890117418,-1377613.086389785,301.4732477285689,1428.4328132192022,0.9238804444120753,85.6
3537000,14148.000001047329,-1714732.386603482,332679.96069667686,-1382052.4259068053,301.76366552542424,1428.4328132192022,0.9238804444120753,85.6
3538000,14152.000001048144,-1711469.9474678338,331035.24525848246,-1380434.7022093514,300.27179520556354,1428.4328132192022,0.9238804444120753,85.6
3539000,14156.000001048958,-1715545.140333429,332927.28371797974,-1382617.8566154493,301.98800456081693,1428.4328132192022,0.9238804444120753,85.6
3540000,14160.000001049773,-1715044.1231708396,331059.4379319627,-1383984.6852388768,300.29373962870517,1428.4328132192022,0.9238804444120753,85.6
3541000,14164.000001050588,-1714798.2784798574,332184.1706781992,-1382614.107801658,301.31394978963596,1428.4328132192022,0.9238804444120753,85.6
3542000,14168.000001051403,-1712878.1354072,332372.54327438236,-1380505.5921328177,301.4848167243011,1428.4328132192022,0.9238804444120753,85.6
3543000,14172.000001052218,-1711397.2153614014,331337.0278999452,-1380060.1874614563,300.5455328719052,1428.4328132192022,0.9238804444120753,85.6
3544000,14176.000001053033,-1712561.187790962,332978.0131936716,-1379583.1745972903,302.0340196935075,1428.4328132192022,0.9238804444120753,85.6
3545000,14180.000001053848,-1711602.4050883204,331974.05797051894,-1379628.3471178014,301.1233630746733,1428.4328132192022,0.9238804444120753,85.6
3546000,14184.000001054663,-1711052.49989954,330842.5029310101,-1380209.9969685301,300.0969646232881,1428.4328132192022,0.9238804444120753,85.6
3547000,14188.000001055478,-1713149.4448500574,332171.06642325304,-1380978.3784268042,301.30206332674754,1428.4328132192022,0.9238804444120753,85.6
3548000,14192.000001056293,-1712805.5343509968,330397.4743033373,-1382408.0600476596,299.69329296939867,1428.4328132192022,0.9238804444120753,85.6
3549000,14196.000001057108,-1713046.5922792796,331053.52501603955,-1381993.06726324,300.2883762062159,1428.4328132192022,0.9238804444120753,85.6
3550000,14200.000001057922,-1712402.4161618762,332141.56676801713,-1380260.849393859,301.275305105191,1428.4328132192022,0.9238804444120753,85.6
3551000,14204.000001058737,-1715060.430861745,332375.9157926506,-1382684.5150690945,301.48787583093485,1428.4328132192022,0.9238804444120753,85.6
3552000,14208.000001059552,-1712402.4533954114,332545.5544473816,-1379856.8989480298,301.64174978883483,1428.4328132192022,0.9238804444120753,85.6
3553000,14212.000001060367,-1709812.0038771164,332790.2122807774,-1377021.791596339,301.863671315008,1428.4328132192022,0.9238804444120753,85.6
3554000,14216.000001061182,-1712826.216788141,331175.19309255393,-1381651.0236955872,300.3987375416853,1428.4328132192022,0.9238804444120753,85.6
3555000,14220.000001061997,-1714149.0845986959,333002.056305625,-1381147.0282930708,302.05582845403075,1428.4328132192022,0.9238804444120753,85.6
3556000,14224.000001062812,-1714317.261135636,333095.4415403235,-1381221.8195953125,302.1405353016255,1428.4328132192022,0.9238804444120753,85.6
3557000,14228.000001063627,-1711942.9001108333,333283.81359593733,-1378659.086514896,302.311401745957,1428.4328132192022,0.9238804444120753,85.6
3558000,14232.000001064442,-1713991.7185974885,331331.03180296347,-1382660.686794525,300.5400939984598,1428.4328132192022,0.9238804444120753,85.6
3559000,14236.000001065257,-1711712.5990447104,330995.29943128343,-1380717.299613427,300.2355615856822,1428.4328132192022,0.9238804444120753,85.6
3560000,14240.000001066071,-1712941.8478861507,332419.09565729985,-1380522.752228851,301.52704294579854,1428.4328132192022,0.9238804444120753,85.6
3561000,14244.000001066886,-1715329.6141568832,331627.7361052738,-1383701.8780516093,300.80922526099465,1428.4328132192022,0.9238804444120753,85.5
3562000,14248.000001067701,-1712505.3446178865,331946.4314895896,-1380558.9131282968,301.09830395138454,1428.4328132192022,0.9238804444120753,85.5
3563000,14252.000001068516,-1713264.8886418063,332049.5707057837,-1381215.3179360225,301.19185833281756,1428.4328132192022,0.9238804444120753,85.5
3564000,14256.000001069331,-1712033.7999999374,330788.16700973787,-1381245.6329901996,300.0476781957604,1428.4328132192022,0.9238804444120753,85.5
3565000,14260.000001070146,-1711045.3683751114,331572.53335681115,-1379472.8350183002,300.75915256142986,1428.4328132192022,0.9238804444120753,85.5
3566000,14264.000001070961,-1711515.9109663926,331964.22852177796,-1379551.6824446146,301.1144470868394,1428.4328132192022,0.9238804444120753,85.5
3567000,14268.000001071776,-1713985.703538118,332620.3332728052,-1381365.3702653127,301.70957934014376,1428.4328132192022,0.9238804444120753,85.5
3568000,14272.00000107259,-1713588.8490805216,332432.5677342222,-1381156.2813462995,301.5392630485838,1428.4328132192022,0.9238804444120753,85.5
3569000,14276.000001073406,-1712959.26736716,333045.3955025642,-1379913.8718645957,302.09514009426874,1428.4328132192022,0.9238804444120753,85.5
3570000,14280.00000107422,-1710301.303339105,331396.4829949796,-1378904.8203441254,300.59946274304673,1428.4328132192022,0.9238804444120753,85.5
3571000,14284.000001075035,-1713508.700400455,332917.2379603187,-1380591.4624401364,301.9788923658761,1428.4328132192022,0.9238804444120753,85.5
3572000,14288.00000107585,-1711657.1433433834,331130.28309101664,-1380526.8602523669,300.35800107335626,1428.4328132192022,0.9238804444120753,85.5
3573000,14292.000001076665,-1712413.1065484863,330766.2653609748,-1381646.8411875116,300.0278118900234,1428.4328132192022,0.9238804444120753,85.5
3574000,14296.00000107748,-1715225.8931272961,330438.042607608,-1384787.850519688,299.73009121890925,1428.4328132192022,0.9238804444120753,85.5
3575000,14300.000001078295,-1713260.1737335362,331693.18095918465,-1381566.9927743515,300.868588256483,1428.4328132192022,0.9238804444120753,85.5
3576000,14304.00000107911,-1712054.9357771948,332098.9997345088,-1379955.936042686,301.23669387043225,1428.4328132192022,0.9238804444120753,85.5
3577000,14308.000001079925,-1713192.6869849768,331357.63309099054,-1381835.0538939862,300.5642232010903,1428.4328132192022,0.9238804444120753,85.5
3578000,14312.00000108074,-1714201.7678127736,333522.05382731743,-1380679.7139854562,302.52750206455255,1428.4328132192022,0.9238804444120753,85.5
3579000,14316.000001081555,-1711575.8227986824,330785.97134388646,-1380789.8514547958,300.0456865754229,1428.4328132192022,0.9238804444120753,85.5
3580000,14320.00000108237,-1711643.6813039873,330558.1305873067,-1381085.5507166805,299.8390192976055,1428.4328132192022,0.9238804444120753,85.5
3581000,14324.000001083185,-1712473.6557725165,333280.5101339698,-1379193.1456385467,302.3084052781501,1428.4328132192022,0.9238804444120753,85.5
3582000,14328.000001084,-1713721.5200410709,332836.1916025182,-1380885.3284385526,301.90537773050056,1428.4328132192022,0.9238804444120753,85.5
3583000,14332.000001084814,-1713005.119049359,332066.4476214226,-1380938.6714279365,301.207166859112,1428.4328132192022,0.9238804444120753,85.5
3584000,14336.00000108563,-1713301.8937931247,332139.49530969275,-1381162.398483432,301.27342614964573,1428.4328132192022,0.9238804444120753,85.5
3585000,14340.000001086444,-1713519.6838966757,331649.5416608047,-1381870.142235871,300.82900440354365,1428.4328132192022,0.9238804444120753,85.5
3586000,14344.000001087259,-1712212.5794758555,331747.3060292155,-1380465.27344664,300.91768342739476,1428.4328132192022,0.9238804444120753,85.5
3587000,14348.000001088074,-1713245.6656180043,332741.51044153486,-1380504.1551764694,301.81949538840007,1428.4328132192022,0.9238804444120753,85.5
3588000,14352.000001088889,-1711668.830548739,331533.18062985374,-1380135.6499188854,300.7234569243671,1428.4328132192022,0.9238804444120753,85.5
3589000,14356.000001089704,-1714548.1650536489,332723.01681996323,-1381825.1482336856,301.8027203983387,1428.4328132192022,0.9238804444120753,85.5
3590000,14360.000001090519,-1713088.8282007948,332811.91782574746,-1380276.9103750472,301.88335974108173,1428.4328132192022,0.9238804444120753,85.5
3591000,14364.000001091334,-1710260.9748011325,331554.9299876573,-1378706.044813475,300.7431850917021,1428.4328132192022,0.9238804444120753,85.5
3592000,14368.000001092149,-1714258.9916430488,331459.5664459609,-1382799.425197088,300.6566837832388,1428.4328132192022,0.9238804444120753,85.5
3593000,14372.000001092963,-1713445.0632277317,331404.81231804844,-1382040.2509096833,300.60701801344936,1428.4328132192022,0.9238804444120753,85.5
3594000,14376.000001093778,-1712840.642183872,331908.08646595385,-1380932.555717918,301.06352237072434,1428.4328132192022,0.9238804444120753,85.5
3595000,14380.000001094593,-1711943.3787808493,332399.8483371332,-1379543.530443716,301.5095842991374,1428.4328132192022,0.9238804444120753,85.5
3596000,14384.000001095408,-1711310.4076823685,331422.6561128764,-1379887.7515694923,300.62320356584297,1428.4328132192022,0.9238804444120753,85.5
3597000,14388.000001096223,-1710880.5570046343,330878.5080996643,-1380002.04890497,300.12962379412664,1428.4328132192022,0.9238804444120753,85.5
3598000,14392.000001097038,-1713696.1751544178,332540.3674322543,-1381155.8077221634,301.6370448084246,1428.4328132192022,0.9238804444120753,85.5
3599000,14396.000001097853,-1714178.2040704973,331427.94249498856,-1382750.2615755089,300.6279986789607,1428.4328132192022,0.9238804444120753,85.5
3600000,14400.000001098668,-1712056.268605683,330237.7011302775,-1381818.5674754055,299.5483676836851,1428.4328132192022,0.9238804444120753,85.5
3601000,14404.000001099483,-1713473.1172756273,332008.6726968326,-1381464.4445787948,301.1547610184259,1428.4328132192022,0.9238804444120753,85.5
3602000,14408.000001100298,-1711487.5473432038,330749.28775127843,-1380738.2595919254,300.01241202727505,1428.4328132192022,0.9238804444120753,85.5
3603000,14412.000001101113,-1711182.4389173798,332937.75019481074,-1378244.688722569,301.9974983770572,1428.4328132192022,0.9238804444120753,85.5
3604000,14416.000001101927,-1712605.5153618641,330466.96783356555,-1382138.5475282986,299.75632839349834,1428.4328132192022,0.9238804444120753,85.5
3605000,14420.000001102742,-1711376.6199164055,331891.55700633925,-1379485.0629100662,301.0485290110041,1428.4328132192022,0.9238804444120753,85.5
3606000,14424.000001103557,-1711955.0303615984,333022.29019205825,-1378932.74016954,302.07418198432794,1428.4328132192022,0.9238804444120753,85.5
3607000,14428.000001104372,-1712430.7687240224,330431.3222340974,-1381999.446489925,299.723995376707,1428.4328132192022,0.9238804444120753,85.5
3608000,14432.000001105187,-1710167.174559418,331847.9985271778,-1378319.1760322403,301.0090184666691,1428.4328132192022,0.9238804444120753,85.5
3609000,14436.000001106002,-1711596.0108772255,331848.2200916596,-1379747.790785566,301.0092194409329,1428.4328132192022,0.9238804444120753,85.5
3610000,14440.000001106817,-1712203.2688850183,332168.1226438876,-1380035.1462411308,301.2993931158639,1428.4328132192022,0.9238804444120753,85.5
3611000,14444.000001107632,-1709928.0255024713,332673.4986278069,-1377254.5268746642,301.7578039833434,1428.4328132192022,0.9238804444120753,85.5
3612000,14448.000001108447,-1712997.9948313627,333183.8468498597,-1379814.147981503,302.22072501368893,1428.4328132192022,0.9238804444120753,85.5
3613000,14452.000001109262,-1713195.4385774322,331173.73196161946,-1382021.7066158126,300.39741219517015,1428.4328132192022,0.9238804444120753,85.5
3614000,14456.000001110076,-1711312.2144774236,330387.8964449136,-1380924.31803251,299.68460519133185,1428.4328132192022,0.9238804444120753,85.5
3615000,14460.000001110891,-1712359.3974263165,331673.44180432154,-1380685.955621995,300.8506834818359,1428.4328132192022,0.9238804444120753,85.5
3616000,14464.000001111706,-1712902.0544262975,331599.0980381168,-1381302.9563881806,300.78324855923967,1428.4328132192022,0.9238804444120753,85.5
3617000,14468.000001112521,-1710649.7416835316,330123.47471602535,-1380526.2669675061,299.44475644905475,1428.4328132192022,0.9238804444120753,85.5
3618000,14472.000001113336,-1711870.7682598662,330889.6722740398,-1380981.0959858263,300.1397504701521,1428.4328132192022,0.9238804444120753,85.5
3619000,14476.000001114151,-1714149.6203835923,332288.8000978436,-1381860.8202857487,301.40885588836085,1428.4328132192022,0.9238804444120753,85.5
3620000,14480.000001114966,-1712836.8730761316,331387.05049395974,-1381449.8225821718,300.5909068141688,1428.4328132192022,0.9238804444120753,85.5
3621000,14484.00000111578,-1714156.5322715584,330808.1279433237,-1383348.4043282347,300.0657841390025,1428.4328132192022,0.9238804444120753,85.5
3622000,14488.000001116596,-1713083.7939225025,332793.6603667807,-1380290.133555722,301.86679896678845,1428.4328132192022,0.9238804444120753,85.5
3623000,14492.00000111741,-1712485.9471909758,331948.60650228837,-1380537.3406886873,301.1002768378883,1428.4328132192022,0.9238804444120753,85.5
3624000,14496.000001118226,-1712500.6170098763,331453.27868896624,-1381047.33832091,300.6509803540491,1428.4328132192022,0.9238804444120753,85.5
3625000,14500.00000111904,-1713725.6187241469,332458.33181199507,-1381267.2869121518,301.5626328437808,1428.4328132192022,0.9238804444120753,85.5
3626000,14504.000001119855,-1711783.5931557454,331751.7160804403,-1380031.8770753052,300.92168364796703,1428.4328132192022,0.9238804444120753,85.5
3627000,14508.00000112067,-1712825.925862221,331648.3612882602,-1381177.5645739608,300.8279337242488,1428.4328132192022,0.9238804444120753,85.5
3628000,14512.000001121485,-1714411.2394179758,333448.89486010675,-1380962.344557869,302.46114183634603,1428.4328132192022,0.9238804444120753,85.5
3629000,14516.0000011223,-1711563.8469949272,331496.4482636121,-1380067.398731315,300.6901381351702,1428.4328132192022,0.9238804444120753,85.5
3630000,14520.000001123115,-1710013.0048800893,331886.45994205994,-1378126.5449380293,301.0439056222159,1428.4328132192022,0.9238804444120753,85.5
3631000,14524.00000112393,-1711721.8977701273,332542.14377440396,-1379179.7539957233,301.63865607324857,1428.4328132192022,0.9238804444120753,85.5
3632000,14528.000001124745,-1713991.0918641333,331727.8177804465,-1382263.2740836868,300.90000624187724,1428.4328132192022,0.9238804444120753,85.5
3633000,14532.00000112556,-1711929.4143372346,330737.97157871356,-1381191.442758521,300.00214747841034,1428.4328132192022,0.9238804444120753,85.5
3634000,14536.000001126375,-1713829.874261666,330682.1259552706,-1383147.7483063955,299.9514916469066,1428.4328132192022,0.9238804444120753,85.5
3635000,14540.00000112719,-1712818.199613899,330388.9997583676,-1382429.1998555313,299.6856059727177,1428.4328132192022,0.9238804444120753,85.5
3636000,14544.000001128004,-1710438.290456362,332013.94647392654,-1378424.3439824355,301.15954469792285,1428.4328132192022,0.9238804444120753,85.5
3637000,14548.00000112882,-1711990.2633164674,332221.57403142913,-1379768.6892850383,301.3478772103016,1428.4328132192022,0.9238804444120753,85.5
3638000,14552.000001129634,-1710537.1408834327,331732.93934334704,-1378804.2015400857,300.9046518526043,1428.4328132192022,0.9238804444120753,85.5
3639000,14556.00000113045,-1711758.5191224292,332618.7509257654,-1379139.7681966638,301.70814404226206,1428.4328132192022,0.9238804444120753,85.5
3640000,14560.000001131264,-1711158.661936134,331488.40974433353,-1379670.2521918006,300.68284664385874,1428.4328132192022,0.9238804444120753,85.5
3641000,14564.000001132079,-1713400.558044523,332129.6910460886,-1381270.8669984345,301.2645330064677,1428.4328132192022,0.9238804444120753,85.5
3642000,14568.000001132894,-1712832.4696436562,331646.43808893824,-1381186.031554718,300.8261892498425,1428.4328132192022,0.9238804444120753,85.5
3643000,14572.000001133709,-1711150.6587424092,332150.8980866645,-1378999.7606557447,301.2837692546797,1428.4328132192022,0.9238804444120753,85.5
3644000,14576.000001134524,-1712352.461875135,333325.66423959594,-1379026.7976355392,302.3493631657209,1428.4328132192022,0.9238804444120753,85.5
3645000,14580.000001135339,-1715017.4566260334,331186.32747779967,-1383831.1291482337,300.40883719691584,1428.4328132192022,0.9238804444120753,85.5
3646000,14584.000001136154,-1713021.230084071,332425.29460829415,-1380595.935475777,301.53266582182187,1428.4328132192022,0.9238804444120753,85.5
3647000,14588.000001136968,-1714228.1065313201,333300.97808856936,-1380927.1284427508,302.32697112441514,1428.4328132192022,0.9238804444120753,85.5
3648000,14592.000001137783,-1713485.9365279395,333139.925537626,-1380346.0109903135,302.180885354737,1428.4328132192022,0.9238804444120753,85.5
3649000,14596.000001138598,-1712623.396655921,331175.70530454605,-1381447.6913513748,300.3992021532837,1428.4328132192022,0.9238804444120753,85.5
3650000,14600.000001139413,-1712200.2967172917,332026.7649924278,-1380173.531724864,301.1711719781517,1428.4328132192022,0.9238804444120753,85.5
3651000,14604.000001140228,-1714630.059133593,331086.79388809355,-1383543.2652454996,300.3185533673466,1428.4328132192022,0.9238804444120753,85.5
3652000,14608.000001141043,-1713562.5058549456,333193.7117973267,-1380368.7940576188,302.2296732013154,1428.4328132192022,0.9238804444120753,85.5
3653000,14612.000001141858,-1710582.7522626817,331882.7602605212,-1378699.9920021605,301.0405497559351,1428.4328132192022,0.9238804444120753,85.5
3654000,14616.000001142673,-1711084.4387542643,332395.7790443567,-1378688.6597099076,301.50589316997605,1428.4328132192022,0.9238804444120753,85.5
3655000,14620.000001143488,-1711716.623572126,332294.67826074513,-1379421.945311381,301.414187787463,1428.4328132192022,0.9238804444120753,85.5
3656000,14624.000001144303,-1712295.0996311754,332387.52398919326,-1379907.5756419823,301.498405265685,1428.4328132192022,0.9238804444120753,85.5
3657000,14628.000001145117,-1712917.110225426,331952.16637356114,-1380964.943851865,301.1035058866168,1428.4328132192022,0.9238804444120753,85.5
3658000,14632.000001145932,-1710949.7629685998,330755.1025270114,-1380194.6604415884,300.01768642984416,1428.4328132192022,0.9238804444120753,85.5
3659000,14636.000001146747,-1714064.2293626964,331710.0361070295,-1382354.1932556669,300.8838770378871,1428.4328132192022,0.9238804444120753,85.5
3660000,14640.000001147562,-1712239.7494959012,333093.499887194,-1379146.2496087071,302.1387740883432,1428.4328132192022,0.9238804444120753,85.5
3661000,14644.000001148377,-1711121.2991155796,332385.70642689016,-1378735.5926886895,301.4967566113394,1428.4328132192022,0.9238804444120753,85.5
3662000,14648.000001149192,-1710904.078098366,332325.12988992577,-1378578.9482084403,301.4418095150342,1428.4328132192022,0.9238804444120753,85.5
3663000,14652.000001150007,-1713048.3752534743,330700.11060868157,-1382348.2646447928,299.96780496774846,1428.4328132192022,0.9238804444120753,85.5
3664000,14656.000001150822,-1710694.1540888734,333421.91432601365,-1377272.23976286,302.43666863138134,1428.4328132192022,0.9238804444120753,85.5
3665000,14660.000001151637,-1710130.3634241708,332643.9145005767,-1377486.448923594,301.73096913986296,1428.4328132192022,0.9238804444120753,85.5
3666000,14664.000001152452,-1712488.4638627302,331553.2978466077,-1380935.1660161226,300.74170462721975,1428.4328132192022,0.9238804444120753,85.5
3667000,14668.000001153267,-1711883.304082092,332208.8291743797,-1379674.474907712,301.3363167460892,1428.4328132192022,0.9238804444120753,85.5
3668000,14672.000001154081,-1712956.4009584934,332510.35007368214,-1380446.0508848112,301.60981699424207,1428.4328132192022,0.9238804444120753,85.5
3669000,14676.000001154896,-1710982.1168126594,331889.25577420375,-1379092.8610384557,301.04644163476723,1428.4328132192022,0.9238804444120753,85.5
3670000,14680.000001155711,-1709966.5957327522,332135.9880246508,-1377830.6077081014,301.27024480025494,1428.4328132192022,0.9238804444120753,85.5
3671000,14684.000001156526,-1710923.4517769404,330626.68849572126,-1380296.7632812192,299.9012060482009,1428.4328132192022,0.9238804444120753,85.5
3672000,14688.000001157341,-1713993.2600288354,332397.062655792,-1381596.1973730433,301.507057494064,1428.4328132192022,0.9238804444120753,85.5
3673000,14692.000001158156,-1715008.8954149038,330906.473224124,-1384102.4221907798,300.15499009044987,1428.4328132192022,0.9238804444120753,85.5
3674000,14696.000001158971,-1711253.6403101403,330158.3178052181,-1381095.3225049223,299.4763615336863,1428.4328132192022,0.9238804444120753,85.5
3675000,14700.000001159786,-1712564.5319174882,331533.7154790951,-1381030.8164383932,300.7239420695115,1428.4328132192022,0.9238804444120753,85.5
3676000,14704.0000011606,-1712270.8544601705,331960.6098630568,-1380310.2445971137,301.11116471384133,1428.4328132192022,0.9238804444120753,85.5
3677000,14708.000001161416,-1709942.5262651797,332576.5875170871,-1377365.9387480926,301.66989892305753,1428.4328132192022,0.9238804444120753,85.5
3678000,14712.00000116223,-1711263.9196208175,332328.5721336624,-1378935.347487155,301.44493186747593,1428.4328132192022,0.9238804444120753,85.5
3679000,14716.000001163045,-1710067.9163155388,332483.25522139546,-1377584.6610941433,301.58524009479254,1428.4328132192022,0.9238804444120753,85.5
3680000,14720.00000116386,-1711067.4084637351,332378.9560707968,-1378688.4523929383,301.490633572867,1428.4328132192022,0.9238804444120753,85.5
3681000,14724.000001164675,-1712152.3044916391,333284.1285150384,-1378868.1759766007,302.3116873992981,1428.4328132192022,0.9238804444120753,85.5
3682000,14728.00000116549,-1712306.359786259,332107.47224152903,-1380198.88754473,301.2443790185525,1428.4328132192022,0.9238804444120753,85.5
3683000,14732.000001166305,-1712549.928788552,334124.5651545781,-1378425.363633974,303.07402138676844,1428.4328132192022,0.9238804444120753,85.5
3684000,14736.00000116712,-1709544.9834435992,330209.8849317133,-1379335.0985118859,299.52313647341884,1428.4328132192022,0.9238804444120753,85.5
3685000,14740.000001167935,-1710058.8177662883,332559.26300541573,-1377499.5547608726,301.654184396296,1428.4328132192022,0.9238804444120753,85.5
3686000,14744.00000116875,-1710551.8091467898,330780.31941587187,-1379771.4897309178,300.04055988696416,1428.4328132192022,0.9238804444120753,85.5
3687000,14748.000001169565,-1713124.9239410944,332803.28576269036,-1380321.638178404,301.87552986463317,1428.4328132192022,0.9238804444120753,85.5
3688000,14752.00000117038,-1713324.4941555038,331801.6630311574,-1381522.8311243465,300.96698897654363,1428.4328132192022,0.9238804444120753,85.5
3689000,14756.000001171195,-1711895.010774184,331888.8105286359,-1380006.200245548,301.0460377663337,1428.4328132192022,0.9238804444120753,85.5
3690000,14760.00000117201,-1712232.2992675193,333097.6497578035,-1379134.6495097158,302.14253830715563,1428.4328132192022,0.9238804444120753,85.5
3691000,14764.000001172824,-1711098.010321973,332376.65405692765,-1378721.3562650452,301.48854548754383,1428.4328132192022,0.9238804444120753,85.5
3692000,14768.00000117364,-1712232.098072892,332923.87695253507,-1379308.221120357,301.98491438963254,1428.4328132192022,0.9238804444120753,85.5
3693000,14772.000001174454,-1711126.9040906485,333009.4830802536,-1378117.421010395,302.06256505075953,1428.4328132192022,0.9238804444120753,85.5
3694000,14776.000001175269,-1713930.7278925274,331768.32689921797,-1382162.4009933094,300.9367508060586,1428.4328132192022,0.9238804444120753,85.5
3695000,14780.000001176084,-1711903.5718716644,331696.34371816006,-1380207.2281535044,300.87145709697336,1428.4328132192022,0.9238804444120753,85.5
3696000,14784.000001176899,-1711083.633403046,331133.7046737775,-1379949.9287292685,300.3611046848682,1428.4328132192022,0.9238804444120753,85.5
3697000,14788.000001177714,-1713199.9160237033,332256.92259508953,-1380942.9934286138,301.3799407951322,1428.4328132192022,0.9238804444120753,85.5
3698000,14792.000001178529,-1711571.7947137244,331630.5892839136,-1379941.2054298108,300.8118132907723,1428.4328132192022,0.9238804444120753,85.5
3699000,14796.000001179344,-1711715.3386002406,331605.157744395,-1380110.1808558456,300.78874513070343,1428.4328132192022,0.9238804444120753,85.5
3700000,14800.000001180159,-1713109.970259888,332180.5455895829,-1380929.424670305,301.31066158427956,1428.4328132192022,0.9238804444120753,85.5
3701000,14804.000001180973,-1711985.3274095599,331875.51066342084,-1380109.816746139,301.03397387144236,1428.4328132192022,0.9238804444120753,85.5
3702000,14808.000001181788,-1712371.3747032508,329369.82480680663,-1383001.5498964442,298.7611440106846,1428.4328132192022,0.9238804444120753,85.5
3703000,14812.000001182603,-1711792.2747147493,331042.4977667766,-1380749.7769479728,300.27837373070975,1428.4328132192022,0.9238804444120753,85.5
3704000,14816.000001183418,-1713156.203086812,332257.08173049806,-1380899.121356314,301.3800851419215,1428.4328132192022,0.9238804444120753,85.5
3705000,14820.000001184233,-1711327.0282701217,332115.04713153304,-1379211.9811385886,301.2512499661406,1428.4328132192022,0.9238804444120753,85.5
3706000,14824.000001185048,-1712090.0955781061,331321.3091922336,-1380768.7863858724,300.53127492006934,1428.4328132192022,0.9238804444120753,85.5
3707000,14828.000001185863,-1712594.375081148,332081.0016417684,-1380513.3734393795,301.2203683591918,1428.4328132192022,0.9238804444120753,85.5
3708000,14832.000001186678,-1710282.9165296182,333141.46578247065,-1377141.4507471477,302.1822824630243,1428.4328132192022,0.9238804444120753,85.5
3709000,14836.000001187493,-1710776.0358957574,332494.51864030823,-1378281.5172554492,301.595456792457,1428.4328132192022,0.9238804444120753,85.5
3710000,14840.000001188308,-1711083.5305220708,331529.01450367837,-1379554.5160183925,300.7196779606354,1428.4328132192022,0.9238804444120753,85.5
3711000,14844.000001189122,-1710347.4542800635,332886.2337724101,-1377461.2205076534,301.9507694294349,1428.4328132192022,0.9238804444120753,85.4
3712000,14848.000001189937,-1712740.14547541,333037.2577011065,-1379702.8877743036,302.0877585471745,1428.4328132192022,0.9238804444120753,85.4
3713000,14852.000001190752,-1711026.2199103702,330772.66775784007,-1380253.55215253,300.033619305481,1428.4328132192022,0.9238804444120753,85.4
3714000,14856.000001191567,-1711475.1477508396,331918.8564035378,-1379556.2913473018,301.0732914467938,1428.4328132192022,0.9238804444120753,85.4
3715000,14860.000001192382,-1715177.7087230422,332168.79896991607,-1383008.909753126,301.3000065902103,1428.4328132192022,0.9238804444120753,85.4
3716000,14864.000001193197,-1714301.3095832504,329961.3644336026,-1384339.9451496478,299.297711243985,1428.4328132192022,0.9238804444120753,85.4
3717000,14868.000001194012,-1713357.5675251316,332215.6879469969,-1381141.8795781347,301.3425381258249,1428.4328132192022,0.9238804444120753,85.4
3718000,14872.000001194827,-1714009.7493577022,331346.04363081255,-1382663.7057268897,300.5537107615148,1428.4328132192022,0.9238804444120753,85.4
3719000,14876.000001195642,-1710600.94597454,331641.5351522541,-1378959.4108222858,300.8217419481699,1428.4328132192022,0.9238804444120753,85.4
3720000,14880.000001196457,-1712780.9951975904,332197.03765859734,-1380583.957538993,301.3256210281471,1428.4328132192022,0.9238804444120753,85.4
3721000,14884.000001197272,-1711696.8546708412,331531.255798235,-1380165.5988726062,300.72171096935506,1428.4328132192022,0.9238804444120753,85.4
3722000,14888.000001198086,-1714905.041437447,332004.71468966594,-1382900.3267477811,301.15117083298674,1428.4328132192022,0.9238804444120753,85.4
3723000,14892.000001198901,-1713156.1850931142,331309.56150609645,-1381846.6235870176,300.5206189586379,1428.4328132192022,0.9238804444120753,85.4
3724000,14896.000001199716,-1712721.8520348147,333247.4986394893,-1379474.3533953254,302.2784615762269,1428.4328132192022,0.9238804444120753,85.4
3725000,14900.000001200531,-1712195.903204672,332591.057590872,-1379604.8456138,301.6830242778177,1428.4328132192022,0.9238804444120753,85.4
3726000,14904.000001201346,-1711054.1211015005,331772.9294144704,-1379281.19168703,300.940925604776,1428.4328132192022,0.9238804444120753,85.4
3727000,14908.000001202161,-1710960.142644396,331723.1263456584,-1379237.0162987376,300.8957507870092,1428.4328132192022,0.9238804444120753,85.4
3728000,14912.000001202976,-1711875.2141810283,332095.5266305421,-1379779.687550486,301.23354352563376,1428.4328132192022,0.9238804444120753,85.4
3729000,14916.00000120379,-1711922.8112444934,333118.51478683593,-1378804.2964576574,302.1614643273131,1428.4328132192022,0.9238804444120753,85.4
3730000,14920.000001204606,-1712400.6331223492,331734.7627106666,-1380665.8704116826,300.9063057725001,1428.4328132192022,0.9238804444120753,85.4
3731000,14924.00000120542,-1712093.4593808427,331917.7875048282,-1380175.6718760147,301.07232188195434,1428.4328132192022,0.9238804444120753,85.4
3732000,14928.000001206236,-1714490.1475795545,331723.6355264088,-1382766.5120531456,300.8962126490623,1428.4328132192022,0.9238804444120753,85.4
3733000,14932.00000120705,-1710639.1196683794,332753.1233819127,-1377885.9962864667,301.8300291261359,1428.4328132192022,0.9238804444120753,85.4
3734000,14936.000001207865,-1710149.041992288,331862.8622078661,-1378286.179784422,301.0225008500333,1428.4328132192022,0.9238804444120753,85.4
3735000,14940.00000120868,-1714598.3169096578,331673.4634934272,-1382924.8534162305,300.8507031553504,1428.4328132192022,0.9238804444120753,85.4
3736000,14944.000001209495,-1712721.366612617,332731.8963764608,-1379989.4702361561,301.81077476840454,1428.4328132192022,0.9238804444120753,85.4
3737000,14948.00000121031,-1712231.7446263805,330598.88776704215,-1381632.8568593385,299.8759888701872,1428.4328132192022,0.9238804444120753,85.4
3738000,14952.000001211125,-1714941.0488779508,332195.389507571,-1382745.6593703798,301.3241260415119,1428.4328132192022,0.9238804444120753,85.4
3739000,14956.00000121194,-1715002.451330632,332607.5926224744,-1382394.8587081577,301.6980226917152,1428.4328132192022,0.9238804444120753,85.4
3740000,14960.000001212755,-1712617.3452687506,333111.4593386612,-1379505.8859300893,302.1550645492842,1428.4328132192022,0.9238804444120753,85.4
3741000,14964.00000121357,-1711450.1338350866,332762.225398382,-1378687.9084367047,301.83828528273665,1428.4328132192022,0.9238804444120753,85.4
3742000,14968.000001214385,-1712782.6893998552,333365.1489048567,-1379417.5404949985,302.38517847992307,1428.4328132192022,0.9238804444120753,85.4
3743000,14972.0000012152,-1711991.4446441047,331146.35819694377,-1380845.086447161,300.3725823029504,1428.4328132192022,0.9238804444120753,85.4
3744000,14976.000001216014,-1712240.4339625575,333313.4216421328,-1378927.0123204247,302.3382582855884,1428.4328132192022,0.9238804444120753,85.4
3745000,14980.00000121683,-1713887.538946379,333079.88861304725,-1380807.6503333317,302.1264277240765,1428.4328132192022,0.9238804444120753,85.4
3746000,14984.000001217644,-1712223.9770283587,331496.48843793955,-1380727.4885904193,300.69017457605554,1428.4328132192022,0.9238804444120753,85.4
3747000,14988.00000121846,-1714507.5540438555,333118.4918924324,-1381389.0621514232,302.16144356051035,1428.4328132192022,0.9238804444120753,85.4
3748000,14992.000001219274,-1711186.9930064678,332954.32809556014,-1378232.6649109076,302.0125356762272,1428.4328132192022,0.9238804444120753,85.4
3749000,14996.000001220089,-1711079.4380310029,331788.90944274893,-1379290.528588254,300.9554205923864,1428.4328132192022,0.9238804444120753,85.4
3750000,15000.000001220904,-1710557.1816701964,330860.70579296415,-1379696.4758772322,300.1134758743259,1428.4328132192022,0.9238804444120753,85.4
3751000,15004.000001221719,-1714712.5654162485,330404.8643485054,-1384307.7010677431,299.699996249974,1428.4328132192022,0.9238804444120753,85.4
3752000,15008.000001222534,-1712748.4294185787,329040.1956646191,-1383708.2337539596,298.46214764792745,1428.4328132192022,0.9238804444120753,85.4
3753000,15012.000001223349,-1710883.0828531329,332060.99866488244,-1378822.0841882504,301.2022242797772,1428.4328132192022,0.9238804444120753,85.4
3754000,15016.000001224163,-1712201.0379495975,332161.2164389413,-1380039.8215106563,301.2931287117348,1428.4328132192022,0.9238804444120753,85.4
3755000,15020.000001224978,-1712404.275737362,333472.14339640667,-1378932.1323409553,302.4822298619586,1428.4328132192022,0.9238804444120753,85.4
3756000,15024.000001225793,-1713340.9453331735,330110.1442689082,-1383230.8010642654,299.4326648142694,1428.4328132192022,0.9238804444120753,85.4
3757000,15028.000001226608,-1713046.81007801,331919.8481968773,-1381126.9618811328,301.0741910717455,1428.4328132192022,0.9238804444120753,85.4
3758000,15032.000001227423,-1712024.2442523502,331988.3682017016,-1380035.8760506485,301.13634344117077,1428.4328132192022,0.9238804444120753,85.4
3759000,15036.000001228238,-1713416.4266689979,330502.76454030257,-1382913.6621286953,299.7887984750028,1428.4328132192022,0.9238804444120753,85.4
3760000,15040.000001229053,-1710146.339562906,330870.71361256373,-1379275.6259503423,300.1225536568288,1428.4328132192022,0.9238804444120753,85.4
3761000,15044.000001229868,-1711224.3576477766,332948.8536592723,-1378275.5039885044,302.0075699850042,1428.4328132192022,0.9238804444120753,85.4
3762000,15048.000001230683,-1712797.4225640874,331505.43262304936,-1381291.9899410382,300.6982875687294,1428.4328132192022,0.9238804444120753,85.4
3763000,15052.000001231498,-1711788.0978695545,332952.1994217173,-1378835.8984478372,302.01060482226114,1428.4328132192022,0.9238804444120753,85.4
3764000,15056.000001232313,-1710277.9339494538,332838.4577010821,-1377439.4762483716,301.9074332381652,1428.4328132192022,0.9238804444120753,85.4
3765000,15060.000001233127,-1712384.304108275,331031.5920820914,-1381352.7120261837,300.26848152265853,1428.4328132192022,0.9238804444120753,85.4
3766000,15064.000001233942,-1711283.3503321651,332656.0542746972,-1378627.2960574678,301.7419807521332,1428.4328132192022,0.9238804444120753,85.4
3767000,15068.000001234757,-1712273.532835219,331499.05928824027,-1380774.4735469788,300.69250651456076,1428.4328132192022,0.9238804444120753,85.4
3768000,15072.000001235572,-1712058.1497991644,331876.1627383717,-1380181.9870607927,301.03456534838904,1428.4328132192022,0.9238804444120753,85.4
3769000,15076.000001236387,-1712645.9183597043,332264.33340565383,-1380381.5849540504,301.38666291135377,1428.4328132192022,0.9238804444120753,85.4
3770000,15080.000001237202,-1711287.1006907932,334096.1700965006,-1377190.9305942927,303.0482651110062,1428.4328132192022,0.9238804444120753,85.4
3771000,15084.000001238017,-1714274.6795585211,330986.10427968256,-1383288.5752788386,300.2272209490946,1428.4328132192022,0.9238804444120753,85.4
3772000,15088.000001238832,-1713481.588265581,331048.24716364814,-1382433.3411019328,300.2835888301431,1428.4328132192022,0.9238804444120753,85.4
3773000,15092.000001239647,-1712776.3390753772,332116.3247377037,-1380660.0143376736,301.2524088430395,1428.4328132192022,0.9238804444120753,85.4
3774000,15096.000001240462,-1712142.3131214958,331717.2451526959,-1380425.0679687997,300.8904161394329,1428.4328132192022,0.9238804444120753,85.4
3775000,15100.000001241277,-1713839.7161954679,331262.5630422267,-1382577.1531532411,300.47798811095566,1428.4328132192022,0.9238804444120753,85.4
3776000,15104.000001242091,-1711699.6291464213,332381.0380581903,-1379318.591088231,301.49252207900406,1428.4328132192022,0.9238804444120753,85.4
3777000,15108.000001242906,-1713674.799541261,331729.9767303583,-1381944.8228109027,300.9019645583256,1428.4328132192022,0.9238804444120753,85.4
3778000,15112.000001243721,-1712109.948817568,330810.34406554216,-1381299.6047520258,300.06779431467555,1428.4328132192022,0.9238804444120753,85.4
3779000,15116.000001244536,-1712151.3972358145,331547.17948394455,-1380604.21775187,300.7361548503701,1428.4328132192022,0.9238804444120753,85.4
3780000,15120.000001245351,-1712057.816875225,332251.8225874724,-1379805.9942877525,301.37531473653354,1428.4328132192022,0.9238804444120753,85.4
3781000,15124.000001246166,-1711452.4806914497,333405.82443162164,-1378046.656259828,302.4220739876298,1428.4328132192022,0.9238804444120753,85.4
3782000,15128.00000124698,-1713313.0582569987,330237.426655003,-1383075.6316019958,299.54811871568364,1428.4328132192022,0.9238804444120753,85.4
3783000,15132.000001247796,-1713014.3552462999,331158.10022666905,-1381856.2550196308,300.3832331336262,1428.4328132192022,0.9238804444120753,85.4
3784000,15136.00000124861,-1714570.0478942357,331900.8369364631,-1382669.2109577726,301.0569465475582,1428.4328132192022,0.9238804444120753,85.4
3785000,15140.000001249426,-1712346.877989972,330691.83000026236,-1381655.0479897098,299.96029388489234,1428.4328132192022,0.9238804444120753,85.4
3786000,15144.00000125024,-1711979.020851668,331741.35240689473,-1380237.6684447732,300.91228308139586,1428.4328132192022,0.9238804444120753,85.4
3787000,15148.000001251055,-1712227.583210567,332068.87143231824,-1380158.7117782487,301.20936542273716,1428.4328132192022,0.9238804444120753,85.4
3788000,15152.00000125187,-1711642.2463380862,332787.5635367598,-1378854.6828013263,301.8612687215301,1428.4328132192022,0.9238804444120753,85.4
3789000,15156.000001252685,-1713779.8172898646,330644.6463016332,-1383135.1709882314,299.91749501650975,1428.4328132192022,0.9238804444120753,85.4
3790000,15160.0000012535,-1712423.1683695018,332718.9756144692,-1379704.1927550326,301.79905474627947,1428.4328132192022,0.9238804444120753,85.4
3791000,15164.000001254315,-1712348.6035900377,334028.3088225387,-1378320.294767499,302.98671025589834,1428.4328132192022,0.9238804444120753,85.4
3792000,15168.00000125513,-1710701.2954186797,331973.5410998202,-1378727.7543188594,301.12289423730687,1428.4328132192022,0.9238804444120753,85.4
3793000,15172.000001255945,-1714616.1325609125,332100.8383665673,-1382515.2941943454,301.2383616364989,1428.4328132192022,0.9238804444120753,85.4
3794000,15176.00000125676,-1712649.8867649175,331060.5577339013,-1381589.3290310162,300.29475536628354,1428.4328132192022,0.9238804444120753,85.4
3795000,15180.000001257575,-1712468.7373033687,332570.3455134971,-1379898.3917898717,301.66423699536097,1428.4328132192022,0.9238804444120753,85.4
3796000,15184.00000125839,-1711610.3638593517,331358.83913010976,-1380251.524729242,300.5653171617382,1428.4328132192022,0.9238804444120753,85.4
3797000,15188.000001259205,-1711437.6559054963,331221.67667138355,-1380215.979234113,300.4409013531304,1428.4328132192022,0.9238804444120753,85.4
3798000,15192.00000126002,-1714519.3707629554,332618.1530489337,-1381901.2177140217,301.70760172674693,1428.4328132192022,0.9238804444120753,85.4
3799000,15196.000001260834,-1712020.9440101348,332923.6343200785,-1379097.3096900564,301.9846943052628,1428.4328132192022,0.9238804444120753,85.4
3800000,15200.00000126165,-1711581.8113848418,330819.2700963935,-1380762.5412884483,300.075890840185,1428.4328132192022,0.9238804444120753,85.4
3801000,15204.000001262464,-1712125.4764525816,332576.965770722,-1379548.5106818597,301.67024202518826,1428.4328132192022,0.9238804444120753,85.4
3802000,15208.000001263279,-1714761.4919747356,331904.44254957564,-1382857.04942516,301.06021708728963,1428.4328132192022,0.9238804444120753,85.4
3803000,15212.000001264094,-1710465.8484313767,333201.88502182084,-1377263.9634095558,302.23708687954644,1428.4328132192022,0.9238804444120753,85.4
3804000,15216.000001264909,-1713713.3218103945,330247.8793873618,-1383465.4424230326,299.55760006473986,1428.4328132192022,0.9238804444120753,85.4
3805000,15220.000001265724,-1713303.3380790036,332429.7031552604,-1380873.634923743,301.5366646779279,1428.4328132192022,0.9238804444120753,85.4
3806000,15224.000001266539,-1711389.3334198687,332556.8777975572,-1378832.4556223114,301.6520208482875,1428.4328132192022,0.9238804444120753,85.4
3807000,15228.000001267354,-1711748.3220602907,331723.97802427475,-1380024.344036016,300.8965233182449,1428.4328132192022,0.9238804444120753,85.4
3808000,15232.000001268168,-1712535.9919722993,331604.4068032723,-1380931.585169027,300.7880639753212,1428.4328132192022,0.9238804444120753,85.4
3809000,15236.000001268983,-1712853.0947519913,332116.03121494193,-1380737.0635370493,301.2521425976536,1428.4328132192022,0.9238804444120753,85.4
3810000,15240.000001269798,-1712595.3929001894,332411.91321238084,-1380183.4796878085,301.52052797296494,1428.4328132192022,0.9238804444120753,85.4
3811000,15244.000001270613,-1713434.7597776167,333176.65418949776,-1380258.105588119,302.21420077474426,1428.4328132192022,0.9238804444120753,85.4
3812000,15248.000001271428,-1712212.5785362963,331746.5063180736,-1380466.0722182225,300.91695803424204,1428.4328132192022,0.9238804444120753,85.4
3813000,15252.000001272243,-1713379.5180396456,331260.4997230235,-1382119.0183166221,300.47611653815454,1428.4328132192022,0.9238804444120753,85.4
3814000,15256.000001273058,-1712541.6542328913,331863.2081852158,-1380678.4460476756,301.0228146753476,1428.4328132192022,0.9238804444120753,85.4
3815000,15260.000001273873,-1711843.2543524578,330218.3728201454,-1381624.8815323124,299.5308355735404,1428.4328132192022,0.9238804444120753,85.4
3816000,15264.000001274688,-1713481.764739288,331863.9467610314,-1381617.8179782566,301.0234846145436,1428.4328132192022,0.9238804444120753,85.4
3817000,15268.000001275503,-1712943.743873613,331523.9402864984,-1381419.8035871144,300.7150752957419,1428.4328132192022,0.9238804444120753,85.4
3818000,15272.000001276318,-1712900.212260263,330320.7382843762,-1382579.4739758868,299.62368810858584,1428.4328132192022,0.9238804444120753,85.4
3819000,15276.000001277132,-1713994.3260657135,333128.37008976366,-1380865.9559759498,302.1704037666773,1428.4328132192022,0.9238804444120753,85.4
3820000,15280.000001277947,-1712936.3378828336,331875.5437289614,-1381060.7941538722,301.0340038641678,1428.4328132192022,0.9238804444120753,85.4
3821000,15284.000001278762,-1714621.4994419515,330465.74554446206,-1384155.7538974895,299.75521969299405,1428.4328132192022,0.9238804444120753,85.4
3822000,15288.000001279577,-1712767.2251343764,332839.84452770854,-1379927.3806066678,301.9086911855491,1428.4328132192022,0.9238804444120753,85.4
3823000,15292.000001280392,-1714313.4041981753,331629.5151175179,-1382683.8890806574,300.81083894777834,1428.4328132192022,0.9238804444120753,85.4
3824000,15296.000001281207,-1711817.4940581992,331001.3073114384,-1380816.1867467607,300.24101114727824,1428.4328132192022,0.9238804444120753,85.4
3825000,15300.000001282022,-1713492.6182774436,332416.28508595016,-1381076.3331914935,301.52449356377105,1428.4328132192022,0.9238804444120753,85.4
3826000,15304.000001282837,-1713756.3952948526,332208.54459790746,-1381547.850696945,301.3360586156048,1428.4328132192022,0.9238804444120753,85.4
3827000,15308.000001283652,-1714888.9549941327,329992.7043811255,-1384896.2506130072,299.3261387375499,1428.4328132192022,0.9238804444120753,85.4
3828000,15312.000001284467,-1711745.7037493344,331115.79022580176,-1380629.9135235327,300.3448550451974,1428.4328132192022,0.9238804444120753,85.4
3829000,15316.000001285282,-1711832.0576206855,331877.83306078915,-1379954.2245598964,301.03608044600486,1428.4328132192022,0.9238804444120753,85.4
3830000,15320.000001286096,-1711130.7093729693,332180.318695077,-1378950.3906778924,301.31045577531637,1428.4328132192022,0.9238804444120753,85.4
3831000,15324.000001286911,-1709467.0702561159,331388.44255252485,-1378078.627703591,300.5921695072819,1428.4328132192022,0.9238804444120753,85.4
3832000,15328.000001287726,-1712451.7893518768,331374.95403664315,-1381076.8353152336,300.57993449322686,1428.4328132192022,0.9238804444120753,85.4
3833000,15332.000001288541,-1713115.9083923027,330961.83349949965,-1382154.074892803,300.2052056777876,1428.4328132192022,0.9238804444120753,85.4
3834000,15336.000001289356,-1714448.6601414252,332227.24106208206,-1382221.419079343,301.35301759789485,1428.4328132192022,0.9238804444120753,85.4
3835000,15340.000001290171,-1710635.8065251317,332420.9740210182,-1378214.8325041134,301.5287467512205,1428.4328132192022,0.9238804444120753,85.4
3836000,15344.000001290986,-1711602.1565642357,333265.94769677345,-1378336.2088674624,302.29519614340643,1428.4328132192022,0.9238804444120753,85.4
3837000,15348.0000012918,-1712909.822994683,331881.1368515344,-1381028.6861431485,301.0390772120359,1428.4328132192022,0.9238804444120753,85.4
3838000,15352.000001292616,-1713205.1817551386,332032.2269702916,-1381172.9547848469,301.17612636872497,1428.4328132192022,0.9238804444120753,85.4
3839000,15356.00000129343,-1712683.3199460637,331325.9091444968,-1381357.410801567,300.5354473939787,1428.4328132192022,0.9238804444120753,85.4
3840000,15360.000001294246,-1712054.9546753708,330977.4178263144,-1381077.5368490564,300.2193417368832,1428.4328132192022,0.9238804444120753,85.4
3841000,15364.00000129506,-1711356.626775464,333783.66920244263,-1377572.9575730213,302.764805250444,1428.4328132192022,0.9238804444120753,85.4
3842000,15368.000001295875,-1714888.3170956764,330711.8890620624,-1384176.428033614,299.97848883719155,1428.4328132192022,0.9238804444120753,85.4
3843000,15372.00000129669,-1713524.5218866803,331890.46507635806,-1381634.0568103222,301.0475385552131,1428.4328132192022,0.9238804444120753,85.4
3844000,15376.000001297505,-1710564.6595440134,332603.10219485254,-1377961.5573491608,301.69394956420814,1428.4328132192022,0.9238804444120753,85.4
3845000,15380.00000129832,-1711408.49981796,331526.4652870477,-1379882.0345309123,300.71736564536076,1428.4328132192022,0.9238804444120753,85.4
3846000,15384.000001299135,-1712894.307580363,330881.4074373893,-1382012.9001429738,300.1322536933778,1428.4328132192022,0.9238804444120753,85.4
3847000,15388.00000129995,-1711500.8182956,333818.2664802937,-1377682.5518153063,302.79618736723785,1428.4328132192022,0.9238804444120753,85.4
3848000,15392.000001300765,-1712718.3629317768,331712.31208557164,-1381006.050846205,300.88594150737333,1428.4328132192022,0.9238804444120753,85.4
3849000,15396.00000130158,-1709422.2673688233,332827.37713096634,-1376594.890237857,301.8973823969687,1428.4328132192022,0.9238804444120753,85.4
3850000,15400.000001302395,-1709504.3488529213,333776.9477144809,-1375727.4011384402,302.7587083973578,1428.4328132192022,0.9238804444120753,85.4
3851000,15404.00000130321,-1711409.25305132,333039.38052641705,-1378369.8725249032,302.0896840961184,1428.4328132192022,0.9238804444120753,85.4
3852000,15408.000001304024,-1711762.7064069975,331814.16988401185,-1379948.5365229857,300.9783335545387,1428.4328132192022,0.9238804444120753,85.4
3853000,15412.00000130484,-1711776.6510269586,333317.2625949438,-1378459.3884320147,302.341742294655,1428.4328132192022,0.9238804444120753,85.4
3854000,15416.000001305654,-1711428.4842499122,331230.2867545274,-1380198.1974953848,300.4487112922819,1428.4328132192022,0.9238804444120753,85.4
3855000,15420.00000130647,-1714146.0121312551,332502.14481199445,-1381643.8673192607,301.6023742560672,1428.4328132192022,0.9238804444120753,85.4
3856000,15424.000001307284,-1711477.2634536736,332103.7648451707,-1379373.4986085028,301.2410161543984,1428.4328132192022,0.9238804444120753,85.4
3857000,15428.000001308099,-1712977.2521521319,331457.73563175905,-1381519.5165203728,300.6550231085071,1428.4328132192022,0.9238804444120753,85.4
3858000,15432.000001308914,-1711260.1226896364,332875.8252442599,-1378384.2974453764,301.9413281766443,1428.4328132192022,0.9238804444120753,85.4
3859000,15436.000001309729,-1711402.6315208282,333385.6240446103,-1378017.007476218,302.40375084361835,1428.4328132192022,0.9238804444120753,85.4
3860000,15440.000001310544,-1712505.9599512052,331261.24819124443,-1381244.7117599607,300.4767954504443,1428.4328132192022,0.9238804444120753,85.4
3861000,15444.000001311359,-1713097.6100205928,331017.84647193894,-1382079.7635486538,300.2560133063711,1428.4328132192022,0.9238804444120753,85.4
3862000,15448.000001312173,-1714502.0477013253,331626.8816854307,-1382875.1660158946,300.80845024327726,1428.4328132192022,0.9238804444120753,85.4
3863000,15452.000001312988,-1710775.5598506927,332247.3073923457,-1378528.252458347,301.37121914319175,1428.4328132192022,0.9238804444120753,85.4
3864000,15456.000001313803,-1714912.4036246873,331115.6674068772,-1383796.73621781,300.3447436399634,1428.4328132192022,0.9238804444120753,85.4
3865000,15460.000001314618,-1712655.0260621645,332432.67295924906,-1380222.3531029155,301.53935849493934,1428.4328132192022,0.9238804444120753,85.4
3866000,15464.000001315433,-1712482.4568387065,330786.1958545635,-1381696.260984143,300.04589022208893,1428.4328132192022,0.9238804444120753,85.4
3867000,15468.000001316248,-1713284.1203572191,333604.7769160138,-1379679.3434412053,302.6025376104758,1428.4328132192022,0.9238804444120753,85.4
3868000,15472.000001317063,-1712073.6160497963,329792.7348231489,-1382280.8812266474,299.14475255882684,1428.4328132192022,0.9238804444120753,85.4
3869000,15476.000001317878,-1712315.13124175,330978.3840562562,-1381336.7471854938,300.22021817407045,1428.4328132192022,0.9238804444120753,85.4
3870000,15480.000001318693,-1710938.7335671503,332640.0042156845,-1378298.7293514658,301.72742224181764,1428.4328132192022,0.9238804444120753,85.4
3871000,15484.000001319508,-1713451.6670843754,332287.3686439074,-1381164.298440468,301.4075574609296,1428.4328132192022,0.9238804444120753,85.4
3872000,15488.000001320323,-1713145.9383842852,331022.1829808042,-1382123.755403481,300.2599468189518,1428.4328132192022,0.9238804444120753,85.4
3873000,15492.000001321137,-1711880.3530730363,332906.55973960715,-1378973.7933334291,301.96920648333463,1428.4328132192022,0.9238804444120753,85.4
3874000,15496.000001321952,-1713336.2238682602,331151.60356432287,-1382184.6203039372,300.3773402128769,1428.4328132192022,0.9238804444120753,85.4
3875000,15500.000001322767,-1712198.59491943,332393.7108975298,-1379804.8840219004,301.5040172181873,1428.4328132192022,0.9238804444120753,85.4
3876000,15504.000001323582,-1711631.2097896822,330827.4444764924,-1380803.7653131897,300.08330556662935,1428.4328132192022,0.9238804444120753,85.4
3877000,15508.000001324397,-1715541.9232241362,331259.5669977408,-1384282.3562263953,300.4752704920037,1428.4328132192022,0.9238804444120753,85.4
3878000,15512.000001325212,-1713090.1546018738,331757.25150357187,-1381332.903098302,300.9267046584629,1428.4328132192022,0.9238804444120753,85.4
3879000,15516.000001326027,-1712021.784801377,331656.29313236626,-1380365.4916690108,300.8351284538226,1428.4328132192022,0.9238804444120753,85.4
3880000,15520.000001326842,-1712222.194588257,331129.4039177024,-1381092.7906705546,300.3572036025336,1428.4328132192022,0.9238804444120753,85.4
3881000,15524.000001327657,-1713948.4490506742,330178.7803249884,-1383769.6687256857,299.4949224501865,1428.4328132192022,0.9238804444120753,85.4
3882000,15528.000001328472,-1711226.1202572659,330949.248037258,-1380276.872220008,300.19378979565744,1428.4328132192022,0.9238804444120753,85.4
3883000,15532.000001329287,-1712019.739659138,332186.90836280235,-1379832.8312963357,301.3164330583581,1428.4328132192022,0.9238804444120753,85.4
3884000,15536.000001330101,-1712277.4272078145,329467.6719724713,-1382809.7552353432,298.8498981373546,1428.4328132192022,0.9238804444120753,85.4
3885000,15540.000001330916,-1713546.9492162336,332435.6400290714,-1381111.3091871622,301.5420498318735,1428.4328132192022,0.9238804444120753,85.4
3886000,15544.000001331731,-1715749.6872308329,332133.9078363342,-1383615.7793944986,301.26835792600474,1428.4328132192022,0.9238804444120753,85.4
3887000,15548.000001332546,-1711005.1086896062,332023.3297291847,-1378981.7789604214,301.16805595749895,1428.4328132192022,0.9238804444120753,85.4
3888000,15552.000001333361,-1711662.9398352746,331056.87787745777,-1380606.0619578168,300.29141748273116,1428.4328132192022,0.9238804444120753,85.4
3889000,15556.000001334176,-1714831.9058354124,332552.0872792578,-1382279.8185561546,301.64767551784206,1428.4328132192022,0.9238804444120753,85.4
3890000,15560.00000133499,-1714133.7608399969,332882.77934862196,-1381250.9814913748,301.94763602884655,1428.4328132192022,0.9238804444120753,85.4
3891000,15564.000001335806,-1712374.661998717,332752.09108832036,-1379622.5709103968,301.82909276466205,1428.4328132192022,0.9238804444120753,85.4
3892000,15568.00000133662,-1713186.6053502932,331361.81428989134,-1381824.7910604018,300.56801583682324,1428.4328132192022,0.9238804444120753,85.4
3893000,15572.000001337436,-1713529.014127111,333487.5861219444,-1380041.4280051666,302.49623747893145,1428.4328132192022,0.9238804444120753,85.4
3894000,15576.00000133825,-1711302.7622022051,331242.0828286931,-1380060.679373512,300.45941114499203,1428.4328132192022,0.9238804444120753,85.4
3895000,15580.000001339065,-1713921.640055662,331419.641370842,-1382501.99868482,300.6204689869251,1428.4328132192022,0.9238804444120753,85.4
3896000,15584.00000133988,-1714605.460259894,332318.97909820674,-1382286.481161687,301.4362303227945,1428.4328132192022,0.9238804444120753,85.4
3897000,15588.000001340695,-1712847.819950169,333195.06049414125,-1379652.7594560278,302.23089656233054,1428.4328132192022,0.9238804444120753,85.4
3898000,15592.00000134151,-1711597.6502950136,330559.4661426556,-1381038.184152358,299.84023073840507,1428.4328132192022,0.9238804444120753,85.4
3899000,15596.000001342325,-1711688.9269903116,333293.6100421739,-1378395.3169481377,302.32028779824367,1428.4328132192022,0.9238804444120753,85.4
3900000,15600.00000134314,-1711256.4037060328,331010.31193509675,-1380246.091770936,300.2491789618834,1428.4328132192022,0.9238804444120753,85.4
3901000,15604.000001343955,-1712313.6993404888,333086.4990504906,-1379227.2002899982,302.13242384668473,1428.4328132192022,0.9238804444120753,85.4
3902000,15608.00000134477,-1712412.5708158799,332214.43962178624,-1380198.1311940937,301.341405808776,1428.4328132192022,0.9238804444120753,85.4
3903000,15612.000001345585,-1711387.9050078709,332336.41593397805,-1379051.4890738928,301.4520467352604,1428.4328132192022,0.9238804444120753,85.4
3904000,15616.0000013464,-1711699.2335783876,331752.1801583399,-1379947.0534200477,300.9221045986242,1428.4328132192022,0.9238804444120753,85.4
3905000,15620.000001347214,-1713360.809157757,333883.257653903,-1379477.551503854,302.8551388434075,1428.4328132192022,0.9238804444120753,85.4
3906000,15624.00000134803,-1714792.4398554172,331175.1583235642,-1383617.2815318531,300.3987060038141,1428.4328132192022,0.9238804444120753,85.4
3907000,15628.000001348844,-1713961.299243372,331214.1159305516,-1382747.1833128203,300.4340432398171,1428.4328132192022,0.9238804444120753,85.4
3908000,15632.00000134966,-1711541.820736669,331805.49209319655,-1379736.3286434724,300.97046219986015,1428.4328132192022,0.9238804444120753,85.4
3909000,15636.000001350474,-1711287.310897451,332413.72155934403,-1378873.5893381068,301.52216826836184,1428.4328132192022,0.9238804444120753,85.4
3910000,15640.000001351289,-1712931.8146700095,331508.6199281926,-1381423.194741817,300.70117867428667,1428.4328132192022,0.9238804444120753,85.4
3911000,15644.000001352104,-1711425.689970553,332499.3773792621,-1378926.3125912908,301.59986400374044,1428.4328132192022,0.9238804444120753,85.4
3912000,15648.000001352919,-1712377.4039495494,332267.6498749978,-1380109.7540745516,301.38967117774814,1428.4328132192022,0.9238804444120753,85.4
3913000,15652.000001353734,-1713059.742490178,331993.43233552785,-1381066.3101546501,301.1409369597672,1428.4328132192022,0.9238804444120753,85.4
3914000,15656.000001354549,-1712360.971304195,333352.3504943785,-1379008.6208098165,302.37356943905775,1428.4328132192022,0.9238804444120753,85.4
3915000,15660.000001355364,-1710843.3646245375,331179.3719506244,-1379663.992673913,300.4025280541238,1428.4328132192022,0.9238804444120753,85.4
3916000,15664.000001356178,-1711499.1272546537,331150.494621258,-1380348.6326333957,300.3763343250458,1428.4328132192022,0.9238804444120753,85.4
3917000,15668.000001356993,-1710382.101757504,332324.5484007706,-1378057.5533567334,301.44128206427166,1428.4328132192022,0.9238804444120753,85.4
3918000,15672.000001357808,-1711625.2891539466,331350.7937121468,-1380274.4954417998,300.5580194128444,1428.4328132192022,0.9238804444120753,85.4
3919000,15676.000001358623,-1712835.8027650453,331426.69876051974,-1381409.1040045256,300.62687052603115,1428.4328132192022,0.9238804444120753,85.4
3920000,15680.000001359438,-1712818.8033222053,331482.43346105976,-1381336.3698611455,300.67742574281283,1428.4328132192022,0.9238804444120753,85.4
3921000,15684.000001360253,-1712633.1669533793,331935.2616271892,-1380697.9053261902,301.08817211592833,1428.4328132192022,0.9238804444120753,85.4
3922000,15688.000001361068,-1710428.0869357064,330983.5451863558,-1379444.5417493507,300.2248996749756,1428.4328132192022,0.9238804444120753,85.4
3923000,15692.000001361883,-1713455.4945567641,332493.3593542394,-1380962.1352025247,301.59440524004975,1428.4328132192022,0.9238804444120753,85.4
3924000,15696.000001362698,-1712408.751536416,332764.6890922961,-1379644.0624441197,301.84052002300984,1428.4328132192022,0.9238804444120753,85.4
3925000,15700.000001363513,-1711950.286418371,331998.6097010871,-1379951.6767172837,301.1456331873538,1428.4328132192022,0.9238804444120753,85.4
3926000,15704.000001364328,-1710693.0457703527,333585.44260778284,-1377107.60316257,302.58500005964174,1428.4328132192022,0.9238804444120753,85.4
3927000,15708.000001365142,-1715062.9440334216,330031.01129107096,-1385031.9327423507,299.3608857464647,1428.4328132192022,0.9238804444120753,85.4
3928000,15712.000001365957,-1713266.7170989458,331466.20375605463,-1381800.5133428911,300.66270428119395,1428.4328132192022,0.9238804444120753,85.4
3929000,15716.000001366772,-1714148.570771668,332524.52249371604,-1381624.048277952,301.6226723565243,1428.4328132192022,0.9238804444120753,85.4
3930000,15720.000001367587,-1712683.386224784,332588.1850175365,-1380095.2012072476,301.68041865571354,1428.4328132192022,0.9238804444120753,85.4
3931000,15724.000001368402,-1713258.3884382322,332671.7732714122,-1380586.6151668201,301.75623896611506,1428.4328132192022,0.9238804444120753,85.4
3932000,15728.000001369217,-1713501.2941979691,331019.5871429937,-1382481.7070549754,300.2575922150521,1428.4328132192022,0.9238804444120753,85.4
3933000,15732.000001370032,-1711672.6255649067,331943.3547486554,-1379729.2708162514,301.09551313518915,1428.4328132192022,0.9238804444120753,85.4
3934000,15736.000001370847,-1712653.0749626271,331662.85400853545,-1380990.2209540918,300.8410796209374,1428.4328132192022,0.9238804444120753,85.4
3935000,15740.000001371662,-1714585.5026112385,331813.1399869253,-1382772.3626243132,300.97739936686094,1428.4328132192022,0.9238804444120753,85.4
3936000,15744.000001372477,-1712679.65850834,331947.9508594227,-1380731.707648917,301.0996821245969,1428.4328132192022,0.9238804444120753,85.4
3937000,15748.000001373292,-1713872.0256479997,332468.76890456333,-1381403.2567434364,301.5721000064684,1428.4328132192022,0.9238804444120753,85.4
3938000,15752.000001374106,-1714380.4207336903,329843.0524987495,-1384537.3682349408,299.19039416043745,1428.4328132192022,0.9238804444120753,85.4
3939000,15756.000001374921,-1715201.1545226164,331444.72339742916,-1383756.4311251873,300.64322011466334,1428.4328132192022,0.9238804444120753,85.4
3940000,15760.000001375736,-1714192.6535433643,330950.9746573854,-1383241.6788859789,300.1953559591784,1428.4328132192022,0.9238804444120753,85.4
3941000,15764.000001376551,-1715048.5166432094,332382.0556873849,-1382666.4609558245,301.4934451388579,1428.4328132192022,0.9238804444120753,85.4
3942000,15768.000001377366,-1711269.492876105,332659.3898008774,-1378610.1030752277,301.7450063043922,1428.4328132192022,0.9238804444120753,85.4
3943000,15772.000001378181,-1711537.7194447797,333001.43475322315,-1378536.2846915566,302.0552646631408,1428.4328132192022,0.9238804444120753,85.4
3944000,15776.000001378996,-1712047.1534822974,332261.7148313108,-1379785.4386509866,301.3842876838512,1428.4328132192022,0.9238804444120753,85.4
3945000,15780.00000137981,-1712676.7615777906,333693.07481836755,-1378983.686759423,302.6826298968181,1428.4328132192022,0.9238804444120753,85.4
3946000,15784.000001380626,-1711242.1702693347,333242.8222384385,-1377999.3480308962,302.27421975799535,1428.4328132192022,0.9238804444120753,85.4
3947000,15788.00000138144,-1711545.0974834338,330075.51332112803,-1381469.5841623058,299.4012521565281,1428.4328132192022,0.9238804444120753,85.4
3948000,15792.000001382256,-1713834.370719742,330921.024249242,-1382913.3464705,300.1681888736515,1428.4328132192022,0.9238804444120753,85.4
3949000,15796.00000138307,-1711226.9404191691,331724.39387703105,-1379502.546542138,300.89690052537156,1428.4328132192022,0.9238804444120753,85.4
3950000,15800.000001383885,-1711873.9223331679,331180.5057505168,-1380693.416582651,300.40355648881155,1428.4328132192022,0.9238804444120753,85.4
3951000,15804.0000013847,-1712793.2540333215,332302.7034033735,-1380490.550629948,301.42146714523017,1428.4328132192022,0.9238804444120753,85.4
3952000,15808.000001385515,-1712988.595961988,331187.8350803952,-1381800.7608815928,300.4102046964323,1428.4328132192022,0.9238804444120753,85.4
3953000,15812.00000138633,-1714472.6757243834,332880.05394845194,-1381592.6217759314,301.9451639029523,1428.4328132192022,0.9238804444120753,85.4
3954000,15816.000001387145,-1713306.381890852,331825.1121276086,-1381481.2697632434,300.9882589240438,1428.4328132192022,0.9238804444120753,85.4
3955000,15820.00000138796,-1710127.8423053715,331403.9510623183,-1378723.8912430531,300.60623679511104,1428.4328132192022,0.9238804444120753,85.4
3956000,15824.000001388775,-1710629.8921358902,330737.4582870388,-1379892.4338488514,300.00168188746534,1428.4328132192022,0.9238804444120753,85.4
3957000,15828.00000138959,-1713594.0472352337,330662.1464546319,-1382931.900780602,299.93336886206714,1428.4328132192022,0.9238804444120753,85.4
3958000,15832.000001390405,-1711729.8449840676,333083.29605692474,-1378646.5489271428,302.1295185106462,1428.4328132192022,0.9238804444120753,85.4
3959000,15836.00000139122,-1712720.4525472205,331959.1740808554,-1380761.278466365,301.10986236037496,1428.4328132192022,0.9238804444120753,85.4
3960000,15840.000001392034,-1710903.6741048116,330317.86446916487,-1380585.8096356466,299.6210813600146,1428.4328132192022,0.9238804444120753,85.4
3961000,15844.00000139285,-1711838.8554574922,331110.06676017423,-1380728.788697318,300.3396634671905,1428.4328132192022,0.9238804444120753,85.4
3962000,15848.000001393664,-1711404.5603625812,333348.72551430966,-1378055.8348482715,302.3702813321614,1428.4328132192022,0.9238804444120753,85.4
3963000,15852.00000139448,-1711389.2432695813,332003.6727498602,-1379385.5705197211,301.15022572173217,1428.4328132192022,0.9238804444120753,85.4
3964000,15856.000001395294,-1711302.3059903607,332634.72696232866,-1378667.579028032,301.72263540911143,1428.4328132192022,0.9238804444120753,85.4
3965000,15860.000001396109,-1712028.4907754567,332172.27453776007,-1379856.2162376966,301.3031591699154,1428.4328132192022,0.9238804444120753,85.4
3966000,15864.000001396924,-1711967.5836879723,331625.75208772457,-1380341.8316002476,300.80742562026217,1428.4328132192022,0.9238804444120753,85.4
3967000,15868.000001397739,-1712128.1925325524,333524.9692027123,-1378603.2233298402,302.5301465110761,1428.4328132192022,0.9238804444120753,85.4
3968000,15872.000001398554,-1712424.8860112783,330898.2183221113,-1381526.667689167,300.14750232507714,1428.4328132192022,0.9238804444120753,85.4
3969000,15876.000001399369,-1711060.1019549146,330116.9262467687,-1380943.1757081458,299.4388165358651,1428.4328132192022,0.9238804444120753,85.4
3970000,15880.000001400183,-1711855.9393586814,332789.95694956573,-1379065.9824091156,301.8634397119917,1428.4328132192022,0.9238804444120753,85.4
3971000,15884.000001400998,-1712340.8800868317,331523.5782866406,-1380817.3018001912,300.7147469369078,1428.4328132192022,0.9238804444120753,85.4
3972000,15888.000001401813,-1711767.5512591414,332417.3019992436,-1379350.2492598977,301.5254159742532,1428.4328132192022,0.9238804444120753,85.4
3973000,15892.000001402628,-1711127.9077015482,330484.1611778182,-1380643.74652373,299.771923942366,1428.4328132192022,0.9238804444120753,85.4
3974000,15896.000001403443,-1713512.080406636,331135.24187056546,-1382376.8385360707,300.362499028358,1428.4328132192022,0.9238804444120753,85.4
3975000,15900.000001404258,-1713926.125075072,330023.7788625852,-1383902.3462124867,299.3543254350893,1428.4328132192022,0.9238804444120753,85.4
3976000,15904.000001405073,-1711580.5968707819,331323.1382007507,-1380257.4586700313,300.5329339569203,1428.4328132192022,0.9238804444120753,85.4
3977000,15908.000001405888,-1711382.6189023033,331192.4942783748,-1380190.1246239285,300.41443091029197,1428.4328132192022,0.9238804444120753,85.4
3978000,15912.000001406703,-1711831.7150909305,331186.4819748132,-1380645.2331161173,300.40897733636103,1428.4328132192022,0.9238804444120753,85.4
3979000,15916.000001407518,-1711564.9421232976,330748.3542295694,-1380816.5878937282,300.0115652587105,1428.4328132192022,0.9238804444120753,85.4
3980000,15920.000001408333,-1713084.3951018974,331651.8759905084,-1381432.519111389,300.8311218015572,1428.4328132192022,0.9238804444120753,85.4
3981000,15924.000001409147,-1713603.2815858368,334356.7572246624,-1379246.5243611743,303.28463560599533,1428.4328132192022,0.9238804444120753,85.4
3982000,15928.000001409962,-1711606.8109757192,332120.7688175889,-1379486.0421581303,301.2564399299533,1428.4328132192022,0.9238804444120753,85.4
3983000,15932.000001410777,-1710741.9447776955,332553.6135774494,-1378188.331200246,301.6490599755534,1428.4328132192022,0.9238804444120753,85.4
3984000,15936.000001411592,-1712314.1447430067,331987.1838021442,-1380326.9609408625,301.1352691090975,1428.4328132192022,0.9238804444120753,85.4
3985000,15940.000001412407,-1713015.0940608736,333237.11789209035,-1379777.9761687834,302.26904552249334,1428.4328132192022,0.9238804444120753,85.4
3986000,15944.000001413222,-1712703.172197286,332448.97253970965,-1380254.1996575764,301.5541433384148,1428.4328132192022,0.9238804444120753,85.4
3987000,15948.000001414037,-1713212.9889580272,331233.09089131333,-1381979.898066714,300.45125483771636,1428.4328132192022,0.9238804444120753,85.4
3988000,15952.000001414852,-1712051.097377181,330715.89900337893,-1381335.198373802,299.98212613048594,1428.4328132192022,0.9238804444120753,85.4
3989000,15956.000001415667,-1712496.5133800823,332653.9653273,-1379842.5480527822,301.7400859327929,1428.4328132192022,0.9238804444120753,85.4
3990000,15960.000001416482,-1713193.9070109539,331725.5537208646,-1381468.3532900894,300.8979525837098,1428.4328132192022,0.9238804444120753,85.4
3991000,15964.000001417297,-1713160.146362871,330269.065129381,-1382891.0812334898,299.5768169936922,1428.4328132192022,0.9238804444120753,85.4
3992000,15968.000001418111,-1712618.317777088,330674.68671959866,-1381943.6310574892,299.94474374715224,1428.4328132192022,0.9238804444120753,85.4
3993000,15972.000001418926,-1710280.065061763,332442.87310187327,-1377837.1919598896,301.54861072768796,1428.4328132192022,0.9238804444120753,85.4
3994000,15976.000001419741,-1711355.8030461036,332202.928166754,-1379152.8748793495,301.33096412524696,1428.4328132192022,0.9238804444120753,85.4
3995000,15980.000001420556,-1711713.6965467501,330903.0582530789,-1380810.6382936712,300.1518924762201,1428.4328132192022,0.9238804444120753,85.4
3996000,15984.000001421371,-1715737.8139969464,331817.275794144,-1383920.5382028024,300.9811508292081,1428.4328132192022,0.9238804444120753,85.4
3997000,15988.000001422186,-1712761.8487899508,332607.3857337052,-1380154.4630562456,301.6978350293347,1428.4328132192022,0.9238804444120753,85.4
3998000,15992.000001423,-1714028.0161141977,332568.0528351783,-1381459.9632790193,301.66215737802577,1428.4328132192022,0.9238804444120753,85.4
3999000,15996.000001423816,-1712647.6105692144,332135.76174285356,-1380511.848826361,301.2700395470608,1428.4328132192022,0.9238804444120753,85.4
4000000,16000.00000142463,-1713325.690010121,330889.6083643925,-1382436.0816457286,300.1396924996948,1428.4328132192022,0.9238804444120753,85.4
4001000,16004.000001425446,-1712169.9910955224,332193.15004418476,-1379976.8410513378,301.3220946937901,1428.4328132192022,0.9238804444120753,85.4
4002000,16008.00000142626,-1715504.0269622523,332352.8966582653,-1383151.130303987,301.46699588867807,1428.4328132192022,0.9238804444120753,85.4
4003000,16012.000001427075,-1713895.4216343854,330907.40336291725,-1382988.018271468,300.15583379047655,1428.4328132192022,0.9238804444120753,85.4
4004000,16016.00000142789,-1712453.0096614156,332716.05261213356,-1379736.957049282,301.7964033815946,1428.4328132192022,0.9238804444120753,85.4
4005000,16020.000001428705,-1712443.8407382797,332702.46690993116,-1379741.3738283487,301.7840802128448,1428.4328132192022,0.9238804444120753,85.4
4006000,16024.00000142952,-1712613.2064973898,332908.46752019715,-1379704.7389771927,301.9709369718878,1428.4328132192022,0.9238804444120753,85.4
4007000,16028.000001430335,-1715219.525935294,331603.68331516173,-1383615.8426201325,300.7874077217141,1428.4328132192022,0.9238804444120753,85.4
4008000,16032.00000143115,-1713513.6977096405,330448.8748249002,-1383064.8228847403,299.73991678696876,1428.4328132192022,0.9238804444120753,85.4
4009000,16036.000001431965,-1711660.9897109848,332101.2057987748,-1379559.78391221,301.23869492284877,1428.4328132192022,0.9238804444120753,85.4
4010000,16040.00000143278,-1713466.6096340474,331958.4400108926,-1381508.1696231547,301.1091965082982,1428.4328132192022,0.9238804444120753,85.4
4011000,16044.000001433595,-1712750.777244892,332700.6069850708,-1380050.1702598212,301.78239313273855,1428.4328132192022,0.9238804444120753,85.4
4012000,16048.00000143441,-1714490.4830782078,331422.71872446185,-1383067.764353746,300.6232603588686,1428.4328132192022,0.9238804444120753,85.4
4013000,16052.000001435224,-1714071.3591324035,331597.2405650891,-1382474.1185673145,300.78156370311467,1428.4328132192022,0.9238804444120753,85.4
4014000,16056.00000143604,-1712884.1937701255,332255.9408385897,-1380628.2529315357,301.3790502742862,1428.4328132192022,0.9238804444120753,85.4
4015000,16060.000001436854,-1711152.4634398874,333052.13281355053,-1378100.3306263369,302.10125129992946,1428.4328132192022,0.9238804444120753,85.4
4016000,16064.00000143767,-1713776.7195640896,331852.3027619511,-1381924.4168021386,301.01292270442286,1428.4328132192022,0.9238804444120753,85.4
4017000,16068.000001438484,-1711514.4830076676,329951.24941183656,-1381563.233595831,299.2885362217246,1428.4328132192022,0.9238804444120753,85.4
4018000,16072.000001439299,-1713172.670817623,332775.65270176495,-1380397.018115858,301.85046477283424,1428.4328132192022,0.9238804444120753,85.4
4019000,16076.000001440114,-1712377.2806176879,332260.01602086384,-1380117.264596824,301.382746745628,1428.4328132192022,0.9238804444120753,85.4
4020000,16080.000001440929,-1711568.4217393342,331134.5921913991,-1380433.8295479352,300.361909724553,1428.4328132192022,0.9238804444120753,85.3
4021000,16084.000001441744,-1712805.492842462,331048.4730781829,-1381757.019764279,300.2837937502049,1428.4328132192022,0.9238804444120753,85.3
4022000,16088.000001442559,-1712446.7774353083,331148.9441401559,-1381297.8332951525,300.37492793176705,1428.4328132192022,0.9238804444120753,85.3
4023000,16092.000001443374,-1710448.3642023392,333508.02689835127,-1376940.337303988,302.5147786727016,1428.4328132192022,0.9238804444120753,85.3
4024000,16096.000001444188,-1714469.1130126435,333183.5570973327,-1381285.5559153107,302.22046218816604,1428.4328132192022,0.9238804444120753,85.3
4025000,16100.000001445003,-1714335.7394641656,330309.14857012656,-1384026.590894039,299.61317543854994,1428.4328132192022,0.9238804444120753,85.3
4026000,16104.000001445818,-1713184.385117285,333437.89460256643,-1379746.4905147185,302.4511638441936,1428.4328132192022,0.9238804444120753,85.3
4027000,16108.000001446633,-1710074.0369255748,331042.66362021316,-1379031.3733053617,300.27852417121375,1428.4328132192022,0.9238804444120753,85.3
4028000,16112.000001447448,-1712447.7502463367,330508.8429937016,-1381938.907252635,299.7943120513978,1428.4328132192022,0.9238804444120753,85.3
4029000,16116.000001448263,-1712244.9625104088,331170.0369341851,-1381074.9255762238,300.3940605504829,1428.4328132192022,0.9238804444120753,85.3
4030000,16120.000001449078,-1713778.530930318,332329.4295365449,-1381449.101393773,301.44570959101577,1428.4328132192022,0.9238804444120753,85.3
4031000,16124.000001449893,-1713270.3470518664,331057.6601171429,-1382212.6869347235,300.2921270280678,1428.4328132192022,0.9238804444120753,85.3
4032000,16128.000001450708,-1712916.4827785008,332571.81830538285,-1380344.6644731178,301.6655729191632,1428.4328132192022,0.9238804444120753,85.3
4033000,16132.000001451523,-1712216.2349345312,333377.98592857015,-1378838.249005961,302.3968225456555,1428.4328132192022,0.9238804444120753,85.3
4034000,16136.000001452338,-1711793.7768433802,331552.37762616377,-1380241.3992172163,300.74086992382,1428.4328132192022,0.9238804444120753,85.3
4035000,16140.000001453152,-1711730.4864807222,330688.25852526387,-1381042.2279554582,299.95705431078443,1428.4328132192022,0.9238804444120753,85.3
4036000,16144.000001453967,-1712035.3915958032,332634.0502014797,-1379401.3413943234,301.7220215403529,1428.4328132192022,0.9238804444120753,85.3
4037000,16148.000001454782,-1711393.9679647684,331259.487952812,-1380134.4800119563,300.47519879280236,1428.4328132192022,0.9238804444120753,85.3
4038000,16152.000001455597,-1714138.5133878607,329139.80291303963,-1384998.710474821,298.55249829102996,1428.4328132192022,0.9238804444120753,85.3
4039000,16156.000001456412,-1709970.2396841645,332233.00002864364,-1377737.2396555208,301.35824137769697,1428.4328132192022,0.9238804444120753,85.3
4040000,16160.000001457227,-1711462.214555597,330091.0271149954,-1381371.1874406016,299.41532423737664,1428.4328132192022,0.9238804444120753,85.3
4041000,16164.000001458042,-1711453.9218463283,331413.5236359952,-1380040.3982103332,300.61491977954813,1428.4328132192022,0.9238804444120753,85.3
4042000,16168.000001458857,-1711835.4835387766,330633.8909386685,-1381201.5926001081,299.90773916062506,1428.4328132192022,0.9238804444120753,85.3
4043000,16172.000001459672,-1713614.7213204913,330017.97391355294,-1383596.7474069383,299.3490599460154,1428.4328132192022,0.9238804444120753,85.3
4044000,16176.000001460487,-1712541.4411615469,331121.95663621894,-1381419.484525328,300.35044840467333,1428.4328132192022,0.9238804444120753,85.3
4045000,16180.000001461302,-1710897.6996014938,331878.00797504,-1379019.6916264538,301.0362391052923,1428.4328132192022,0.9238804444120753,85.3
4046000,16184.000001462116,-1711758.8906136602,332609.38217196893,-1379149.5084416913,301.69964593651173,1428.4328132192022,0.9238804444120753,85.3
4047000,16188.000001462931,-1712654.5068828706,331770.92377122294,-1380883.5831116475,300.939106348044,1428.4328132192022,0.9238804444120753,85.3
4048000,16192.000001463746,-1709020.6621697154,329833.8389562909,-1379186.8232134245,299.1820368420737,1428.4328132192022,0.9238804444120753,85.3
4049000,16196.000001464561,-1713650.9657087922,331733.6726364431,-1381917.2930723492,300.90531700000935,1428.4328132192022,0.9238804444120753,85.3
4050000,16200.000001465376,-1710889.2333946116,332816.8836968306,-1378072.349697781,301.88786412859406,1428.4328132192022,0.9238804444120753,85.3
4051000,16204.000001466191,-1710889.14148424,332550.3971239613,-1378338.7443602788,301.64614243043724,1428.4328132192022,0.9238804444120753,85.3
4052000,16208.000001467006,-1713693.723635653,330523.8446574214,-1383169.8789782317,299.8079195948868,1428.4328132192022,0.9238804444120753,85.3
4053000,16212.00000146782,-1713493.2481118534,332421.1287509466,-1381072.1193609068,301.52888710193554,1428.4328132192022,0.9238804444120753,85.3
4054000,16216.000001468636,-1712523.0264905319,331659.11199202365,-1380863.9144985082,300.8376853539167,1428.4328132192022,0.9238804444120753,85.3
4055000,16220.00000146945,-1711938.4462568723,331922.3054994639,-1380016.1407574085,301.07642001464393,1428.4328132192022,0.9238804444120753,85.3
4056000,16224.000001470265,-1712105.1469859648,332889.9646565201,-1379215.1823294447,301.9541535985996,1428.4328132192022,0.9238804444120753,85.3
4057000,16228.00000147108,-1714238.0429305919,330844.02849059843,-1383394.0144399935,300.0983484110353,1428.4328132192022,0.9238804444120753,85.3
4058000,16232.000001471895,-1713911.6183610652,331816.0006524103,-1382095.6177086548,300.97999418772355,1428.4328132192022,0.9238804444120753,85.3
4059000,16236.00000147271,-1713155.1329820175,332233.4987184119,-1380921.6342636056,301.35869372370576,1428.4328132192022,0.9238804444120753,85.3
4060000,16240.000001473525,-1714615.8443618733,331521.3062042981,-1383094.5381575753,300.7126860015433,1428.4328132192022,0.9238804444120753,85.3
4061000,16244.00000147434,-1713338.3217890225,330358.7744788574,-1382979.5473101651,299.6581895599063,1428.4328132192022,0.9238804444120753,85.3
4062000,16248.000001475155,-1712471.4939106721,331301.3096194137,-1381170.1842912585,300.5131339283774,1428.4328132192022,0.9238804444120753,85.3
4063000,16252.00000147597,-1713507.4751873799,331371.42876060563,-1382136.0464267742,300.57673682476246,1428.4328132192022,0.9238804444120753,85.3
4064000,16256.000001476785,-1713707.440836193,331893.7472090288,-1381813.6936271642,301.050515675877,1428.4328132192022,0.9238804444120753,85.3
4065000,16260.0000014776,-1711578.7832132075,330935.9106695107,-1380642.8725436968,300.1816918833833,1428.4328132192022,0.9238804444120753,85.3
4066000,16264.000001478415,-1710971.0528748035,332011.9828750211,-1378959.0699997824,301.15776357830845,1428.4328132192022,0.9238804444120753,85.3
4067000,16268.00000147923,-1712118.3564964514,331300.518504789,-1380817.8379916623,300.51241633285855,1428.4328132192022,0.9238804444120753,85.3
4068000,16272.000001480044,-1712660.9157476407,329810.6823301105,-1382850.23341753,299.1610321852776,1428.4328132192022,0.9238804444120753,85.3
4069000,16276.00000148086,-1712499.2542906217,331505.23622122075,-1380994.018069401,300.6981094187272,1428.4328132192022,0.9238804444120753,85.3
4070000,16280.000001481674,-1712449.3199682143,332876.1329327056,-1379573.1870355087,301.9416072712823,1428.4328132192022,0.9238804444120753,85.3
4071000,16284.00000148249,-1712096.3424250036,330860.86506975803,-1381235.4773552455,300.1136203493615,1428.4328132192022,0.9238804444120753,85.3
4072000,16288.000001483304,-1711932.0963255037,332097.54802103987,-1379834.5483044637,301.2353770662076,1428.4328132192022,0.9238804444120753,85.3
4073000,16292.000001484119,-1711503.30133673,331977.42126989306,-1379525.8800668367,301.12641381913437,1428.4328132192022,0.9238804444120753,85.3
4074000,16296.000001484934,-1712394.2314281613,333644.18532308436,-1378750.046105077,302.6382837532408,1428.4328132192022,0.9238804444120753,85.3
4075000,16300.000001485749,-1712078.0845885202,331764.54460913304,-1380313.539979387,300.93332000812984,1428.4328132192022,0.9238804444120753,85.3
4076000,16304.000001486564,-1714962.9653137308,332767.9993542631,-1382194.9659594677,301.8435226588853,1428.4328132192022,0.9238804444120753,85.3
4077000,16308.000001487379,-1712630.960910635,331045.81693677,-1381585.143973865,300.2813844467794,1428.4328132192022,0.9238804444120753,85.3
4078000,16312.000001488193,-1712841.255867608,332623.0494093004,-1380218.2064583076,301.7120430632461,1428.4328132192022,0.9238804444120753,85.3
4079000,16316.000001489008,-1713047.7580166757,331303.88039097365,-1381743.877625702,300.5154657954593,1428.4328132192022,0.9238804444120753,85.3
4080000,16320.000001489823,-1713450.1372032631,333153.81690082536,-1380296.3203024378,302.1934857790889,1428.4328132192022,0.9238804444120753,85.3
4081000,16324.000001490638,-1713900.1745937448,331525.4831630247,-1382374.69143072,300.7164747911459,1428.4328132192022,0.9238804444120753,85.3
4082000,16328.000001491453,-1709068.3942369688,331792.70437815733,-1377275.6898588114,300.95886286049557,1428.4328132192022,0.9238804444120753,85.3
4083000,16332.000001492268,-1713348.196790291,331753.29181990126,-1381594.9049703898,300.92311295231906,1428.4328132192022,0.9238804444120753,85.3
4084000,16336.000001493083,-1712302.7239426244,332354.76310961053,-1379947.960833014,301.4686888887562,1428.4328132192022,0.9238804444120753,85.3
4085000,16340.000001493898,-1713005.6609367263,331450.8426679721,-1381554.818268754,300.6487707150226,1428.4328132192022,0.9238804444120753,85.3
4086000,16344.000001494713,-1711384.9437212627,332330.2634596645,-1379054.6802615982,301.4464660167914,1428.4328132192022,0.9238804444120753,85.3
4087000,16348.000001495528,-1713144.5297582876,333010.34484524187,-1380134.1849130457,302.06334673103004,1428.4328132192022,0.9238804444120753,85.3
4088000,16352.000001496343,-1714076.56396739,331434.00538038404,-1382642.5585870058,300.633498134103,1428.4328132192022,0.9238804444120753,85.3
4089000,16356.000001497157,-1713964.0986173358,332309.48049957416,-1381654.6181177616,301.42761443882387,1428.4328132192022,0.9238804444120753,85.3
4090000,16360.000001497972,-1713248.2820780464,332068.2826457184,-1381179.999432328,301.20883135268923,1428.4328132192022,0.9238804444120753,85.3
4091000,16364.000001498787,-1713312.8886129204,330384.6264849722,-1382928.2621279482,299.6816391121729,1428.4328132192022,0.9238804444120753,85.3
4092000,16368.000001499602,-1713340.9932760801,331837.88540717406,-1381503.107868906,300.99984516943823,1428.4328132192022,0.9238804444120753,85.3
4093000,16372.000001500417,-1716917.49973673,331636.5145131497,-1385280.9852235804,300.8171878822855,1428.4328132192022,0.9238804444120753,85.3
4094000,16376.000001501232,-1711889.6188555565,333254.8328837984,-1378634.785971758,302.2851142415751,1428.4328132192022,0.9238804444120753,85.3
4095000,16380.000001502047,-1713825.0838468,329553.46870291344,-1384271.6151438865,298.92772168829555,1428.4328132192022,0.9238804444120753,85.3
4096000,16384.00000150286,-1711277.1791343763,332902.98437700124,-1378374.1947573752,301.9659633828988,1428.4328132192022,0.9238804444120753,85.3
4097000,16388.000001503675,-1712197.0978787448,332234.63999564684,-1379962.457883098,301.3597289408588,1428.4328132192022,0.9238804444120753,85.3
4098000,16392.00000150449,-1711651.1383621078,332670.3868736365,-1378980.7514884714,301.7549814077284,1428.4328132192022,0.9238804444120753,85.3
4099000,16396.000001505305,-1712357.892862713,330794.342590957,-1381563.550271756,300.0532798737861,1428.4328132192022,0.9238804444120753,85.3
4100000,16400.00000150612,-1713504.7149544507,331150.21528992226,-1382354.4996645285,300.37608095226193,1428.4328132192022,0.9238804444120753,85.3
4101000,16404.000001506934,-1712886.5763041154,332104.69825401634,-1380781.8780500991,301.241862820588,1428.4328132192022,0.9238804444120753,85.3
4102000,16408.00000150775,-1712395.5851020403,332633.2795742386,-1379762.3055278016,301.72132252830374,1428.4328132192022,0.9238804444120753,85.3
4103000,16412.000001508564,-1711387.2015085332,332032.786401341,-1379354.4151071922,301.1766338112645,1428.4328132192022,0.9238804444120753,85.3
4104000,16416.00000150938,-1712261.3088573422,331889.79118302953,-1380371.5176743127,301.0469272874933,1428.4328132192022,0.9238804444120753,85.3
4105000,16420.000001510194,-1711013.026077995,331540.7888700238,-1379472.2372079713,300.7303581228556,1428.4328132192022,0.9238804444120753,85.3
4106000,16424.00000151101,-1710200.37632332,333192.1637095575,-1377008.2126137624,302.2282689789546,1428.4328132192022,0.9238804444120753,85.3
4107000,16428.000001511824,-1712962.6431601308,332304.6255604953,-1380658.0175996355,301.4232106742891,1428.4328132192022,0.9238804444120753,85.3
4108000,16432.00000151264,-1715587.9906159155,332973.5977789278,-1382614.3928369877,302.03001460785373,1428.4328132192022,0.9238804444120753,85.3
4109000,16436.000001513454,-1714108.8098956738,333564.23776318505,-1380544.5721324887,302.5657658033333,1428.4328132192022,0.9238804444120753,85.3
4110000,16440.00000151427,-1714772.372523507,331166.08614395105,-1383606.2863795562,300.39047691129934,1428.4328132192022,0.9238804444120753,85.3
4111000,16444.000001515084,-1714902.8769157585,331649.25944255386,-1383253.6174732046,300.8287484121287,1428.4328132192022,0.9238804444120753,85.3
4112000,16448.0000015159,-1715245.8680916652,330561.1906456466,-1384684.6774460187,299.8417949815374,1428.4328132192022,0.9238804444120753,85.3
4113000,16452.000001516713,-1709353.8508142848,331512.1785509277,-1377841.672263357,300.7044065905054,1428.4328132192022,0.9238804444120753,85.3
4114000,16456.00000151753,-1711451.0334417708,330702.6404752631,-1380748.3929665077,299.9700997311942,1428.4328132192022,0.9238804444120753,85.3
4115000,16460.000001518343,-1711820.6685798448,332409.5168386289,-1379411.151741216,301.5183542967212,1428.4328132192022,0.9238804444120753,85.3
4116000,16464.000001519158,-1713382.3981669154,333139.0853873655,-1380243.31277955,302.18012328051503,1428.4328132192022,0.9238804444120753,85.3
4117000,16468.000001519973,-1714538.9966935534,332364.0203630093,-1382174.976330544,301.47708585595694,1428.4328132192022,0.9238804444120753,85.3
4118000,16472.000001520788,-1710844.0008950979,331444.22333711793,-1379399.7775579798,300.64276652547755,1428.4328132192022,0.9238804444120753,85.3
4119000,16476.000001521603,-1713054.923810048,333237.1390994183,-1379817.7847106298,302.2690647590022,1428.4328132192022,0.9238804444120753,85.3
4120000,16480.000001522418,-1714496.5610634275,331219.41265301406,-1383277.1484104134,300.4388477323456,1428.4328132192022,0.9238804444120753,85.3
4121000,16484.000001523233,-1714393.9520512465,331170.71965815255,-1383223.2323930939,300.3946798282011,1428.4328132192022,0.9238804444120753,85.3
4122000,16488.000001524048,-1713190.9896157142,333889.03536155383,-1379301.9542541604,302.86037962267,1428.4328132192022,0.9238804444120753,85.3
4123000,16492.000001524862,-1711260.0877104606,331480.6216556659,-1379779.4660547948,300.67578231038084,1428.4328132192022,0.9238804444120753,85.3
4124000,16496.000001525677,-1712104.947925292,332855.5265208447,-1379249.4214044472,301.9229158347334,1428.4328132192022,0.9238804444120753,85.3
4125000,16500.000001526492,-1711409.7617280763,332695.7919376505,-1378713.9697904259,301.7780255526889,1428.4328132192022,0.9238804444120753,85.3
4126000,16504.000001527307,-1712564.3272143528,331575.3805481411,-1380988.9466662118,300.7617351603047,1428.4328132192022,0.9238804444120753,85.3
4127000,16508.000001528122,-1713382.6689570006,332786.1855032545,-1380596.483453746,301.86001875011345,1428.4328132192022,0.9238804444120753,85.3
4128000,16512.000001528937,-1711362.913334949,331700.71048738953,-1379662.2028475595,300.8754180577912,1428.4328132192022,0.9238804444120753,85.3
4129000,16516.000001529752,-1714631.4002945814,332089.0803464833,-1382542.3199480982,301.2276963014651,1428.4328132192022,0.9238804444120753,85.3
4130000,16520.000001530567,-1713345.8920165338,332736.0444287576,-1380609.8475877761,301.81453733788203,1428.4328132192022,0.9238804444120753,85.3
4131000,16524.00000153138,-1712344.4804284163,332307.6217308492,-1380036.8586975671,301.4259284074121,1428.4328132192022,0.9238804444120753,85.3
4132000,16528.000001532197,-1711501.1928172577,332403.6810601414,-1379097.5117571163,301.5130608432054,1428.4328132192022,0.9238804444120753,85.3
4133000,16532.00000153301,-1711828.9864584208,331681.6331314788,-1380147.3533269418,300.85811358043077,1428.4328132192022,0.9238804444120753,85.3
4134000,16536.000001533826,-1713324.9314597808,332127.9228591628,-1381197.008600618,301.2629291389941,1428.4328132192022,0.9238804444120753,85.3
4135000,16540.00000153464,-1711579.9384819996,330945.8544752108,-1380634.0840067887,300.1907116008651,1428.4328132192022,0.9238804444120753,85.3
4136000,16544.000001535456,-1713323.027885275,333641.3857872455,-1379681.6420980294,302.6357443811827,1428.4328132192022,0.9238804444120753,85.3
4137000,16548.00000153627,-1712268.9707893785,332618.50962760544,-1379650.4611617732,301.70792516819137,1428.4328132192022,0.9238804444120753,85.3
4138000,16552.000001537086,-1713338.0430741683,330962.5299541227,-1382375.5131200454,300.2058374101573,1428.4328132192022,0.9238804444120753,85.3
4139000,16556.0000015379,-1713034.4842124637,329434.366253482,-1383600.1179589818,298.81968755351267,1428.4328132192022,0.9238804444120753,85.3
4140000,16560.000001538716,-1711883.0085874554,332319.5496438347,-1379563.4589436208,301.4367478470231,1428.4328132192022,0.9238804444120753,85.3
4141000,16564.00000153953,-1711604.8729208857,331882.84928017465,-1379722.023640711,301.04063050289943,1428.4328132192022,0.9238804444120753,85.3
4142000,16568.000001540346,-1714422.5023167338,331507.91101527464,-1382914.5913014591,300.70053564138436,1428.4328132192022,0.9238804444120753,85.3
4143000,16572.00000154116,-1713019.6939248536,333197.5888312283,-1379822.1050936254,302.2331899384193,1428.4328132192022,0.9238804444120753,85.3
4144000,16576.000001541976,-1713901.1280826963,331282.9573426944,-1382618.1707400018,300.49648714784405,1428.4328132192022,0.9238804444120753,85.3
4145000,16580.00000154279,-1712482.978439508,333926.16751717957,-1378556.8109223284,302.8940610484072,1428.4328132192022,0.9238804444120753,85.3
4146000,16584.000001543605,-1712444.1978202462,330302.52131465543,-1382141.6765055908,299.60716406083077,1428.4328132192022,0.9238804444120753,85.3
4147000,16588.00000154442,-1713855.928498691,332739.9725183512,-1381115.9559803398,301.81810038601935,1428.4328132192022,0.9238804444120753,85.3
4148000,16592.000001545235,-1712065.8422131445,331638.48465571215,-1380427.3575574323,300.81897493744816,1428.4328132192022,0.9238804444120753,85.3
4149000,16596.00000154605,-1713816.3097635414,331207.43214430957,-1382608.8776192318,300.4279805847904,1428.4328132192022,0.9238804444120753,85.3
4150000,16600.000001546865,-1713213.293642901,332473.6151023831,-1380739.6785405178,301.5764958420784,1428.4328132192022,0.9238804444120753,85.3
4151000,16604.00000154768,-1713997.3469972443,332800.859396851,-1381196.4876003934,301.8733289834979,1428.4328132192022,0.9238804444120753,85.3
4152000,16608.000001548495,-1712670.0331858788,332428.5832864542,-1380241.4498994246,301.53564887969594,1428.4328132192022,0.9238804444120753,85.3
4153000,16612.00000154931,-1711613.0983613022,333653.246545953,-1377959.8518153492,302.6465029072327,1428.4328132192022,0.9238804444120753,85.3
4154000,16616.000001550125,-1713141.991937818,332579.3298562231,-1380562.662081595,301.67238641376196,1428.4328132192022,0.9238804444120753,85.3
4155000,16620.00000155094,-1711093.2635778897,331315.8515658619,-1379777.4120120278,300.5263244765994,1428.4328132192022,0.9238804444120753,85.3
4156000,16624.000001551754,-1712315.788022181,334122.400463326,-1378193.387558855,303.07205786252854,1428.4328132192022,0.9238804444120753,85.3
4157000,16628.00000155257,-1711967.7542131506,330248.70225471753,-1381719.0519584331,299.55834646217534,1428.4328132192022,0.9238804444120753,85.3
4158000,16632.000001553384,-1713598.7733263075,333105.5945815046,-1380493.178744803,302.1497448101171,1428.4328132192022,0.9238804444120753,85.3
4159000,16636.0000015542,-1713764.453405913,330374.1266584053,-1383390.3267475078,299.6721150454224,1428.4328132192022,0.9238804444120753,85.3
4160000,16640.000001555014,-1710901.9851230104,331346.237985173,-1379555.7471378373,300.55388705432216,1428.4328132192022,0.9238804444120753,85.3
4161000,16644.00000155583,-1712926.0914435517,332030.5854393835,-1380895.5060041682,301.1746373869936,1428.4328132192022,0.9238804444120753,85.3
4162000,16648.000001556644,-1713277.1318606287,332160.4574614969,-1381116.674399132,301.2924402668546,1428.4328132192022,0.9238804444120753,85.3
4163000,16652.00000155746,-1711201.7042994946,332115.5965160041,-1379086.1077834906,301.25174829574075,1428.4328132192022,0.9238804444120753,85.3
4164000,16656.000001558274,-1714221.5929470174,331017.08830692415,-1383204.5046400933,300.2553255984206,1428.4328132192022,0.9238804444120753,85.3
4165000,16660.00000155909,-1715118.0548079647,330473.1713075595,-1384644.8835004051,299.7619553721943,1428.4328132192022,0.9238804444120753,85.3
4166000,16664.000001559903,-1714386.3027311396,331515.15919568547,-1382871.143535454,300.707110240842,1428.4328132192022,0.9238804444120753,85.3
4167000,16668.00000156072,-1714593.076198306,332655.35029366065,-1381937.7259046454,301.74134219278744,1428.4328132192022,0.9238804444120753,85.3
4168000,16672.000001561533,-1713250.7183799092,331504.58519238024,-1381746.133187529,300.6975188906748,1428.4328132192022,0.9238804444120753,85.3
4169000,16676.00000156235,-1711049.2054709978,331809.9498058096,-1379239.2556651882,300.9745056525983,1428.4328132192022,0.9238804444120753,85.3
4170000,16680.000001563163,-1712309.0499010775,332877.3771194431,-1379431.6727816344,301.9427358344507,1428.4328132192022,0.9238804444120753,85.3
4171000,16684.000001563978,-1714616.8256663065,331770.9422089755,-1382845.883457331,300.93912307235706,1428.4328132192022,0.9238804444120753,85.3
4172000,16688.000001564793,-1713320.7940564957,330630.83580385783,-1382689.9582526379,299.9049679426737,1428.4328132192022,0.9238804444120753,85.3
4173000,16692.000001565608,-1713035.3690991085,332632.041212221,-1380403.3278868874,301.720199248558,1428.4328132192022,0.9238804444120753,85.3
4174000,16696.000001566423,-1714037.8828112502,332761.9352297907,-1381275.9475814595,301.8380220798147,1428.4328132192022,0.9238804444120753,85.3
4175000,16700.000001567238,-1714713.0201316457,330821.9662810969,-1383891.0538505488,300.0783364656364,1428.4328132192022,0.9238804444120753,85.3
4176000,16704.000001568053,-1711042.8096661866,332939.43614730437,-1378103.3735188823,301.99902765223,1428.4328132192022,0.9238804444120753,85.3
4177000,16708.000001568867,-1711434.7963156253,331772.227346389,-1379662.5689692362,300.9402887806125,1428.4328132192022,0.9238804444120753,85.3
4178000,16712.000001569682,-1711332.7214661427,330217.3092384618,-1381115.412227681,299.52987083161014,1428.4328132192022,0.9238804444120753,85.3
4179000,16716.000001570497,-1712964.6153191794,332178.42100937845,-1380786.1943098009,301.30873444352585,1428.4328132192022,0.9238804444120753,85.3
4180000,16720.000001571312,-1711816.3990486618,331003.0892139649,-1380813.3098346968,300.2426274557475,1428.4328132192022,0.9238804444120753,85.3
4181000,16724.000001572127,-1715558.8994222526,332838.26251500647,-1382720.636907246,301.90725619093485,1428.4328132192022,0.9238804444120753,85.3
4182000,16728.000001572942,-1713466.974939566,330877.8278149005,-1382589.1471246656,300.1290067289343,1428.4328132192022,0.9238804444120753,85.3
4183000,16732.000001573757,-1713758.229459213,332569.88439062255,-1381188.3450685905,301.6638187251154,1428.4328132192022,0.9238804444120753,85.3
4184000,16736.00000157457,-1715299.7166273054,331974.81806494907,-1383324.8985623564,301.1240525327365,1428.4328132192022,0.9238804444120753,85.3
4185000,16740.000001575387,-1711545.5304880273,331289.3758680746,-1380256.1546199527,300.502309192977,1428.4328132192022,0.9238804444120753,85.3
4186000,16744.0000015762,-1710384.1155302115,331171.423699411,-1379212.6918308004,300.3953184421723,1428.4328132192022,0.9238804444120753,85.3
4187000,16748.000001577017,-1712520.6898174882,331713.597849511,-1380807.0919679771,300.88710778393096,1428.4328132192022,0.9238804444120753,85.3
4188000,16752.00000157783,-1711443.8416428287,332019.55860795296,-1379424.2830348758,301.1646352904902,1428.4328132192022,0.9238804444120753,85.3
4189000,16756.000001578646,-1712165.8982745223,331503.1067572996,-1380662.7915172228,300.6961778481057,1428.4328132192022,0.9238804444120753,85.3
4190000,16760.00000157946,-1711573.249157831,332699.9955253815,-1378873.2536324495,301.78183849663486,1428.4328132192022,0.9238804444120753,85.3
4191000,16764.000001580276,-1714719.27971551,331579.60878062726,-1383139.670934883,300.765570458743,1428.4328132192022,0.9238804444120753,85.3
4192000,16768.00000158109,-1714288.6722699031,331176.0129255119,-1383112.6593443912,300.3994811867128,1428.4328132192022,0.9238804444120753,85.3
4193000,16772.000001581906,-1711554.7024184875,330813.0981480993,-1380741.6042703881,300.0702924574728,1428.4328132192022,0.9238804444120753,85.3
4194000,16776.00000158272,-1713172.3328706156,332087.4224370706,-1381084.910433545,301.2261924633005,1428.4328132192022,0.9238804444120753,85.3
4195000,16780.000001583536,-1713682.4847035166,332389.8920323222,-1381292.5926711943,301.5005532441001,1428.4328132192022,0.9238804444120753,85.3
4196000,16784.00000158435,-1710071.30262799,330052.6673983547,-1380018.6352296353,299.38052932914775,1428.4328132192022,0.9238804444120753,85.3
4197000,16788.000001585166,-1711707.2571760453,331992.77105580096,-1379714.4861202445,301.1403371334539,1428.4328132192022,0.9238804444120753,85.3
4198000,16792.00000158598,-1712250.9272164498,331603.9657930295,-1380646.9614234203,300.7876639486195,1428.4328132192022,0.9238804444120753,85.3
4199000,16796.000001586795,-1710806.8479319979,333139.35113998444,-1377667.4967920133,302.18036433646637,1428.4328132192022,0.9238804444120753,85.3
4200000,16800.00000158761,-1712387.5571024492,330863.38044070895,-1381524.1766617403,300.1159019642707,1428.4328132192022,0.9238804444120753,85.3
4201000,16804.000001588425,-1710665.4172314275,331438.9314181189,-1379226.4858133085,300.63796639002163,1428.4328132192022,0.9238804444120753,85.3
4202000,16808.00000158924,-1712558.3841074947,331215.37751319073,-1381343.006594304,300.4351875822678,1428.4328132192022,0.9238804444120753,85.3
4203000,16812.000001590055,-1712602.071014315,333081.1193970011,-1379520.9516173138,302.1275441299959,1428.4328132192022,0.9238804444120753,85.3
4204000,16816.00000159087,-1714842.0704938788,330290.33099746687,-1384551.739496412,299.59610660251246,1428.4328132192022,0.9238804444120753,85.3
4205000,16820.000001591685,-1711829.025930686,333014.4336165709,-1378814.592314115,302.06705552858176,1428.4328132192022,0.9238804444120753,85.3
4206000,16824.0000015925,-1711293.071547486,333504.04852319125,-1377789.0230242945,302.5111700120879,1428.4328132192022,0.9238804444120753,85.3
4207000,16828.000001593315,-1713797.9190315586,332796.60746311443,-1381001.3115684441,301.869472186391,1428.4328132192022,0.9238804444120753,85.3
4208000,16832.00000159413,-1711073.8643381465,332557.6747638193,-1378516.1895743273,301.65274375164495,1428.4328132192022,0.9238804444120753,85.3
4209000,16836.000001594944,-1712974.3138936106,331372.52301042114,-1381601.7908831895,300.5777293848031,1428.4328132192022,0.9238804444120753,85.3
4210000,16840.00000159576,-1709739.8314277641,330247.529274659,-1379492.3021531051,299.5572824883751,1428.4328132192022,0.9238804444120753,85.3
4211000,16844.000001596574,-1713262.0842202865,330902.15838958666,-1382359.9258306997,300.1510762379792,1428.4328132192022,0.9238804444120753,85.3
4212000,16848.00000159739,-1712899.2697938252,332497.8688687744,-1380401.400925051,301.5984956807032,1428.4328132192022,0.9238804444120753,85.3
4213000,16852.000001598204,-1711800.2585664,331679.79674263054,-1380120.4618237694,300.8564478491104,1428.4328132192022,0.9238804444120753,85.3
4214000,16856.00000159902,-1712204.1064210236,331571.13266346697,-1380632.9737575566,300.75788203597676,1428.4328132192022,0.9238804444120753,85.3
4215000,16860.000001599834,-1709802.0652268175,330924.37519156747,-1378877.69003525,300.17122840941727,1428.4328132192022,0.9238804444120753,85.3
4216000,16864.00000160065,-1713294.3762856852,331045.0399428578,-1382249.3363428274,300.28067965972053,1428.4328132192022,0.9238804444120753,85.3
4217000,16868.000001601464,-1710312.8482130803,332663.1527705237,-1377649.6954425566,301.7484195773508,1428.4328132192022,0.9238804444120753,85.3
4218000,16872.00000160228,-1711867.6512660906,331489.22640521114,-1380378.4248608793,300.6835874115906,1428.4328132192022,0.9238804444120753,85.3
4219000,16876.000001603094,-1710009.0155528411,331837.3778095316,-1378171.6377433096,300.99938474337324,1428.4328132192022,0.9238804444120753,85.3
4220000,16880.00000160391,-1712643.3130316604,332062.76277144277,-1380580.5502602176,301.20382444607793,1428.4328132192022,0.9238804444120753,85.3
4221000,16884.000001604723,-1712372.6594728716,331736.4547659838,-1380636.2047068877,300.90784058335475,1428.4328132192022,0.9238804444120753,85.3
4222000,16888.00000160554,-1712025.3187308516,333946.1362585906,-1378079.1824722611,302.91217407388524,1428.4328132192022,0.9238804444120753,85.3
4223000,16892.000001606353,-1710992.7633180264,332074.03907159995,-1378918.7242464265,301.2140528279193,1428.4328132192022,0.9238804444120753,85.3
4224000,16896.000001607168,-1712030.8718775064,331554.5050400243,-1380476.366837482,300.74279963489516,1428.4328132192022,0.9238804444120753,85.3
4225000,16900.000001607983,-1713606.8179627713,332003.5057513217,-1381603.3122114497,301.1500742425417,1428.4328132192022,0.9238804444120753,85.3
4226000,16904.000001608798,-1712208.5877605136,331144.7975702401,-1381063.7901902734,300.37116670691137,1428.4328132192022,0.9238804444120753,85.3
4227000,16908.000001609613,-1712082.5045804866,332020.5296580222,-1380061.9749224642,301.1655160998654,1428.4328132192022,0.9238804444120753,85.3
4228000,16912.000001610428,-1711866.5699749552,330894.75729442557,-1380971.8126805297,300.14436293429833,1428.4328132192022,0.9238804444120753,85.3
4229000,16916.000001611243,-1712558.4756752942,331763.6426772747,-1380794.8329980194,300.9325018937383,1428.4328132192022,0.9238804444120753,85.3
4230000,16920.000001612058,-1711149.8174697664,330739.44787915616,-1380410.3695906103,300.0034865847154,1428.4328132192022,0.9238804444120753,85.3
4231000,16924.000001612872,-1713607.0435720626,330708.8109290158,-1382898.2326430469,299.97569675825423,1428.4328132192022,0.9238804444120753,85.3
4232000,16928.000001613687,-1712508.0952596515,330562.9328190936,-1381945.162440558,299.84337525299173,1428.4328132192022,0.9238804444120753,85.3
4233000,16932.000001614502,-1715282.2988208532,330521.1065183922,-1384761.192302461,299.80543591396884,1428.4328132192022,0.9238804444120753,85.3
4234000,16936.000001615317,-1713683.6848607138,331723.64915688284,-1381960.035703831,300.8962250128422,1428.4328132192022,0.9238804444120753,85.3
4235000,16940.000001616132,-1711988.0019338075,331982.7388729793,-1380005.2630608282,301.1312372518285,1428.4328132192022,0.9238804444120753,85.3
4236000,16944.000001616947,-1712806.43494975,332540.05724078056,-1380266.3777089696,301.63676344336756,1428.4328132192022,0.9238804444120753,85.3
4237000,16948.000001617762,-1711945.4608368166,330469.26766635804,-1381476.1931704585,299.7584145004346,1428.4328132192022,0.9238804444120753,85.3
4238000,16952.000001618577,-1712105.6503532138,332020.7874469047,-1380084.862906309,301.1657499321586,1428.4328132192022,0.9238804444120753,85.3
4239000,16956.00000161939,-1713099.4386732224,330711.47489117295,-1382387.9637820495,299.97811315563416,1428.4328132192022,0.9238804444120753,85.3
4240000,16960.000001620207,-1710897.2836320382,331797.0472482545,-1379100.2363837836,300.9628021431523,1428.4328132192022,0.9238804444120753,85.3
4241000,16964.00000162102,-1710657.415144287,333276.71430873,-1377380.7008355572,302.3049622029024,1428.4328132192022,0.9238804444120753,85.3
4242000,16968.000001621836,-1711974.333319949,330597.5323487031,-1381376.8009712459,299.8747594122858,1428.4328132192022,0.9238804444120753,85.3
4243000,16972.00000162265,-1712236.059507953,332080.4229220544,-1380155.6365858987,301.2198434205035,1428.4328132192022,0.9238804444120753,85.3
4244000,16976.000001623466,-1712447.78813719,331754.8731302818,-1380692.9150069081,300.9245473098793,1428.4328132192022,0.9238804444120753,85.3
4245000,16980.00000162428,-1711388.682911763,332664.3103424013,-1378724.3725693617,301.74946957486844,1428.4328132192022,0.9238804444120753,85.3
4246000,16984.000001625096,-1711413.845941225,332321.9164767039,-1379091.9294645211,301.4388947276492,1428.4328132192022,0.9238804444120753,85.3
4247000,16988.00000162591,-1711819.7002903298,331461.7233119061,-1380357.9769784235,300.6586402093857,1428.4328132192022,0.9238804444120753,85.3
4248000,16992.000001626726,-1710587.826901989,331840.0591437764,-1378747.7677582125,301.0018168984346,1428.4328132192022,0.9238804444120753,85.3
4249000,16996.00000162754,-1711852.1507546324,332792.9606991648,-1379059.1900554677,301.8661643200127,1428.4328132192022,0.9238804444120753,85.3
4250000,17000.000001628356,-1711913.3722225055,331581.05656726693,-1380332.3156552385,300.7668837010627,1428.4328132192022,0.9238804444120753,85.3
4251000,17004.00000162917,-1712869.016098842,332380.9916184606,-1380488.0244803815,301.4924799549668,1428.4328132192022,0.9238804444120753,85.3
4252000,17008.000001629985,-1713459.9121309444,332047.6398273483,-1381412.2723035961,301.1901068929258,1428.4328132192022,0.9238804444120753,85.3
4253000,17012.0000016308,-1714897.0568936337,331695.231699833,-1383201.8251938007,300.8704484196674,1428.4328132192022,0.9238804444120753,85.3
4254000,17016.000001631615,-1712233.1166737042,331980.1453251578,-1380252.9713485464,301.12888472510673,1428.4328132192022,0.9238804444120753,85.3
4255000,17020.00000163243,-1711678.8456927594,329920.8649782338,-1381757.9807145256,299.2609754451762,1428.4328132192022,0.9238804444120753,85.3
4256000,17024.000001633245,-1714990.5930198822,330424.378492809,-1384566.2145270733,299.71769692452716,1428.4328132192022,0.9238804444120753,85.3
4257000,17028.00000163406,-1709742.8987563588,331971.5150577214,-1377771.3836986374,301.12105647741,1428.4328132192022,0.9238804444120753,85.3
4258000,17032.000001634875,-1714636.0764704477,330970.4767798025,-1383665.5996906452,300.21304572905154,1428.4328132192022,0.9238804444120753,85.3
4259000,17036.00000163569,-1714545.639144348,329818.95701963303,-1384726.6821247148,299.1685378992862,1428.4328132192022,0.9238804444120753,85.3
4260000,17040.000001636505,-1715228.7897957768,330804.7780903979,-1384424.011705379,300.06274559139734,1428.4328132192022,0.9238804444120753,85.3
4261000,17044.00000163732,-1712183.6973270364,332081.2231167057,-1380102.4742103308,301.22056925223256,1428.4328132192022,0.9238804444120753,85.3
4262000,17048.000001638135,-1712018.9844302014,332467.5797206901,-1379551.4047095112,301.57102133469084,1428.4328132192022,0.9238804444120753,85.3
4263000,17052.00000163895,-1713312.91610145,331828.3441739708,-1381484.5719274792,300.991190612972,1428.4328132192022,0.9238804444120753,85.3
4264000,17056.000001639764,-1713842.7040380985,332422.2809602162,-1381420.4230778823,301.5299322351979,1428.4328132192022,0.9238804444120753,85.3
4265000,17060.00000164058,-1714642.2302843798,331206.53701641003,-1383435.6932679699,300.4271686420587,1428.4328132192022,0.9238804444120753,85.3
4266000,17064.000001641394,-1714050.0670015719,332695.00593585876,-1381355.0610657132,301.77731259486217,1428.4328132192022,0.9238804444120753,85.3
4267000,17068.00000164221,-1712887.7808553334,332054.7160968946,-1380833.0647584388,301.19652555737457,1428.4328132192022,0.9238804444120753,85.3
4268000,17072.000001643024,-1713631.3895158805,332761.63124727446,-1380869.758268606,301.8377463467102,1428.4328132192022,0.9238804444120753,85.3
4269000,17076.00000164384,-1714487.933856139,332151.09126426466,-1382336.8425918743,301.28394448008436,1428.4328132192022,0.9238804444120753,85.3
4270000,17080.000001644654,-1712986.6863193382,331265.7569617788,-1381720.9293575594,300.4808852162379,1428.4328132192022,0.9238804444120753,85.3
4271000,17084.00000164547,-1712356.5427419357,331546.49255751894,-1380810.0501844168,300.7355317607325,1428.4328132192022,0.9238804444120753,85.3
4272000,17088.000001646284,-1712632.3190397974,331232.4078773592,-1381399.9111624383,300.4506352969602,1428.4328132192022,0.9238804444120753,85.3
4273000,17092.0000016471,-1711886.421031028,333111.2310116898,-1378775.1900193382,302.154857440976,1428.4328132192022,0.9238804444120753,85.3
4274000,17096.000001647913,-1711053.8375079595,332405.48795398383,-1378648.3495539757,301.51469982052146,1428.4328132192022,0.9238804444120753,85.3
4275000,17100.00000164873,-1710042.0830320008,332379.9952921517,-1377662.087739849,301.49157621829926,1428.4328132192022,0.9238804444120753,85.3
4276000,17104.000001649543,-1711577.8087080885,332821.2948018369,-1378756.5139062516,301.8918653050188,1428.4328132192022,0.9238804444120753,85.3
4277000,17108.000001650358,-1713864.5876100939,331732.96496171824,-1382131.6226483756,300.9046750902336,1428.4328132192022,0.9238804444120753,85.3
4278000,17112.000001651173,-1713733.372148404,331142.50513748475,-1382590.8670109191,300.36908731231915,1428.4328132192022,0.9238804444120753,85.3
4279000,17116.000001651988,-1712016.642582314,331617.630019372,-1380399.0125629422,300.8000583441792,1428.4328132192022,0.9238804444120753,85.3
4280000,17120.000001652803,-1712921.02272149,330658.92204408936,-1382262.1006774006,299.9304440993539,1428.4328132192022,0.9238804444120753,85.3
4281000,17124.000001653618,-1711383.604295766,331281.38168144476,-1380102.2226143212,300.4950579144351,1428.4328132192022,0.9238804444120753,85.3
4282000,17128.000001654433,-1713435.1193808597,332056.87189520354,-1381378.247485656,301.19848101510183,1428.4328132192022,0.9238804444120753,85.3
4283000,17132.000001655248,-1710103.538257312,331106.05266627256,-1378997.4855910395,300.33602240721507,1428.4328132192022,0.9238804444120753,85.3
4284000,17136.000001656063,-1712481.6405364685,329953.26673227816,-1382528.3738041902,299.29036607047686,1428.4328132192022,0.9238804444120753,85.3
4285000,17140.000001656877,-1712060.0526516791,330613.2881090094,-1381446.7645426698,299.88905097338017,1428.4328132192022,0.9238804444120753,85.3
4286000,17144.000001657692,-1710873.308727203,332348.48225059675,-1378524.826476606,301.46299171651094,1428.4328132192022,0.9238804444120753,85.3
4287000,17148.000001658507,-1713065.736120982,332799.9240678562,-1380265.8120531258,301.87248057560055,1428.4328132192022,0.9238804444120753,85.3
4288000,17152.000001659322,-1713159.3000519294,331258.9046569588,-1381900.3953949707,300.47466970324024,1428.4328132192022,0.9238804444120753,85.3
4289000,17156.000001660137,-1715240.7740443666,331901.0163033466,-1383339.75774102,301.0571092456905,1428.4328132192022,0.9238804444120753,85.3
4290000,17160.000001660952,-1712623.3950920645,332552.9276262891,-1380070.4674657756,301.6484377705487,1428.4328132192022,0.9238804444120753,85.3
4291000,17164.000001661767,-1713952.8668356594,330762.5921581821,-1383190.2746774773,300.0244800417911,1428.4328132192022,0.9238804444120753,85.3
4292000,17168.00000166258,-1713342.2900123727,331870.9694566293,-1381471.3205557433,301.0298546837268,1428.4328132192022,0.9238804444120753,85.3
4293000,17172.000001663397,-1713845.0978716835,330615.98778748245,-1383229.1100842012,299.8914997679215,1428.4328132192022,0.9238804444120753,85.3
4294000,17176.00000166421,-1712614.5050873253,332689.471454442,-1379925.0336328833,301.77229243856664,1428.4328132192022,0.9238804444120753,85.3
4295000,17180.000001665027,-1710293.3780600913,331014.41241042176,-1379278.9656496695,300.2528983757666,1428.4328132192022,0.9238804444120753,85.3
4296000,17184.00000166584,-1713258.0167388488,332413.9364887499,-1380844.0802500988,301.5223632241542,1428.4328132192022,0.9238804444120753,85.3
4297000,17188.000001666656,-1710566.7565772738,332250.1068560197,-1378316.6497212541,301.3737584497914,1428.4328132192022,0.9238804444120753,85.3
4298000,17192.00000166747,-1714193.725493595,330534.3724526557,-1383659.3530409392,299.81746903114725,1428.4328132192022,0.9238804444120753,85.3
4299000,17196.000001668286,-1712475.4293806944,332668.121727589,-1379807.3076531054,301.7529267640618,1428.4328132192022,0.9238804444120753,85.3
4300000,17200.0000016691,-1712335.2663364336,332141.0872542844,-1380194.1790821492,301.2748701531688,1428.4328132192022,0.9238804444120753,85.3
4301000,17204.000001669916,-1712456.2071390692,331212.565003088,-1381243.6421359812,300.4326364416576,1428.4328132192022,0.9238804444120753,85.3
4302000,17208.00000167073,-1711278.628103638,331190.6661149426,-1380087.9619886954,300.41277263999115,1428.4328132192022,0.9238804444120753,85.3
4303000,17212.000001671546,-1713579.1573516857,332071.44898197835,-1381507.7083697072,301.21170343802333,1428.4328132192022,0.9238804444120753,85.3
4304000,17216.00000167236,-1712109.9531407617,330805.439648667,-1381304.5134920948,300.06334567036765,1428.4328132192022,0.9238804444120753,85.3
4305000,17220.000001673176,-1714022.4638218228,332477.8444814293,-1381544.6193403935,301.5803321805257,1428.4328132192022,0.9238804444120753,85.3
4306000,17224.00000167399,-1711137.6154329441,331337.18745778233,-1379800.427975162,300.5456776018664,1428.4328132192022,0.9238804444120753,85.3
4307000,17228.000001674805,-1714804.2744295485,332178.8300160119,-1382625.4444135367,301.309105440747,1428.4328132192022,0.9238804444120753,85.3
4308000,17232.00000167562,-1713447.040410811,331771.08732012653,-1381675.9530906845,300.93925469817765,1428.4328132192022,0.9238804444120753,85.3
4309000,17236.000001676435,-1712489.9904290345,332060.45919482724,-1380429.531234207,301.201734943236,1428.4328132192022,0.9238804444120753,85.3
4310000,17240.00000167725,-1709965.8048951756,331663.6384861595,-1378302.1664090161,300.841791196239,1428.4328132192022,0.9238804444120753,85.3
4311000,17244.000001678065,-1714691.1343226787,331223.0861822382,-1383468.0481404406,300.4421798766736,1428.4328132192022,0.9238804444120753,85.3
4312000,17248.00000167888,-1714117.060920328,331235.284926867,-1382881.7759934608,300.45324497926134,1428.4328132192022,0.9238804444120753,85.3
4313000,17252.000001679695,-1713383.8329068813,330891.6870188466,-1382492.1458880347,300.141577982626,1428.4328132192022,0.9238804444120753,85.3
4314000,17256.00000168051,-1710997.0202708934,331500.6348356664,-1379496.3854352268,300.6939356447239,1428.4328132192022,0.9238804444120753,85.3
4315000,17260.000001681325,-1712053.1276857294,331107.1490586237,-1380945.9786271057,300.33701691068336,1428.4328132192022,0.9238804444120753,85.3
4316000,17264.00000168214,-1712970.514324097,332022.1248233405,-1380948.3895007565,301.16696302480955,1428.4328132192022,0.9238804444120753,85.3
4317000,17268.000001682954,-1713297.7623995524,331904.5509721142,-1381393.211427438,301.06031543400877,1428.4328132192022,0.9238804444120753,85.3
4318000,17272.00000168377,-1713633.9657367934,331713.24488397816,-1381920.720852815,300.8867876198526,1428.4328132192022,0.9238804444120753,85.3
4319000,17276.000001684584,-1714720.3437199667,331916.85187146725,-1382803.4918484995,301.0714731979759,1428.4328132192022,0.9238804444120753,85.3
4320000,17280.0000016854,-1710806.6165932864,333060.02215271076,-1377746.5944405757,302.1084074745863,1428.4328132192022,0.9238804444120753,85.3
4321000,17284.000001686214,-1711355.2368454002,331765.1403260637,-1379590.0965193366,300.9338603644658,1428.4328132192022,0.9238804444120753,85.3
4322000,17288.00000168703,-1714006.9734261967,332814.6608982356,-1381192.312527961,301.8858478969872,1428.4328132192022,0.9238804444120753,85.3
4323000,17292.000001687844,-1712078.5500586648,330482.3016489352,-1381596.2484097295,299.77023722143844,1428.4328132192022,0.9238804444120753,85.3
4324000,17296.00000168866,-1712005.152998859,331941.02604564105,-1380064.1269532181,301.09340084097084,1428.4328132192022,0.9238804444120753,85.3
4325000,17300.000001689474,-1711991.3627865892,332567.36075811624,-1379424.002028473,301.66152961640574,1428.4328132192022,0.9238804444120753,85.3
4326000,17304.00000169029,-1713457.2818855383,332555.84795363323,-1380901.433931905,301.65108670883177,1428.4328132192022,0.9238804444120753,85.2
4327000,17308.000001691104,-1712452.6311038528,332467.8699801237,-1379984.761123729,301.57128462001305,1428.4328132192022,0.9238804444120753,85.2
4328000,17312.00000169192,-1715449.7929345984,330964.92410208675,-1384484.8688325116,300.20800906745797,1428.4328132192022,0.9238804444120753,85.2
4329000,17316.000001692733,-1711461.7575686201,331857.86327967385,-1379603.8942889464,301.0179664774434,1428.4328132192022,0.9238804444120753,85.3
4330000,17320.00000169355,-1711417.8729852885,329386.44536275644,-1382031.427622532,298.7762200010628,1428.4328132192022,0.9238804444120753,85.3
4331000,17324.000001694363,-1712328.3481411263,332348.1478796913,-1379980.200261435,301.4626884190419,1428.4328132192022,0.9238804444120753,85.2
4332000,17328.000001695178,-1714504.6458672974,331726.9493884167,-1382777.6964788807,300.8992185504231,1428.4328132192022,0.9238804444120753,85.2
4333000,17332.000001695993,-1713172.5786683168,333619.34934459755,-1379553.2293237192,302.6157558080968,1428.4328132192022,0.9238804444120753,85.2
4334000,17336.000001696808,-1712239.0275700707,330666.0057843767,-1381573.021785694,299.93686954028,1428.4328132192022,0.9238804444120753,85.2
4335000,17340.000001697623,-1712092.4428246692,332508.9525457422,-1379583.490278927,301.60854934002884,1428.4328132192022,0.9238804444120753,85.2
4336000,17344.000001698438,-1714982.1655678898,330904.8955695965,-1384077.2699982934,300.1535590490005,1428.4328132192022,0.9238804444120753,85.2
4337000,17348.000001699253,-1714514.7602392472,332000.4832997556,-1382514.2769394917,301.147332670547,1428.4328132192022,0.9238804444120753,85.2
4338000,17352.000001700068,-1712539.6306548007,334171.0744490216,-1378368.556205779,303.1162085240486,1428.4328132192022,0.9238804444120753,85.2
4339000,17356.000001700882,-1713351.39959657,330316.9008450457,-1383034.4987515244,299.62020728648827,1428.4328132192022,0.9238804444120753,85.2
4340000,17360.000001701697,-1713876.6939620916,331624.16018979816,-1382252.5337722935,300.80598165906775,1428.4328132192022,0.9238804444120753,85.2
4341000,17364.000001702512,-1712808.2184246443,331792.5378447416,-1381015.6805799026,300.9587118032036,1428.4328132192022,0.9238804444120753,85.2
4342000,17368.000001703327,-1710488.0906718168,330081.96329547215,-1380406.1273763448,299.40710272803994,1428.4328132192022,0.9238804444120753,85.2
4343000,17372.000001704142,-1712831.5354351848,330217.5970306159,-1382613.938404569,299.53013187893976,1428.4328132192022,0.9238804444120753,85.2
4344000,17376.000001704957,-1713733.179944789,332337.8534492808,-1381395.3264955082,301.4533506607691,1428.4328132192022,0.9238804444120753,85.2
4345000,17380.000001705772,-1709664.7536215242,332339.8147299584,-1377324.938891566,301.45512967759106,1428.4328132192022,0.9238804444120753,85.2
4346000,17384.000001706587,-1711199.3100965787,333094.2156205525,-1378105.0944760263,302.1394233078554,1428.4328132192022,0.9238804444120753,85.2
4347000,17388.0000017074,-1711432.9790628254,332139.0039058735,-1379293.975156952,301.27298041249514,1428.4328132192022,0.9238804444120753,85.2
4348000,17392.000001708217,-1712063.2276394442,331796.7677782397,-1380266.4598612045,300.962548644577,1428.4328132192022,0.9238804444120753,85.2
4349000,17396.00000170903,-1711284.4119246956,331608.90774111496,-1379675.5041835806,300.79214663632325,1428.4328132192022,0.9238804444120753,85.2
4350000,17400.000001709846,-1708556.9970406704,331466.7940608149,-1377090.2029798555,300.66323972831816,1428.4328132192022,0.9238804444120753,85.2
4351000,17404.00000171066,-1710710.4955535196,332972.4865344167,-1377738.009019103,302.02900663245214,1428.4328132192022,0.9238804444120753,85.2
4352000,17408.000001711476,-1710384.0949008148,331335.4273783304,-1379048.6675224844,300.5440810884307,1428.4328132192022,0.9238804444120753,85.2
4353000,17412.00000171229,-1708688.8244672772,332004.8695985342,-1376683.954868743,301.15131134601256,1428.4328132192022,0.9238804444120753,85.2
4354000,17416.000001713106,-1714266.5549744368,331206.5658850264,-1383059.9890894103,300.4271948278845,1428.4328132192022,0.9238804444120753,85.2
4355000,17420.00000171392,-1711231.2201166525,331159.21842226654,-1380072.001694386,300.3842474141424,1428.4328132192022,0.9238804444120753,85.2
4356000,17424.000001714736,-1710288.2824425306,330667.8297060477,-1379620.452736483,299.9385239630108,1428.4328132192022,0.9238804444120753,85.2
4357000,17428.00000171555,-1713702.9755675085,332397.62974753504,-1381305.3458199734,301.50757188538086,1428.4328132192022,0.9238804444120753,85.2
4358000,17432.000001716366,-1710873.3824367225,332784.6179971168,-1378088.7644396056,301.8585969139534,1428.4328132192022,0.9238804444120753,85.2
4359000,17436.00000171718,-1713185.952139195,333753.48015573743,-1379432.4719834577,302.7374217032854,1428.4328132192022,0.9238804444120753,85.2
4360000,17440.000001717995,-1712580.490667317,333270.6533976265,-1379309.8372696906,302.2994645385791,1428.4328132192022,0.9238804444120753,85.2
4361000,17444.00000171881,-1713288.1455677748,331958.8207660159,-1381329.3248017589,301.10954187945146,1428.4328132192022,0.9238804444120753,85.2
4362000,17448.000001719625,-1709770.9276834112,332056.64905043074,-1377714.2786329803,301.19827887952584,1428.4328132192022,0.9238804444120753,85.2
4363000,17452.00000172044,-1713344.9626577739,334150.8621520533,-1379194.1005057206,303.09787457688486,1428.4328132192022,0.9238804444120753,85.2
4364000,17456.000001721255,-1713226.4481785372,332388.4401073283,-1380838.0080712088,301.4992362480078,1428.4328132192022,0.9238804444120753,85.2
4365000,17460.00000172207,-1714070.2520700358,332829.3708000673,-1381240.8812699686,301.8991907923241,1428.4328132192022,0.9238804444120753,85.2
4366000,17464.000001722885,-1712264.244121261,332096.9804519977,-1380167.263669263,301.23486224194755,1428.4328132192022,0.9238804444120753,85.2
4367000,17468.0000017237,-1711889.5411851741,330940.05999645666,-1380949.4811887175,300.18545560905534,1428.4328132192022,0.9238804444120753,85.2
4368000,17472.000001724515,-1711839.2117174976,332110.67434988124,-1379728.5373676163,301.24728355164115,1428.4328132192022,0.9238804444120753,85.2
4369000,17476.00000172533,-1710818.1776946262,333764.4054032646,-1377053.7722913616,302.7473316561833,1428.4328132192022,0.9238804444120753,85.2
4370000,17480.000001726145,-1716584.5932656154,333228.96943834017,-1383355.6238272754,302.26165431303525,1428.4328132192022,0.9238804444120753,85.2
4371000,17484.00000172696,-1713095.021366505,333755.6176543992,-1379339.4037121057,302.7393605619707,1428.4328132192022,0.9238804444120753,85.2
4372000,17488.000001727774,-1713491.7621276267,333131.42804923246,-1380360.3340783943,302.17317754678834,1428.4328132192022,0.9238804444120753,85.2
4373000,17492.00000172859,-1713077.0606501363,331858.3307454024,-1381218.729904734,301.01839050109504,1428.4328132192022,0.9238804444120753,85.2
4374000,17496.000001729404,-1713641.4845281653,331787.06079680833,-1381854.4237313569,300.95374374303805,1428.4328132192022,0.9238804444120753,85.2
4375000,17500.00000173022,-1712791.8259388022,332049.45147067436,-1380742.3744681277,301.1917501783511,1428.4328132192022,0.9238804444120753,85.2
4376000,17504.000001731034,-1713191.208294971,334161.1448105167,-1379030.0634844543,303.1072016571898,1428.4328132192022,0.9238804444120753,85.2
4377000,17508.00000173185,-1712259.8165080305,332682.72850365844,-1379577.088004372,301.7661761172208,1428.4328132192022,0.9238804444120753,85.2
4378000,17512.000001732664,-1713245.7454055194,332084.1846711156,-1381161.5607344038,301.22325558630723,1428.4328132192022,0.9238804444120753,85.2
4379000,17516.00000173348,-1713149.5109983683,330601.74578854843,-1382547.76520982,299.8785812927788,1428.4328132192022,0.9238804444120753,85.2
4380000,17520.000001734294,-1716110.9047799185,333103.3660054871,-1383007.5387744315,302.1477233379896,1428.4328132192022,0.9238804444120753,85.2
4381000,17524.00000173511,-1714891.0272539891,332787.2493668141,-1382103.777887175,301.8609837477246,1428.4328132192022,0.9238804444120753,85.2
4382000,17528.000001735923,-1710343.9277979769,332770.7799859424,-1377573.1478120345,301.84604488356706,1428.4328132192022,0.9238804444120753,85.2
4383000,17532.00000173674,-1715767.25444814,331599.90655765374,-1384167.3478904862,300.7839819422141,1428.4328132192022,0.9238804444120753,85.2
4384000,17536.000001737553,-1715537.3062479217,331949.8936342606,-1383587.412613661,301.1014443553461,1428.4328132192022,0.9238804444120753,85.2
4385000,17540.000001738368,-1714051.9640559573,332299.0621951644,-1381752.901860793,301.4181643182916,1428.4328132192022,0.9238804444120753,85.2
4386000,17544.000001739183,-1714935.2768313326,332416.3446500049,-1382518.9321813276,301.5245475924761,1428.4328132192022,0.9238804444120753,85.2
4387000,17548.000001739998,-1714404.1767932829,330625.75419953803,-1383778.422593745,299.90035857713485,1428.4328132192022,0.9238804444120753,85.2
4388000,17552.000001740813,-1714919.2319923323,331172.2178868177,-1383747.0141055146,300.39603882491633,1428.4328132192022,0.9238804444120753,85.2
4389000,17556.000001741628,-1713433.9638964813,330828.07275541703,-1382605.8911410642,300.08387545893925,1428.4328132192022,0.9238804444120753,85.2
4390000,17560.000001742443,-1712148.5678899642,332090.3282687736,-1380058.2396211906,301.2288282530375,1428.4328132192022,0.9238804444120753,85.2
4391000,17564.000001743258,-1713818.5599474795,332685.12144592643,-1381133.4385015531,301.7683466808721,1428.4328132192022,0.9238804444120753,85.2
4392000,17568.000001744073,-1712976.1808890067,331489.0853930758,-1381487.0954959309,300.6834595038598,1428.4328132192022,0.9238804444120753,85.2
4393000,17572.000001744887,-1713290.6633698028,331474.7100877076,-1381815.953282095,300.6704201105887,1428.4328132192022,0.9238804444120753,85.2
4394000,17576.000001745702,-1714418.5133604798,333399.33062302903,-1381019.1827374508,302.41618365543184,1428.4328132192022,0.9238804444120753,85.2
4395000,17580.000001746517,-1712601.2172511313,329568.0586707161,-1383033.1585804152,298.9409557951976,1428.4328132192022,0.9238804444120753,85.2
4396000,17584.000001747332,-1711588.5753870402,332214.041364548,-1379374.5340224921,301.34104456199753,1428.4328132192022,0.9238804444120753,85.2
4397000,17588.000001748147,-1712994.7226222195,332199.0422505332,-1380795.6803716864,301.32743933126693,1428.4328132192022,0.9238804444120753,85.2
4398000,17592.000001748962,-1712666.0419301689,332851.04140190297,-1379815.000528266,301.9188475225653,1428.4328132192022,0.9238804444120753,85.2
4399000,17596.000001749777,-1709980.3590233885,332696.03621335526,-1377284.3228100333,301.7782471275981,1428.4328132192022,0.9238804444120753,85.2
4400000,17600.00000175059,-1712695.868833499,331461.1798721707,-1381234.6889613285,300.6581472720708,1428.4328132192022,0.9238804444120753,85.2
4401000,17604.000001751407,-1713382.9027417954,331279.49723363185,-1382103.4055081636,300.4933485903197,1428.4328132192022,0.9238804444120753,85.2
4402000,17608.00000175222,-1712389.1229506563,333231.6720020732,-1379157.4509485832,302.2641057247064,1428.4328132192022,0.9238804444120753,85.2
4403000,17612.000001753036,-1712289.0591694675,331913.9707532068,-1380375.0884162607,301.0688598250356,1428.4328132192022,0.9238804444120753,85.2
4404000,17616.00000175385,-1713061.1256845165,331058.1839264061,-1382002.9417581104,300.29260215919066,1428.4328132192022,0.9238804444120753,85.2
4405000,17620.000001754666,-1709121.5211366527,330760.1048058273,-1378361.4163308253,300.0222238416808,1428.4328132192022,0.9238804444120753,85.2
4406000,17624.00000175548,-1713953.7023201622,332521.4285149498,-1381432.2738052125,301.6198659044266,1428.4328132192022,0.9238804444120753,85.2
4407000,17628.000001756296,-1711539.4543772005,330720.2429042597,-1380819.2114729406,299.9860663481345,1428.4328132192022,0.9238804444120753,85.2
4408000,17632.00000175711,-1713851.5778410528,330993.8294908534,-1382857.7483501993,300.234228248347,1428.4328132192022,0.9238804444120753,85.2
4409000,17636.000001757926,-1715025.701977957,334757.49629848986,-1380268.2056794672,303.64813358039754,1428.4328132192022,0.9238804444120753,85.2
4410000,17640.00000175874,-1713781.2214982957,333762.73029279587,-1380018.4912054997,302.7458122154747,1428.4328132192022,0.9238804444120753,85.2
4411000,17644.000001759556,-1712719.9453612566,333044.9408794304,-1379675.0044818262,302.09472771973617,1428.4328132192022,0.9238804444120753,85.2
4412000,17648.00000176037,-1714978.3106595017,332859.75161810033,-1382118.5590414014,301.9267482893013,1428.4328132192022,0.9238804444120753,85.2
4413000,17652.000001761186,-1713077.8776868284,331430.22434986057,-1381647.6533369678,300.63006847868337,1428.4328132192022,0.9238804444120753,85.2
4414000,17656.000001762,-1714274.8510682173,332033.8793814079,-1382240.9716868093,301.1776252195556,1428.4328132192022,0.9238804444120753,85.2
4415000,17660.000001762815,-1713036.6062937696,332071.9404528861,-1380964.6658408835,301.21214923602787,1428.4328132192022,0.9238804444120753,85.2
4416000,17664.00000176363,-1715411.295739146,331307.11003166006,-1384104.1857074858,300.51839530227363,1428.4328132192022,0.9238804444120753,85.2
4417000,17668.000001764445,-1712184.8393168282,331028.1559991968,-1381156.6833176315,300.26536475852544,1428.4328132192022,0.9238804444120753,85.2
4418000,17672.00000176526,-1711949.1214138512,331608.0838437267,-1380341.0375701245,300.7913993045772,1428.4328132192022,0.9238804444120753,85.2
4419000,17676.000001766075,-1712534.070571188,331297.9649583825,-1381236.1056128053,300.5101000901786,1428.4328132192022,0.9238804444120753,85.2
4420000,17680.00000176689,-1712988.92855292,331725.0241973223,-1381263.9043555977,300.8974722693418,1428.4328132192022,0.9238804444120753,85.2
4421000,17684.000001767705,-1712455.72987663,331560.5924467361,-1380895.137429894,300.74832133256234,1428.4328132192022,0.9238804444120753,85.2
4422000,17688.00000176852,-1714132.5752400234,331756.63502908364,-1382375.9402109399,300.92614547359074,1428.4328132192022,0.9238804444120753,85.2
4423000,17692.000001769335,-1713358.0626352374,331328.2687874689,-1382029.7938477686,300.53758775287224,1428.4328132192022,0.9238804444120753,85.2
4424000,17696.00000177015,-1712756.9136465732,333600.5722274126,-1379156.3414191606,302.59872366796463,1428.4328132192022,0.9238804444120753,85.2
4425000,17700.000001770964,-1715637.2291813958,332330.89217397844,-1383306.3370074173,301.44703630402955,1428.4328132192022,0.9238804444120753,85.2
4426000,17704.00000177178,-1713846.7220579553,331682.0041398046,-1382164.7179181508,300.8584501105664,1428.4328132192022,0.9238804444120753,85.2
4427000,17708.000001772594,-1714913.9686180204,332577.67731330474,-1382336.2913047157,301.6708874433778,1428.4328132192022,0.9238804444120753,85.2
4428000,17712.00000177341,-1713543.8230309188,331108.3705465811,-1382435.4524843376,300.3381248844929,1428.4328132192022,0.9238804444120753,85.2
4429000,17716.000001774224,-1712868.910817556,332496.00936106505,-1380372.901456491,301.5968089789816,1428.4328132192022,0.9238804444120753,85.2
4430000,17720.00000177504,-1714187.840490844,331052.41746555374,-1383135.4230252905,300.2873715815501,1428.4328132192022,0.9238804444120753,85.2
4431000,17724.000001775854,-1713238.0893958937,331694.38404869277,-1381543.7053472009,300.8696795416303,1428.4328132192022,0.9238804444120753,85.2
4432000,17728.00000177667,-1712077.6517441254,330184.63691260264,-1381893.0148315227,299.5002347790152,1428.4328132192022,0.9238804444120753,85.2
4433000,17732.000001777484,-1711536.2943617832,331475.5150634229,-1380060.7792983602,300.67115027907255,1428.4328132192022,0.9238804444120753,85.2
4434000,17736.0000017783,-1711480.8139148876,332271.1522080882,-1379209.6617067994,301.3928480353774,1428.4328132192022,0.9238804444120753,85.2
4435000,17740.000001779114,-1711005.8893683273,331009.93682314036,-1379995.952545187,300.2488387094718,1428.4328132192022,0.9238804444120753,85.2
4436000,17744.00000177993,-1712874.0654906984,332427.3526715178,-1380446.7128191807,301.53453262708706,1428.4328132192022,0.9238804444120753,85.2
4437000,17748.000001780743,-1712480.1734247673,331833.5530427071,-1380646.6203820603,300.99591541611255,1428.4328132192022,0.9238804444120753,85.2
4438000,17752.00000178156,-1712100.1032290086,330852.9068026666,-1381247.196426342,300.1064016523179,1428.4328132192022,0.9238804444120753,85.2
4439000,17756.000001782373,-1712784.609359119,332682.1674045888,-1380102.4419545303,301.765667161672,1428.4328132192022,0.9238804444120753,85.2
4440000,17760.000001783188,-1714143.4785795864,332100.3514351442,-1382043.1271444422,301.23791995612004,1428.4328132192022,0.9238804444120753,85.2
4441000,17764.000001784003,-1712186.2058605347,331300.93083422445,-1380885.2750263102,300.51279034409015,1428.4328132192022,0.9238804444120753,85.2
4442000,17768.000001784818,-1712948.4334573876,332082.70041757164,-1380865.733039816,301.2219092659907,1428.4328132192022,0.9238804444120753,85.2
4443000,17772.000001785633,-1712837.4793729857,333104.2851053756,-1379733.19426761,302.1485570249684,1428.4328132192022,0.9238804444120753,85.2
4444000,17776.000001786448,-1711159.3070123773,331911.44235986465,-1379247.8646525126,301.06656639791953,1428.4328132192022,0.9238804444120753,85.2
4445000,17780.000001787263,-1713911.4453901798,330328.09961197514,-1383583.3457782045,299.6303653403455,1428.4328132192022,0.9238804444120753,85.2
4446000,17784.000001788077,-1711612.3891761154,333347.8459935107,-1378264.5431826047,302.36948354614617,1428.4328132192022,0.9238804444120753,85.2
4447000,17788.000001788892,-1714286.8523952141,333520.1733865078,-1380766.6790087065,302.52579637506545,1428.4328132192022,0.9238804444120753,85.2
4448000,17792.000001789707,-1712951.5845906138,330696.3826174248,-1382255.2019731891,299.9644234226012,1428.4328132192022,0.9238804444120753,85.2
4449000,17796.000001790522,-1712249.1847367715,331454.68273855944,-1380794.5019982122,300.65225392385156,1428.4328132192022,0.9238804444120753,85.2
4450000,17800.000001791337,-1714163.8994208965,332397.8716739011,-1381766.0277469954,301.5077913292778,1428.4328132192022,0.9238804444120753,85.2
4451000,17804.000001792152,-1713142.0984697118,330722.35203321074,-1382419.7464365012,299.98797947353586,1428.4328132192022,0.9238804444120753,85.2
4452000,17808.000001792967,-1713123.1984180454,332408.5360933185,-1380714.662324727,301.5174646930937,1428.4328132192022,0.9238804444120753,85.2
4453000,17812.000001793782,-1711528.7616918776,331113.66464442335,-1380415.0970474542,300.34292699630987,1428.4328132192022,0.9238804444120753,85.2
4454000,17816.000001794597,-1709971.857985584,332401.999646974,-1377569.85833861,301.51153568551456,1428.4328132192022,0.9238804444120753,85.2
4455000,17820.00000179541,-1710905.1405979805,331915.99825191527,-1378989.1423460653,301.07069890617777,1428.4328132192022,0.9238804444120753,85.2
4456000,17824.000001796227,-1709736.625409497,331418.46799812163,-1378318.1574113753,300.6194046569535,1428.4328132192022,0.9238804444120753,85.2
4457000,17828.00000179704,-1713434.5204555448,333143.23042744736,-1380291.2900280976,302.18388311770576,1428.4328132192022,0.9238804444120753,85.2
4458000,17832.000001797856,-1711745.7180455346,331750.661123217,-1379995.0569223175,300.920726729017,1428.4328132192022,0.9238804444120753,85.2
4459000,17836.00000179867,-1712040.069048209,332067.4690475907,-1379972.6000006185,301.2080933630827,1428.4328132192022,0.9238804444120753,85.2
4460000,17840.000001799486,-1712442.3714634534,331657.9436767554,-1380784.427786698,300.8366256114029,1428.4328132192022,0.9238804444120753,85.2
4461000,17844.0000018003,-1711031.6540876664,329851.98867108545,-1381179.665416581,299.1984998849729,1428.4328132192022,0.9238804444120753,85.2
4462000,17848.000001801116,-1708608.4036749247,333258.4181569231,-1375349.9855180017,302.2883663315349,1428.4328132192022,0.9238804444120753,85.2
4463000,17852.00000180193,-1711317.0043893717,333257.60028419597,-1378059.4041051758,302.28762446457205,1428.4328132192022,0.9238804444120753,85.2
4464000,17856.000001802746,-1711278.7734945696,331362.33828733873,-1379916.435207231,300.56849113864223,1428.4328132192022,0.9238804444120753,85.2
4465000,17860.00000180356,-1713898.6789306104,331178.52907246386,-1382720.1498581464,300.4017635055085,1428.4328132192022,0.9238804444120753,85.2
4466000,17864.000001804376,-1712368.880857233,330266.70340185444,-1382102.1774553785,299.574674743964,1428.4328132192022,0.9238804444120753,85.2
4467000,17868.00000180519,-1710065.3545892201,330655.4057247245,-1379409.9488644956,299.9272545552093,1428.4328132192022,0.9238804444120753,85.2
4468000,17872.000001806005,-1712504.1498392485,331333.8849806464,-1381170.264858602,300.5426820273696,1428.4328132192022,0.9238804444120753,85.2
4469000,17876.00000180682,-1712737.5787753537,331366.13867873146,-1381371.4400966223,300.57193835570547,1428.4328132192022,0.9238804444120753,85.2
4470000,17880.000001807635,-1714330.1070103664,332437.7107673879,-1381892.3962429785,301.5439281343219,1428.4328132192022,0.9238804444120753,85.2
4471000,17884.00000180845,-1715304.8495810758,330212.8965023096,-1385091.9530787664,299.52586817562366,1428.4328132192022,0.9238804444120753,85.2
4472000,17888.000001809265,-1713119.9516790193,331049.2713543278,-1382070.6803246913,300.28451784171637,1428.4328132192022,0.9238804444120753,85.2
4473000,17892.00000181008,-1713578.582579026,331614.8650031378,-1381963.7175758881,300.7975502837829,1428.4328132192022,0.9238804444120753,85.2
4474000,17896.000001810895,-1711969.2562328856,331353.0848771883,-1380616.1713556973,300.56009765753276,1428.4328132192022,0.9238804444120753,85.2
4475000,17900.00000181171,-1713629.4184971955,333475.1303311124,-1380154.288166083,302.4849392177119,1428.4328132192022,0.9238804444120753,85.2
4476000,17904.000001812525,-1714087.0763138998,333429.1665945258,-1380657.909719374,302.4432469390288,1428.4328132192022,0.9238804444120753,85.2
4477000,17908.00000181334,-1712759.086235026,331764.74638932,-1380994.3398457058,300.93350303667387,1428.4328132192022,0.9238804444120753,85.2
4478000,17912.000001814155,-1712951.4381555282,332137.9310303402,-1380813.507125188,301.2720072404024,1428.4328132192022,0.9238804444120753,85.2
4479000,17916.00000181497,-1713755.5441162437,332063.99281466653,-1381691.5513015771,301.204940180104,1428.4328132192022,0.9238804444120753,85.2
4480000,17920.000001815784,-1715904.0963997673,333329.85031305236,-1382574.246086715,302.35316022301197,1428.4328132192022,0.9238804444120753,85.2
4481000,17924.0000018166,-1714629.8287512772,331783.53205402347,-1382846.2966972538,300.95054292999475,1428.4328132192022,0.9238804444120753,85.2
4482000,17928.000001817414,-1715659.1456380282,332639.4174260874,-1383019.7282119407,301.72688998318887,1428.4328132192022,0.9238804444120753,85.2
4483000,17932.00000181823,-1713694.1103264298,331035.2570993304,-1382658.8532270994,300.27180594602913,1428.4328132192022,0.9238804444120753,85.2
4484000,17936.000001819044,-1714947.778630823,332421.6162680116,-1382526.1623628112,301.5293293135321,1428.4328132192022,0.9238804444120753,85.2
4485000,17940.00000181986,-1712425.689920416,331386.10035850795,-1381039.589561908,300.59004497579394,1428.4328132192022,0.9238804444120753,85.2
4486000,17944.000001820674,-1712352.1833394691,332255.125320544,-1380097.0580189251,301.3783105431817,1428.4328132192022,0.9238804444120753,85.2
4487000,17948.00000182149,-1712220.7569954675,331035.0729956932,-1381185.6839997743,300.27163895133464,1428.4328132192022,0.9238804444120753,85.2
4488000,17952.000001822304,-1712860.6667192057,331912.57440554985,-1380948.092313656,301.0675932414204,1428.4328132192022,0.9238804444120753,85.2
4489000,17956.00000182312,-1714877.0172767807,332796.8909187496,-1382080.126358031,301.8697293001989,1428.4328132192022,0.9238804444120753,85.2
4490000,17960.000001823933,-1713547.8706311267,332585.43184788787,-1380962.4387832389,301.67792134098727,1428.4328132192022,0.9238804444120753,85.2
4491000,17964.00000182475,-1714602.8962229788,333358.59113559907,-1381244.3050873796,302.37923013099123,1428.4328132192022,0.9238804444120753,85.2
4492000,17968.000001825563,-1713304.540857682,331345.3378211531,-1381959.203036529,300.553070543482,1428.4328132192022,0.9238804444120753,85.2
4493000,17972.000001826378,-1713267.631608989,330762.90366307256,-1382504.7279459166,300.0247625982077,1428.4328132192022,0.9238804444120753,85.2
4494000,17976.000001827193,-1714988.2881118264,331372.94831567013,-1383615.3397961562,300.5781151659924,1428.4328132192022,0.9238804444120753,85.2
4495000,17980.000001828008,-1712297.6670670733,333015.7072354635,-1379281.9598316099,302.06821078874447,1428.4328132192022,0.9238804444120753,85.2
4496000,17984.000001828823,-1712507.6886084843,332271.4413499331,-1380236.2472585512,301.39311030696956,1428.4328132192022,0.9238804444120753,85.2
4497000,17988.000001829638,-1714889.8907735236,331496.5671874567,-1383393.323586067,300.6902460072981,1428.4328132192022,0.9238804444120753,85.2
4498000,17992.000001830453,-1711998.3721273337,331157.8193290521,-1380840.5527982814,300.3829783401173,1428.4328132192022,0.9238804444120753,85.2
4499000,17996.000001831268,-1711890.301270131,331945.4935977633,-1379944.8076723677,301.0974532188223,1428.4328132192022,0.9238804444120753,85.2
4500000,18000.000001832082,-1710442.4945054892,331568.9183231732,-1378873.576182316,300.7558734766323,1428.4328132192022,0.9238804444120753,85.2
4501000,18004.000001832897,-1713037.3442535717,330350.5526155245,-1382686.7916380472,299.65073176289445,1428.4328132192022,0.9238804444120753,85.2
4502000,18008.000001833712,-1712032.325288074,332542.5365700064,-1379489.7887180676,301.6390123659467,1428.4328132192022,0.9238804444120753,85.2
4503000,18012.000001834527,-1711478.319764685,333442.23652701866,-1378036.0832376662,302.4551022690852,1428.4328132192022,0.9238804444120753,85.2
4504000,18016.000001835342,-1712494.5939746276,331235.1812132153,-1381259.4127614123,300.4531509038273,1428.4328132192022,0.9238804444120753,85.2
4505000,18020.000001836157,-1712333.7213037796,332449.80837310624,-1379883.9129306735,301.5549014969435,1428.4328132192022,0.9238804444120753,85.2
4506000,18024.000001836972,-1713504.9801326133,330965.9238302998,-1382539.0563023135,300.2089158898871,1428.4328132192022,0.9238804444120753,85.2
4507000,18028.000001837787,-1714085.3447302673,330715.98127389734,-1383369.3634563698,299.9822007555194,1428.4328132192022,0.9238804444120753,85.2
4508000,18032.0000018386,-1713451.9969071075,332499.9590673215,-1380952.0378397861,301.60039163492274,1428.4328132192022,0.9238804444120753,85.2
4509000,18036.000001839417,-1712588.6947082467,331398.5969678824,-1381190.0977403643,300.6013802622464,1428.4328132192022,0.9238804444120753,85.2
4510000,18040.00000184023,-1710780.6453998163,331992.558902887,-1378788.0864969294,301.14014469613113,1428.4328132192022,0.9238804444120753,85.2
4511000,18044.000001841046,-1711611.484107837,331319.8063167562,-1380291.677791081,300.5299117083749,1428.4328132192022,0.9238804444120753,85.2
4512000,18048.00000184186,-1714721.2215481065,332429.40591313946,-1382291.815634967,301.5363950588267,1428.4328132192022,0.9238804444120753,85.2
4513000,18052.000001842676,-1715418.6788805164,331060.3720930849,-1384358.3067874315,300.29458697726153,1428.4328132192022,0.9238804444120753,85.2
4514000,18056.00000184349,-1713877.8595507126,331332.9845540541,-1382544.8749966584,300.54186527835816,1428.4328132192022,0.9238804444120753,85.2
4515000,18060.000001844306,-1712466.155910138,331839.26122346567,-1380626.8946866724,301.0010931296892,1428.4328132192022,0.9238804444120753,85.2
4516000,18064.00000184512,-1712043.552704038,331907.82657811185,-1380135.7261259262,301.0632866345302,1428.4328132192022,0.9238804444120753,85.2
4517000,18068.000001845936,-1712531.9630831666,332349.61817772954,-1380182.344905437,301.4640220807524,1428.4328132192022,0.9238804444120753,85.2
4518000,18072.00000184675,-1713577.760029288,330815.9713059092,-1382761.788723379,300.07289860973555,1428.4328132192022,0.9238804444120753,85.2
4519000,18076.000001847566,-1712731.0370748509,330979.3992301697,-1381751.6378446813,300.22113900681506,1428.4328132192022,0.9238804444120753,85.2
4520000,18080.00000184838,-1710580.0478996132,330721.8212009014,-1379858.2266987117,299.9874979720258,1428.4328132192022,0.9238804444120753,85.2
4521000,18084.000001849196,-1711828.1393601745,331766.03275128966,-1380062.1066088849,300.93466985568625,1428.4328132192022,0.9238804444120753,85.2
4522000,18088.00000185001,-1714877.2455981597,331740.2976441886,-1383136.947953971,300.91132633888634,1428.4328132192022,0.9238804444120753,85.2
4523000,18092.000001850825,-1717212.5281630643,331959.44320472504,-1385253.084958339,301.11010647428316,1428.4328132192022,0.9238804444120753,85.2
4524000,18096.00000185164,-1713833.5813722722,330460.79786160187,-1383372.7835106703,299.75073180345413,1428.4328132192022,0.9238804444120753,85.2
4525000,18100.000001852455,-1712289.0530203823,331652.7159986983,-1380636.337021684,300.8318837469113,1428.4328132192022,0.9238804444120753,85.2
4526000,18104.00000185327,-1711621.3859884683,331944.08240632556,-1379677.3035821428,301.09617317087435,1428.4328132192022,0.9238804444120753,85.2
4527000,18108.000001854085,-1714779.0284318607,331019.1072047589,-1383759.9212271017,300.25715687797725,1428.4328132192022,0.9238804444120753,85.2
4528000,18112.0000018549,-1713437.8282908034,330887.07004667935,-1382550.758244124,300.13739007048997,1428.4328132192022,0.9238804444120753,85.2
4529000,18116.000001855715,-1716288.614520982,333768.57644222595,-1382520.038078756,302.75111507615054,1428.4328132192022,0.9238804444120753,85.2
4530000,18120.00000185653,-1713343.0279757194,331961.927300636,-1381381.1006750835,301.11235972057443,1428.4328132192022,0.9238804444120753,85.2
4531000,18124.000001857345,-1712341.6166519895,332064.81617809366,-1380276.8004738959,301.2056870275105,1428.4328132192022,0.9238804444120753,85.2
4532000,18128.00000185816,-1712708.7513199653,331160.31772458507,-1381548.4335953803,300.38524455715174,1428.4328132192022,0.9238804444120753,85.2
4533000,18132.000001858974,-1712094.9494109154,331371.81436174025,-1380723.135049175,300.57708659158203,1428.4328132192022,0.9238804444120753,85.2
4534000,18136.00000185979,-1711771.8357891236,329836.4780891979,-1381935.3576999255,299.18443071761146,1428.4328132192022,0.9238804444120753,85.2
4535000,18140.000001860604,-1711015.8070581611,332186.2085420807,-1378829.5985160805,301.3157982727049,1428.4328132192022,0.9238804444120753,85.2
4536000,18144.00000186142,-1711894.9044042341,332026.9640132164,-1379867.9403910178,301.17135250373116,1428.4328132192022,0.9238804444120753,85.2
4537000,18148.000001862234,-1712442.7317284476,330776.942818871,-1381665.7889095766,300.0374970806387,1428.4328132192022,0.9238804444120753,85.2
4538000,18152.00000186305,-1712216.668012306,332755.8033004748,-1379460.8647118313,301.83245999707543,1428.4328132192022,0.9238804444120753,85.2
4539000,18156.000001863864,-1712286.583387835,330673.91913752945,-1381612.6642503054,299.944047497284,1428.4328132192022,0.9238804444120753,85.2
4540000,18160.00000186468,-1713459.3690300565,332786.22661757,-1380673.1424124865,301.86005604363277,1428.4328132192022,0.9238804444120753,85.2
4541000,18164.000001865494,-1711802.6226436328,333386.7531703057,-1378415.8694733272,302.4047750384871,1428.4328132192022,0.9238804444120753,85.2
4542000,18168.00000186631,-1711142.9102113005,333359.9678773168,-1377782.9423339837,302.38047893066755,1428.4328132192022,0.9238804444120753,85.2
4543000,18172.000001867124,-1712373.0391414165,331318.7825055534,-1381054.256635863,300.52898304101336,1428.4328132192022,0.9238804444120753,85.2
4544000,18176.00000186794,-1712228.7586872727,331716.193178355,-1380512.5655089177,300.88946192616294,1428.4328132192022,0.9238804444120753,85.2
4545000,18180.000001868753,-1710256.6023553684,331883.9773958418,-1378372.6249595266,301.0416537816029,1428.4328132192022,0.9238804444120753,85.2
4546000,18184.00000186957,-1712050.4590862747,331491.6504165832,-1380558.8086696914,300.6857861570617,1428.4328132192022,0.9238804444120753,85.2
4547000,18188.000001870383,-1712357.5434509479,331908.88301304437,-1380448.6604379034,301.0642448938643,1428.4328132192022,0.9238804444120753,85.2
4548000,18192.000001871198,-1711473.233643761,329918.9193222722,-1381554.3143214886,299.2592106010492,1428.4328132192022,0.9238804444120753,85.2
4549000,18196.000001872013,-1713713.9807434548,331301.60551805247,-1382412.3752254024,300.51340232884746,1428.4328132192022,0.9238804444120753,85.2
4550000,18200.000001872828,-1712334.452897912,332356.8726821598,-1379977.5802157521,301.4706024165318,1428.4328132192022,0.9238804444120753,85.2
4551000,18204.000001873643,-1711633.537394518,331960.4721025138,-1379673.0652920043,301.1110397555291,1428.4328132192022,0.9238804444120753,85.2
4552000,18208.000001874458,-1712951.8400364053,331438.5864498104,-1381513.253586595,300.6376534799773,1428.4328132192022,0.9238804444120753,85.2
4553000,18212.000001875273,-1711545.01237382,330958.18879978766,-1380586.8235740322,300.20189968381504,1428.4328132192022,0.9238804444120753,85.2
4554000,18216.000001876087,-1712414.4190603662,331157.925608257,-1381256.4934521092,300.383074742685,1428.4328132192022,0.9238804444120753,85.2
4555000,18220.000001876902,-1711597.0653463695,331093.0602469449,-1380504.0050994246,300.3242373869447,1428.4328132192022,0.9238804444120753,85.2
4556000,18224.000001877717,-1714357.089828385,331806.89605460153,-1382550.1937737835,300.97173568966986,1428.4328132192022,0.9238804444120753,85.2
4557000,18228.000001878532,-1710106.410647275,332219.9761663367,-1377886.4344809381,301.3464278364761,1428.4328132192022,0.9238804444120753,85.2
4558000,18232.000001879347,-1713567.0767998751,331786.8002459555,-1381780.2765539195,300.95350740544734,1428.4328132192022,0.9238804444120753,85.2
4559000,18236.000001880162,-1713133.348161256,332507.01621359156,-1380626.3319476643,301.60679295324127,1428.4328132192022,0.9238804444120753,85.2
4560000,18240.000001880977,-1714954.4160986412,332583.90446958353,-1382370.5116290576,301.6765359035392,1428.4328132192022,0.9238804444120753,85.2
4561000,18244.000001881792,-1710941.70346977,331308.0574776942,-1379633.6459920758,300.5192547011612,1428.4328132192022,0.9238804444120753,85.2
4562000,18248.000001882607,-1711586.9612051193,331512.7989765102,-1380074.162228609,300.7049693592924,1428.4328132192022,0.9238804444120753,85.2
4563000,18252.00000188342,-1712659.656112507,333175.0175253606,-1379484.6385871463,302.2127162075097,1428.4328132192022,0.9238804444120753,85.2
4564000,18256.000001884237,-1711683.7750043385,331527.1755471111,-1380156.5994572274,300.7180099002168,1428.4328132192022,0.9238804444120753,85.2
4565000,18260.00000188505,-1711740.8366454616,330982.71333507064,-1380758.1233103909,300.2241451284965,1428.4328132192022,0.9238804444120753,85.2
4566000,18264.000001885866,-1712187.5140532516,333228.4501018601,-1378959.0639513915,302.26118323903506,1428.4328132192022,0.9238804444120753,85.2
4567000,18268.00000188668,-1713763.9686168581,332235.1711474146,-1381528.7974694436,301.3602107321397,1428.4328132192022,0.9238804444120753,85.2
4568000,18272.000001887496,-1711288.0300974008,332832.0913038944,-1378455.9387935065,301.9016584768976,1428.4328132192022,0.9238804444120753,85.2
4569000,18276.00000188831,-1711956.9663195014,331409.8387496054,-1380547.127569896,300.6115773334876,1428.4328132192022,0.9238804444120753,85.2
4570000,18280.000001889126,-1714244.020542886,331320.5453559747,-1382923.4751869114,300.53058206790934,1428.4328132192022,0.9238804444120753,85.2
4571000,18284.00000188994,-1710458.5446595643,332189.1275615803,-1378269.4170979839,301.3184460246827,1428.4328132192022,0.9238804444120753,85.2
4572000,18288.000001890756,-1715034.9714169037,331910.0043611838,-1383124.9670557198,301.0652620339535,1428.4328132192022,0.9238804444120753,85.2
4573000,18292.00000189157,-1711360.5841339082,329667.79888548696,-1381692.7852484211,299.03142704794914,1428.4328132192022,0.9238804444120753,85.2
4574000,18296.000001892386,-1712625.3722727876,331232.9276757952,-1381392.4445969923,300.45110678998634,1428.4328132192022,0.9238804444120753,85.2
4575000,18300.0000018932,-1713086.4332515337,331313.5032350419,-1381772.9300164918,300.5241943786079,1428.4328132192022,0.9238804444120753,85.2
4576000,18304.000001894015,-1713249.73249086,331913.74802759936,-1381335.9844632605,301.0686577975507,1428.4328132192022,0.9238804444120753,85.2
4577000,18308.00000189483,-1716354.6961846538,331522.0920506022,-1384832.6041340516,300.7133988183321,1428.4328132192022,0.9238804444120753,85.2
4578000,18312.000001895645,-1712989.188648885,331103.9294850796,-1381885.2591638055,300.3340965354613,1428.4328132192022,0.9238804444120753,85.2
4579000,18316.00000189646,-1711357.669814162,331750.8660415432,-1379606.8037726188,300.92091260406977,1428.4328132192022,0.9238804444120753,85.2
4580000,18320.000001897275,-1711872.6878791451,332417.8155511437,-1379454.8723280015,301.5258818012405,1428.4328132192022,0.9238804444120753,85.2
4581000,18324.00000189809,-1713380.3351572603,332539.2479300386,-1380841.0872272216,301.63602934271563,1428.4328132192022,0.9238804444120753,85.2
4582000,18328.000001898905,-1714836.284275487,332775.1687463899,-1382061.1155290972,301.85002579193616,1428.4328132192022,0.9238804444120753,85.2
4583000,18332.00000189972,-1713103.7103361767,332729.80580695876,-1380373.9045292179,301.80887847770333,1428.4328132192022,0.9238804444120753,85.2
4584000,18336.000001900535,-1712841.458527863,331458.34472505143,-1381383.1138028116,300.6555755981256,1428.4328132192022,0.9238804444120753,85.2
4585000,18340.00000190135,-1712880.8102276362,332420.73924305,-1380460.0709845861,301.5285337914134,1428.4328132192022,0.9238804444120753,85.2
4586000,18344.000001902165,-1712775.5168564692,331971.23849690915,-1380804.27835956,301.120805617682,1428.4328132192022,0.9238804444120753,85.2
4587000,18348.00000190298,-1712414.8017132897,331187.6220770709,-1381227.1796362188,300.4100114877287,1428.4328132192022,0.9238804444120753,85.2
4588000,18352.000001903794,-1715760.822897097,331026.493027134,-1384734.3298699632,300.26385632818807,1428.4328132192022,0.9238804444120753,85.2
4589000,18356.00000190461,-1713240.7623131014,332948.59993613895,-1380292.1623769626,302.0073398406258,1428.4328132192022,0.9238804444120753,85.2
4590000,18360.000001905424,-1710550.9583049957,331346.8771206571,-1379204.0811843385,300.55446679428024,1428.4328132192022,0.9238804444120753,85.2
4591000,18364.00000190624,-1710232.236838229,330941.327950896,-1379290.908887333,300.18660573116836,1428.4328132192022,0.9238804444120753,85.2
4592000,18368.000001907054,-1712138.2342539895,332909.6454817707,-1379228.588772219,301.97200546426575,1428.4328132192022,0.9238804444120753,85.2
4593000,18372.00000190787,-1713007.2363702524,329506.5723053587,-1383500.6640648937,298.8851834217994,1428.4328132192022,0.9238804444120753,85.2
4594000,18376.000001908684,-1712061.0145036243,330405.55383243377,-1381655.4606711906,299.70062165944296,1428.4328132192022,0.9238804444120753,85.2
4595000,18380.0000019095,-1713006.175340226,332244.7357063227,-1380761.439633903,301.3688864466288,1428.4328132192022,0.9238804444120753,85.2
4596000,18384.000001910314,-1712103.2823622487,330358.60812614224,-1381744.6742361065,299.6580386665222,1428.4328132192022,0.9238804444120753,85.2
4597000,18388.00000191113,-1714585.108455481,330975.3949724197,-1383609.7134830612,300.21750686890744,1428.4328132192022,0.9238804444120753,85.2
4598000,18392.000001911943,-1711573.9137854595,333273.7887595785,-1378300.125025881,302.30230852808,1428.4328132192022,0.9238804444120753,85.2
4599000,18396.00000191276,-1713697.3449165244,331365.66723143647,-1382331.677685088,300.5715107204985,1428.4328132192022,0.9238804444120753,85.2
4600000,18400.000001913573,-1712263.9463519026,332886.8984163394,-1379377.0479355631,301.9513723073118,1428.4328132192022,0.9238804444120753,85.2
4601000,18404.000001914388,-1708550.3468309473,330934.57936570654,-1377615.7674652408,300.1804842990279,1428.4328132192022,0.9238804444120753,85.2
4602000,18408.000001915203,-1711989.9731949884,331007.4812285328,-1380982.4919664557,300.24661131582815,1428.4328132192022,0.9238804444120753,85.2
4603000,18412.000001916018,-1711607.5533486176,332636.09357422165,-1378971.459774396,301.72387502033814,1428.4328132192022,0.9238804444120753,85.2
4604000,18416.000001916833,-1711468.3938912973,331474.8318586133,-1379993.562032684,300.67053056519734,1428.4328132192022,0.9238804444120753,85.2
4605000,18420.000001917648,-1710235.7546294741,331649.61347544694,-1378586.141154027,300.8290695443764,1428.4328132192022,0.9238804444120753,85.2
4606000,18424.000001918463,-1712460.2833551075,332944.0330823868,-1379516.2502727206,302.0031973893484,1428.4328132192022,0.9238804444120753,85.2
4607000,18428.000001919278,-1712234.0824722461,331648.60746869724,-1380585.475003549,300.82815702688146,1428.4328132192022,0.9238804444120753,85.2
4608000,18432.000001920092,-1712660.4272577632,330903.0636861675,-1381757.3635715959,300.15189740440604,1428.4328132192022,0.9238804444120753,85.2
4609000,18436.000001920907,-1713734.614733193,332719.3843834065,-1381015.2303497866,301.79942552789373,1428.4328132192022,0.9238804444120753,85.2
4610000,18440.000001921722,-1714147.4222279377,331734.6639535368,-1382412.758274401,300.9062161929732,1428.4328132192022,0.9238804444120753,85.2
4611000,18444.000001922537,-1713899.330755746,331417.60513838317,-1382481.725617363,300.6186219836691,1428.4328132192022,0.9238804444120753,85.2
4612000,18448.000001923352,-1713847.141761193,329913.98395530955,-1383933.1578058836,299.2547338828776,1428.4328132192022,0.9238804444120753,85.2
4613000,18452.000001924167,-1712360.0557916537,331483.0873911333,-1380876.9684005203,300.67801890248364,1428.4328132192022,0.9238804444120753,85.2
4614000,18456.000001924982,-1714443.5994731653,331444.171010831,-1382999.4284623344,300.642719061927,1428.4328132192022,0.9238804444120753,85.2
4615000,18460.000001925797,-1712700.0626271497,330760.47169114236,-1381939.5909360074,300.02255663196144,1428.4328132192022,0.9238804444120753,85.2
4616000,18464.00000192661,-1713371.7412399463,332125.1129007709,-1381246.6283391754,301.2603803129616,1428.4328132192022,0.9238804444120753,85.2
4617000,18468.000001927427,-1714978.0018613357,330824.03112401825,-1384153.9707373176,300.080209420555,1428.4328132192022,0.9238804444120753,85.2
4618000,18472.00000192824,-1713146.5858782325,331476.0425200119,-1381670.5433582207,300.67162871857147,1428.4328132192022,0.9238804444120753,85.2
4619000,18476.000001929056,-1712302.436726898,331135.28244653216,-1381167.154280366,300.36253583355784,1428.4328132192022,0.9238804444120753,85.2
4620000,18480.00000192987,-1710930.8280626237,332010.9464107912,-1378919.8816518325,301.1568234337787,1428.4328132192022,0.9238804444120753,85.2
4621000,18484.000001930686,-1714351.0931814685,332790.91783568234,-1381560.1753457861,301.8643113019609,1428.4328132192022,0.9238804444120753,85.2
4622000,18488.0000019315,-1712567.1596600749,331558.85944761394,-1381008.300212461,300.7467493828532,1428.4328132192022,0.9238804444120753,85.1
4623000,18492.000001932316,-1710026.693104783,331916.3457138903,-1378110.347390893,301.07101407814963,1428.4328132192022,0.9238804444120753,85.1
4624000,18496.00000193313,-1712336.7066007722,332088.86499614327,-1380247.841604629,301.2275009638564,1428.4328132192022,0.9238804444120753,85.1
4625000,18500.000001933946,-1714467.0186571032,331741.76449880376,-1382725.2541582994,300.91265687717464,1428.4328132192022,0.9238804444120753,85.1
4626000,18504.00000193476,-1711835.4574025199,331559.6048586999,-1380275.85254382,300.7474255221107,1428.4328132192022,0.9238804444120753,85.1
4627000,18508.000001935576,-1712435.7494072355,332123.17693687783,-1380312.5724703576,301.25862426020905,1428.4328132192022,0.9238804444120753,85.1
4628000,18512.00000193639,-1712943.4805002082,331912.37340071274,-1381031.1070994954,301.0674109161721,1428.4328132192022,0.9238804444120753,85.1
4629000,18516.000001937206,-1713306.3111231476,331893.6366664779,-1381412.6744566697,301.0504154061605,1428.4328132192022,0.9238804444120753,85.1
4630000,18520.00000193802,-1715159.3655736893,331744.7423510223,-1383414.623222667,300.91535799448565,1428.4328132192022,0.9238804444120753,85.1
4631000,18524.000001938835,-1713492.9055859875,331794.2159127679,-1381698.6896732196,300.9602339266208,1428.4328132192022,0.9238804444120753,85.1
4632000,18528.00000193965,-1711493.8148510717,331172.59081356257,-1380321.2240375092,300.3963770951905,1428.4328132192022,0.9238804444120753,85.1
4633000,18532.000001940465,-1711970.9736925643,333164.2316661881,-1378806.742026376,302.20293268946153,1428.4328132192022,0.9238804444120753,85.1
4634000,18536.00000194128,-1711880.4992069378,332058.8328280162,-1379821.6663789216,301.20025971638626,1428.4328132192022,0.9238804444120753,85.1
4635000,18540.000001942095,-1712686.9211238567,331154.2332352172,-1381532.6878886395,300.37972550571675,1428.4328132192022,0.9238804444120753,85.1
4636000,18544.00000194291,-1711508.7992689256,330946.7160180018,-1380562.0832509238,300.1914930795873,1428.4328132192022,0.9238804444120753,85.1
4637000,18548.000001943725,-1713233.17600126,331066.4988261115,-1382166.6771751486,300.3001443466081,1428.4328132192022,0.9238804444120753,85.1
4638000,18552.00000194454,-1712698.0108833946,330674.4344294474,-1382023.5764539472,299.94451490258746,1428.4328132192022,0.9238804444120753,85.1
4639000,18556.000001945355,-1715124.5644685961,332262.26394916174,-1382862.3005194343,301.38478577160845,1428.4328132192022,0.9238804444120753,85.1
4640000,18560.00000194617,-1712067.1643782295,330996.79199493316,-1381070.3723832965,300.23691544383774,1428.4328132192022,0.9238804444120753,85.1
4641000,18564.000001946984,-1710296.6717123017,331618.61406245845,-1378678.0576498432,300.80095093911694,1428.4328132192022,0.9238804444120753,85.1
4642000,18568.0000019478,-1712815.1286347415,330459.3656365995,-1382355.762998142,299.7494326766126,1428.4328132192022,0.9238804444120753,85.1
4643000,18572.000001948614,-1713372.4950414374,333140.4272730723,-1380232.0677683651,302.1813404633858,1428.4328132192022,0.9238804444120753,85.1
4644000,18576.00000194943,-1712084.8568308875,334251.0573077254,-1377833.7995231622,303.18875849240595,1428.4328132192022,0.9238804444120753,85.1
4645000,18580.000001950244,-1713253.685076572,331927.36631043494,-1381326.3187661371,301.0810105191815,1428.4328132192022,0.9238804444120753,85.1
4646000,18584.00000195106,-1714062.732046796,332456.1155660767,-1381606.6164807193,301.5606225559034,1428.4328132192022,0.9238804444120753,85.1
4647000,18588.000001951874,-1714811.2051020358,332622.98669416556,-1382188.2184078703,301.71198617629403,1428.4328132192022,0.9238804444120753,85.1
4648000,18592.00000195269,-1715419.1375529692,332670.4431506558,-1382748.6944023133,301.7550324548656,1428.4328132192022,0.9238804444120753,85.1
4649000,18596.000001953504,-1714202.7610381842,332870.32174317155,-1381332.4392950125,301.9363361216429,1428.4328132192022,0.9238804444120753,85.1
4650000,18600.00000195432,-1713552.0870731566,332616.84542909253,-1380935.241644064,301.7064156253792,1428.4328132192022,0.9238804444120753,85.1
4651000,18604.000001955133,-1714948.1985713262,331604.16967508267,-1383344.0288962435,300.78784888370114,1428.4328132192022,0.9238804444120753,85.1
4652000,18608.00000195595,-1711956.9966413379,331659.4761607133,-1380297.5204806246,300.83801568003076,1428.4328132192022,0.9238804444120753,85.1
4653000,18612.000001956763,-1712743.805736022,330012.45166149805,-1382731.354074524,299.34405088259433,1428.4328132192022,0.9238804444120753,85.1
4654000,18616.00000195758,-1713155.4240239616,330398.5665740523,-1382756.8574499092,299.69428373425876,1428.4328132192022,0.9238804444120753,85.1
4655000,18620.000001958393,-1711648.0060142782,332074.0833633713,-1379573.9226509067,301.21409300361023,1428.4328132192022,0.9238804444120753,85.1
4656000,18624.000001959208,-1713076.1661669444,331017.82037207315,-1382058.3457948712,300.25598963199303,1428.4328132192022,0.9238804444120753,85.1
4657000,18628.000001960023,-1711155.4378042351,332232.65062116674,-1378922.7871830685,301.3579244410207,1428.4328132192022,0.9238804444120753,85.1
4658000,18632.000001960838,-1710742.3324466702,332541.0710080735,-1378201.2614385965,301.6376830002103,1428.4328132192022,0.9238804444120753,85.1
4659000,18636.000001961653,-1712956.5167559162,332848.8170921004,-1380107.6996638158,301.91682992018883,1428.4328132192022,0.9238804444120753,85.1
4660000,18640.000001962468,-1712173.5462744944,331906.28551331186,-1380267.2607611825,301.0618887824868,1428.4328132192022,0.9238804444120753,85.1
4661000,18644.000001963283,-1713909.5114170145,331330.1369040936,-1382579.3745129209,300.53928226347375,1428.4328132192022,0.9238804444120753,85.1
4662000,18648.000001964097,-1712621.51932415,331459.39065639954,-1381162.1286677504,300.6565243299844,1428.4328132192022,0.9238804444120753,85.1
4663000,18652.000001964912,-1711327.3081074376,332126.67090221826,-1379200.6372052194,301.2617935277121,1428.4328132192022,0.9238804444120753,85.1
4664000,18656.000001965727,-1712798.282961443,330851.65440952475,-1381946.6285519183,300.10526564537486,1428.4328132192022,0.9238804444120753,85.1
4665000,18660.000001966542,-1715132.8097666316,332729.20560224133,-1382403.6041643904,301.80833405063527,1428.4328132192022,0.9238804444120753,85.1
4666000,18664.000001967357,-1711219.1867582034,331912.421600784,-1379306.7651574195,301.0674546369606,1428.4328132192022,0.9238804444120753,85.1
4667000,18668.000001968172,-1714245.4972976968,332152.3582385154,-1382093.1390591813,301.2850937130986,1428.4328132192022,0.9238804444120753,85.1
4668000,18672.000001968987,-1713959.9917336442,331957.5467671276,-1382002.4449665165,301.10838627460646,1428.4328132192022,0.9238804444120753,85.1
4669000,18676.0000019698,-1710588.105431484,330797.782243548,-1379790.323187936,300.0563998758801,1428.4328132192022,0.9238804444120753,85.1
4670000,18680.000001970617,-1711848.301212728,331908.2833887129,-1379940.017824015,301.0637009932464,1428.4328132192022,0.9238804444120753,85.1
4671000,18684.00000197143,-1713350.7666777838,332688.27332486544,-1380662.4933529184,301.7712056524192,1428.4328132192022,0.9238804444120753,85.1
4672000,18688.000001972247,-1712881.632703431,332498.2476053864,-1380383.3850980445,301.5988392209275,1428.4328132192022,0.9238804444120753,85.1
4673000,18692.00000197306,-1712104.4461785667,331766.0464330781,-1380338.3997454885,300.9346822660118,1428.4328132192022,0.9238804444120753,85.1
4674000,18696.000001973876,-1712762.8056863975,331823.3065532722,-1380939.4991331254,300.9866211436106,1428.4328132192022,0.9238804444120753,85.1
4675000,18700.00000197469,-1712455.2921692077,332324.6337100797,-1380130.6584591279,301.4413594456979,1428.4328132192022,0.9238804444120753,85.1
4676000,18704.000001975506,-1713002.4859325401,334099.7675526694,-1378902.7183798708,303.0515282518271,1428.4328132192022,0.9238804444120753,85.1
4677000,18708.00000197632,-1713746.4478964768,331456.01014069887,-1382290.437755778,300.65345796912794,1428.4328132192022,0.9238804444120753,85.1
4678000,18712.000001977136,-1711925.3980583977,332388.2441312919,-1379537.1539271057,301.49905848422856,1428.4328132192022,0.9238804444120753,85.1
4679000,18716.00000197795,-1713328.3789474182,331565.7315559343,-1381762.647391484,300.75298285899134,1428.4328132192022,0.9238804444120753,85.1
4680000,18720.000001978766,-1712605.9502467532,331544.7227491337,-1381061.2274976196,300.7339264224834,1428.4328132192022,0.9238804444120753,85.1
4681000,18724.00000197958,-1713724.4312333688,329467.9764825867,-1384256.454750782,298.8501743490279,1428.4328132192022,0.9238804444120753,85.1
4682000,18728.000001980396,-1710469.2744285949,331622.98815247277,-1378846.286276122,300.8049185403915,1428.4328132192022,0.9238804444120753,85.1
4683000,18732.00000198121,-1713930.8903735615,331545.5820131918,-1382385.3083603699,300.73470583423784,1428.4328132192022,0.9238804444120753,85.1
4684000,18736.000001982025,-1711243.9326074645,332099.6704529769,-1379144.2621544877,301.23730225833464,1428.4328132192022,0.9238804444120753,85.1
4685000,18740.00000198284,-1711594.0285580233,332921.80184725346,-1378672.2267107698,301.9830321260456,1428.4328132192022,0.9238804444120753,85.1
4686000,18744.000001983655,-1710811.5492124185,332666.0328133933,-1378145.5163990252,301.7510319748375,1428.4328132192022,0.9238804444120753,85.1
4687000,18748.00000198447,-1712520.3771455307,331496.4170630029,-1381023.9600825277,300.69010983406605,1428.4328132192022,0.9238804444120753,85.1
4688000,18752.000001985285,-1712081.21656912,330126.88325075805,-1381954.333318362,299.4478482251055,1428.4328132192022,0.9238804444120753,85.1
4689000,18756.0000019861,-1714760.9499327764,332825.7664275019,-1381935.1835052744,301.89592137785445,1428.4328132192022,0.9238804444120753,85.1
4690000,18760.000001986915,-1712954.990861576,330333.89971593325,-1382621.0911456428,299.6356264346031,1428.4328132192022,0.9238804444120753,85.1
4691000,18764.00000198773,-1709970.6686510984,333389.9304064868,-1376580.7382446115,302.4076570108014,1428.4328132192022,0.9238804444120753,85.1
4692000,18768.000001988545,-1712409.5110632386,331065.93759875663,-1381343.573464482,300.29963527469573,1428.4328132192022,0.9238804444120753,85.1
4693000,18772.00000198936,-1711308.4725552201,332062.26467442914,-1379246.207880791,301.2033726377384,1428.4328132192022,0.9238804444120753,85.1
4694000,18776.000001990174,-1710848.76154349,331886.7987013799,-1378961.96284211,301.0442129002795,1428.4328132192022,0.9238804444120753,85.1
4695000,18780.00000199099,-1713799.3491862305,331978.526086917,-1381820.8230993135,301.1274159643618,1428.4328132192022,0.9238804444120753,85.1
4696000,18784.000001991804,-1713152.8826305848,332767.33691577363,-1380385.5457148112,301.8429217814944,1428.4328132192022,0.9238804444120753,85.1
4697000,18788.00000199262,-1713214.6146309394,332141.7102469569,-1381072.9043839825,301.27543525048355,1428.4328132192022,0.9238804444120753,85.1
4698000,18792.000001993434,-1711097.4884865545,331376.9708177844,-1379720.5176687702,300.5817638527965,1428.4328132192022,0.9238804444120753,85.1
4699000,18796.00000199425,-1712605.338849917,331792.22668201383,-1380813.1121679032,300.95842955715216,1428.4328132192022,0.9238804444120753,85.1
4700000,18800.000001995064,-1711561.195204515,332664.8156638539,-1378896.3795406611,301.7499279362722,1428.4328132192022,0.9238804444120753,85.1
4701000,18804.00000199588,-1710333.5895361751,332496.93270767434,-1377836.6568285008,301.597646518029,1428.4328132192022,0.9238804444120753,85.1
4702000,18808.000001996694,-1713148.3830832262,332640.0524966343,-1380508.3305865917,301.7274660359686,1428.4328132192022,0.9238804444120753,85.1
4703000,18812.00000199751,-1714666.7807882167,331650.3319969397,-1383016.4487912771,300.82972129291863,1428.4328132192022,0.9238804444120753,85.1
4704000,18816.000001998324,-1713036.970758345,332402.43090837507,-1380634.53984997,301.51192686934445,1428.4328132192022,0.9238804444120753,85.1
4705000,18820.00000199914,-1712666.7726377547,333248.01526435727,-1379418.7573733975,302.2789301906079,1428.4328132192022,0.9238804444120753,85.1
4706000,18824.000001999953,-1714040.4441656321,332006.9683693479,-1382033.4757962842,301.1532150758691,1428.4328132192022,0.9238804444120753,85.1
4707000,18828.00000200077,-1713469.2115682196,332876.53011428844,-1380592.6814539311,301.941967542367,1428.4328132192022,0.9238804444120753,85.1
4708000,18832.000002001583,-1713680.862502914,331552.0492943876,-1382128.8132085265,300.74057210425764,1428.4328132192022,0.9238804444120753,85.1
4709000,18836.000002002398,-1711377.291577736,332129.81065243855,-1379247.4809252974,301.264641497675,1428.4328132192022,0.9238804444120753,85.1
4710000,18840.000002003213,-1710254.9448054973,331645.74739555584,-1378609.1974099413,300.82556274331534,1428.4328132192022,0.9238804444120753,85.1
4711000,18844.000002004028,-1711838.6574806832,331716.8330224311,-1380121.8244582522,300.8900423088628,1428.4328132192022,0.9238804444120753,85.1
4712000,18848.000002004843,-1712722.571284255,330501.285844534,-1382221.285439721,299.7874571959718,1428.4328132192022,0.9238804444120753,85.1
4713000,18852.000002005658,-1712800.4183381237,331293.9876783403,-1381506.4306597835,300.50649242291234,1428.4328132192022,0.9238804444120753,85.1
4714000,18856.000002006473,-1711709.9342330825,332442.03489871393,-1379267.8993343685,301.54785041962106,1428.4328132192022,0.9238804444120753,85.1
4715000,18860.000002007288,-1712058.6195434704,331924.0737940188,-1380134.5457494515,301.0780239797445,1428.4328132192022,0.9238804444120753,85.1
4716000,18864.000002008102,-1712143.4419569876,332267.51580063556,-1379875.926156352,301.389549563056,1428.4328132192022,0.9238804444120753,85.1
4717000,18868.000002008917,-1710828.5065846592,332423.77129486366,-1378404.7352897956,301.5312840714947,1428.4328132192022,0.9238804444120753,85.1
4718000,18872.000002009732,-1714007.3334907275,331022.5444035757,-1382984.7890871516,300.2602746543288,1428.4328132192022,0.9238804444120753,85.1
4719000,18876.000002010547,-1714128.5475566778,331934.7472433667,-1382193.8003133112,301.0877055343301,1428.4328132192022,0.9238804444120753,85.1
4720000,18880.000002011362,-1711325.3456148207,331295.13951833616,-1380030.2060964846,300.507537221218,1428.4328132192022,0.9238804444120753,85.1
4721000,18884.000002012177,-1714511.7142682038,331948.5414875299,-1382563.172780674,301.10021786501903,1428.4328132192022,0.9238804444120753,85.1
4722000,18888.000002012992,-1712891.5867170487,331765.5055302807,-1381126.081186768,300.9341916298746,1428.4328132192022,0.9238804444120753,85.1
4723000,18892.000002013807,-1713397.6662993897,333213.3238014854,-1380184.3424979043,302.2474626415054,1428.4328132192022,0.9238804444120753,85.1
4724000,18896.00000201462,-1713100.4197800104,330469.4561024147,-1382630.9636775956,299.75858542493233,1428.4328132192022,0.9238804444120753,85.1
4725000,18900.000002015437,-1711700.2748747487,330786.5884064782,-1380913.6864682706,300.0462462937454,1428.4328132192022,0.9238804444120753,85.1
4726000,18904.00000201625,-1714355.0382099375,329618.7099614741,-1384736.3282484633,298.9869000087617,1428.4328132192022,0.9238804444120753,85.1
4727000,18908.000002017066,-1713467.369925119,331673.5432199728,-1381793.826705146,300.85077547282515,1428.4328132192022,0.9238804444120753,85.1
4728000,18912.00000201788,-1713998.1336459443,330902.2866702777,-1383095.8469756665,300.1511925974121,1428.4328132192022,0.9238804444120753,85.1
4729000,18916.000002018696,-1713701.117769286,331457.5960134365,-1382243.5217558495,300.65489646506074,1428.4328132192022,0.9238804444120753,85.1
4730000,18920.00000201951,-1713518.9794642404,330839.48374795367,-1382679.4957162868,300.09422601605706,1428.4328132192022,0.9238804444120753,85.1
4731000,18924.000002020326,-1713644.2820619699,332409.30854418385,-1381234.973517786,301.51816535929584,1428.4328132192022,0.9238804444120753,85.1
4732000,18928.00000202114,-1712873.6823420431,332173.2432392206,-1380700.4391028224,301.3040378489404,1428.4328132192022,0.9238804444120753,85.1
4733000,18932.000002021956,-1712614.5411630329,330588.41417731665,-1382026.1269857162,299.8664886020611,1428.4328132192022,0.9238804444120753,85.1
4734000,18936.00000202277,-1714729.181430323,331176.7716939243,-1383552.4097363986,300.40016944198663,1428.4328132192022,0.9238804444120753,85.1
4735000,18940.000002023586,-1712607.518013034,332288.7841232247,-1380318.7338898093,301.4088413982799,1428.4328132192022,0.9238804444120753,85.1
4736000,18944.0000020244,-1711125.53943979,332174.11539454106,-1378951.424045249,301.3048289539588,1428.4328132192022,0.9238804444120753,85.1
4737000,18948.000002025216,-1711674.2228415553,333038.9868824304,-1378635.2359591248,302.0893270338773,1428.4328132192022,0.9238804444120753,85.1
4738000,18952.00000202603,-1712201.5983564071,332268.50073065073,-1379933.0976257564,301.3904429624992,1428.4328132192022,0.9238804444120753,85.1
4739000,18956.000002026845,-1709817.695655834,331983.604809103,-1377834.0908467309,301.1320227156065,1428.4328132192022,0.9238804444120753,85.1
4740000,18960.00000202766,-1712089.815146586,334359.4225555311,-1377730.3925910548,303.28705324489096,1428.4328132192022,0.9238804444120753,85.1
4741000,18964.000002028475,-1712205.803502025,332064.31860231457,-1380141.4848997104,301.20523569196666,1428.4328132192022,0.9238804444120753,85.1
4742000,18968.00000202929,-1713977.5932367742,331813.512172312,-1382164.0810644622,300.97773696467203,1428.4328132192022,0.9238804444120753,85.1
4743000,18972.000002030105,-1713821.2454035357,331157.01601453626,-1382664.2293889993,300.3822496784559,1428.4328132192022,0.9238804444120753,85.1
4744000,18976.00000203092,-1713986.415266456,331452.40279221756,-1382534.0124742384,300.6501858552974,1428.4328132192022,0.9238804444120753,85.1
4745000,18980.000002031735,-1713156.782816209,332536.79129962815,-1380619.9915165808,301.6338010095273,1428.4328132192022,0.9238804444120753,85.1
4746000,18984.00000203255,-1714077.058289405,329667.23583824036,-1384409.8224511645,299.03091632526946,1428.4328132192022,0.9238804444120753,85.1
4747000,18988.000002033365,-1713200.7524618153,331450.7020716784,-1381750.050390137,300.6486431844889,1428.4328132192022,0.9238804444120753,85.1
4748000,18992.00000203418,-1715103.650317818,332519.1297429735,-1382584.5205748444,301.61778075972376,1428.4328132192022,0.9238804444120753,85.1
4749000,18996.000002034994,-1715725.4082380887,333272.9645757525,-1382452.443662336,302.30156093651516,1428.4328132192022,0.9238804444120753,85.1
4750000,19000.00000203581,-1714858.5816590246,330787.92518729647,-1384070.656471728,300.04745884613027,1428.4328132192022,0.9238804444120753,85.1
4751000,19004.000002036624,-1712173.2386500053,331908.1398271476,-1380265.0988228577,301.0635707730068,1428.4328132192022,0.9238804444120753,85.1
4752000,19008.00000203744,-1714094.7022269946,332055.408181446,-1382039.2940455484,301.19715332578795,1428.4328132192022,0.9238804444120753,85.1
4753000,19012.000002038254,-1714350.5436906144,331895.19526057673,-1382455.3484300377,301.0518291584867,1428.4328132192022,0.9238804444120753,85.1
4754000,19016.00000203907,-1710476.4876925685,330469.52414908324,-1380006.9635434852,299.75864714795307,1428.4328132192022,0.9238804444120753,85.1
4755000,19020.000002039884,-1713730.3736928217,332297.7408198357,-1381432.6328729861,301.41696573974815,1428.4328132192022,0.9238804444120753,85.1
4756000,19024.0000020407,-1710674.8965120222,331905.4964706121,-1378769.4000414102,301.0611730663468,1428.4328132192022,0.9238804444120753,85.1
4757000,19028.000002041514,-1710430.7045227177,332230.29495270253,-1378200.4095700153,301.35578768727987,1428.4328132192022,0.9238804444120753,85.1
4758000,19032.00000204233,-1712464.5595221277,332417.8148581466,-1380046.7446639813,301.5258811726443,1428.4328132192022,0.9238804444120753,85.1
4759000,19036.000002043143,-1712545.6076084487,331790.9296128721,-1380754.6779955765,300.95725302599635,1428.4328132192022,0.9238804444120753,85.1
4760000,19040.00000204396,-1709750.8290910833,330944.0811499049,-1378806.7479411783,300.1891030725264,1428.4328132192022,0.9238804444120753,85.1
4761000,19044.000002044773,-1711594.2824848965,331726.38122421573,-1379867.9012606808,300.8987031863129,1428.4328132192022,0.9238804444120753,85.1
4762000,19048.00000204559,-1713702.6950312424,331853.0244081535,-1381849.670623089,301.0135772872922,1428.4328132192022,0.9238804444120753,85.1
4763000,19052.000002046403,-1710367.7867460344,331947.0271467962,-1378420.7595992382,301.0988442535466,1428.4328132192022,0.9238804444120753,85.1
4764000,19056.000002047218,-1714138.4601136986,332038.09143525106,-1382100.3686784476,301.1814458428491,1428.4328132192022,0.9238804444120753,85.1
4765000,19060.000002048033,-1709925.3241980653,332708.8957885232,-1377216.4284095422,301.78991164905483,1428.4328132192022,0.9238804444120753,85.1
4766000,19064.000002048848,-1711257.961859852,330615.6486274565,-1380642.3132323956,299.8911921263899,1428.4328132192022,0.9238804444120753,85.1
4767000,19068.000002049663,-1712827.6388073862,332926.9479680867,-1379900.6908392995,301.9877000125111,1428.4328132192022,0.9238804444120753,85.1
4768000,19072.000002050478,-1712520.6623535827,331904.2218764451,-1380616.4404771375,301.0600169215429,1428.4328132192022,0.9238804444120753,85.1
4769000,19076.000002051293,-1713047.6017815731,332742.1322822668,-1380305.4694993063,301.8200594408253,1428.4328132192022,0.9238804444120753,85.1
4770000,19080.000002052107,-1711527.7370977718,332983.3189827952,-1378544.4181149767,302.03883241012284,1428.4328132192022,0.9238804444120753,85.1
4771000,19084.000002052922,-1714088.438952174,332253.13470087474,-1381835.3042512992,301.37650491387114,1428.4328132192022,0.9238804444120753,85.1
4772000,19088.000002053737,-1712330.0590185635,331746.314657522,-1380583.7443610416,300.9167841849051,1428.4328132192022,0.9238804444120753,85.1
4773000,19092.000002054552,-1711425.2908979058,332298.1203205018,-1379127.170577404,301.41730997302216,1428.4328132192022,0.9238804444120753,85.1
4774000,19096.000002055367,-1712900.6680553705,332346.8860307838,-1380553.7820245866,301.46154383506735,1428.4328132192022,0.9238804444120753,85.1
4775000,19100.000002056182,-1711851.8588303253,331768.574645983,-1380083.2841843423,300.9369755294588,1428.4328132192022,0.9238804444120753,85.1
4776000,19104.000002056997,-1714657.5833754353,332418.90106780396,-1382238.6823076312,301.52686643970713,1428.4328132192022,0.9238804444120753,85.1
4777000,19108.00000205781,-1712320.953775471,330738.6833648929,-1381582.2704105782,300.0027931175588,1428.4328132192022,0.9238804444120753,85.1
4778000,19112.000002058627,-1713839.5708587542,330550.2720840757,-1383289.2987746785,299.8318910932629,1428.4328132192022,0.9238804444120753,85.1
4779000,19116.00000205944,-1712252.4276145063,332043.92895730335,-1380208.498657203,301.18674087789833,1428.4328132192022,0.9238804444120753,85.1
4780000,19120.000002060257,-1714054.8982826434,331170.33407113666,-1382884.5642115069,300.39433007418813,1428.4328132192022,0.9238804444120753,85.1
4781000,19124.00000206107,-1713057.0300041083,331454.46135790227,-1381602.568646206,300.6520531163294,1428.4328132192022,0.9238804444120753,85.1
4782000,19128.000002061886,-1714012.510984389,332236.9778313142,-1381775.5331530748,301.3618495190232,1428.4328132192022,0.9238804444120753,85.1
4783000,19132.0000020627,-1714172.0955286194,332767.8041146349,-1381404.2914139845,301.843345563079,1428.4328132192022,0.9238804444120753,85.1
4784000,19136.000002063516,-1712311.132121414,332627.8576830373,-1379683.2744383765,301.7164044990977,1428.4328132192022,0.9238804444120753,85.1
4785000,19140.00000206433,-1711639.6399603952,332241.53085469245,-1379398.1091057027,301.3659794251978,1428.4328132192022,0.9238804444120753,85.1
4786000,19144.000002065146,-1712972.6435300019,331365.3721076646,-1381607.2714223373,300.57124302288605,1428.4328132192022,0.9238804444120753,85.1
4787000,19148.00000206596,-1714495.7901575975,332189.6332411105,-1382306.156916487,301.31890471088764,1428.4328132192022,0.9238804444120753,85.1
4788000,19152.000002066776,-1712219.0677462574,332236.9699986994,-1379982.097747558,301.3618424143014,1428.4328132192022,0.9238804444120753,85.1
4789000,19156.00000206759,-1711602.831707364,332568.66385182604,-1379034.167855538,301.6627116122602,1428.4328132192022,0.9238804444120753,85.1
4790000,19160.000002068406,-1711456.7465472035,330610.0106398989,-1380846.7359073046,299.8860780828869,1428.4328132192022,0.9238804444120753,85.1
4791000,19164.00000206922,-1710031.6622665152,331781.8566955988,-1378249.8055709163,300.94902326437307,1428.4328132192022,0.9238804444120753,85.1
4792000,19168.000002070035,-1711422.2746201847,331956.33163675544,-1379465.9429834292,301.1072840675651,1428.4328132192022,0.9238804444120753,85.1
4793000,19172.00000207085,-1714665.0716061052,332528.1297064058,-1382136.9418996994,301.62594434718255,1428.4328132192022,0.9238804444120753,85.1
4794000,19176.000002071665,-1712141.219800979,332140.596536677,-1380000.623264302,301.27442503845964,1428.4328132192022,0.9238804444120753,85.1
4795000,19180.00000207248,-1711260.702163566,332642.70025481086,-1378618.001908755,301.7298677352206,1428.4328132192022,0.9238804444120753,85.1
4796000,19184.000002073295,-1712494.3094586097,332511.30427445687,-1379983.0051841529,301.6106825201452,1428.4328132192022,0.9238804444120753,85.1
4797000,19188.00000207411,-1710611.6927635632,331503.7135397525,-1379107.9792238106,300.6967282416334,1428.4328132192022,0.9238804444120753,85.1
4798000,19192.000002074925,-1713025.6907765195,331044.03346807195,-1381981.6573084476,300.27976671768465,1428.4328132192022,0.9238804444120753,85.1
4799000,19196.00000207574,-1709900.0828421172,331318.28432268,-1378581.7985194372,300.52853115479314,1428.4328132192022,0.9238804444120753,85.1
4800000,19200.000002076555,-1713103.8455057032,331706.7034172036,-1381397.1420884996,300.8808540583972,1428.4328132192022,0.9238804444120753,85.1
4801000,19204.00000207737,-1712100.6222146358,332328.10393632506,-1379772.5182783108,301.44450718020465,1428.4328132192022,0.9238804444120753,85.1
4802000,19208.000002078184,-1712857.1751942541,332099.9591410588,-1380757.2160531953,301.23756411833244,1428.4328132192022,0.9238804444120753,85.1
4803000,19212.000002079,-1709604.414971985,332806.4901892287,-1376797.9247827563,301.87843650047654,1428.4328132192022,0.9238804444120753,85.1
4804000,19216.000002079814,-1711945.294234421,331377.903039881,-1380567.39119454,300.582609442523,1428.4328132192022,0.9238804444120753,85.1
4805000,19220.00000208063,-1711915.292542046,332663.59170604334,-1379251.7008360026,301.7488177221355,1428.4328132192022,0.9238804444120753,85.1
4806000,19224.000002081444,-1713063.2988835685,332188.517819229,-1380874.7810643394,301.31789294632307,1428.4328132192022,0.9238804444120753,85.1
4807000,19228.00000208226,-1711998.1332303882,332769.16964536015,-1379228.963585028,301.84458419361204,1428.4328132192022,0.9238804444120753,85.1
4808000,19232.000002083074,-1710293.6644828338,333234.2418987469,-1377059.422584087,302.26643679820614,1428.4328132192022,0.9238804444120753,85.1
4809000,19236.00000208389,-1709106.42406323,332820.1051690272,-1376286.3188942028,301.89078622602494,1428.4328132192022,0.9238804444120753,85.1
4810000,19240.000002084704,-1709675.003865987,332518.1905990418,-1377156.8132669453,301.6169288914156,1428.4328132192022,0.9238804444120753,85.1
4811000,19244.00000208552,-1712107.316921005,331577.7701755196,-1380529.5467454854,300.76390271712256,1428.4328132192022,0.9238804444120753,85.1
4812000,19248.000002086334,-1712335.4515868444,330336.0214094881,-1381999.4301773563,299.6375509569666,1428.4328132192022,0.9238804444120753,85.1
4813000,19252.00000208715,-1710112.8705181386,331950.4469875491,-1378162.4235305896,301.10194628493724,1428.4328132192022,0.9238804444120753,85.1
4814000,19256.000002087963,-1711162.5856320523,330490.17614581523,-1380672.409486237,299.7773799331236,1428.4328132192022,0.9238804444120753,85.1
4815000,19260.00000208878,-1711061.2615304254,331992.08682967455,-1379069.174700751,301.13971649317386,1428.4328132192022,0.9238804444120753,85.1
4816000,19264.000002089593,-1711987.8234898336,333797.867444081,-1378189.9560457526,302.77768403470213,1428.4328132192022,0.9238804444120753,85.1
4817000,19268.000002090408,-1712380.77251333,330800.0472452699,-1381580.72526806,300.0584543886334,1428.4328132192022,0.9238804444120753,85.1
4818000,19272.000002091223,-1712434.3211098835,330768.22847058193,-1381666.0926393014,300.02959256581045,1428.4328132192022,0.9238804444120753,85.1
4819000,19276.000002092038,-1714423.236323895,330459.77402349113,-1383963.4623004037,299.7498031116852,1428.4328132192022,0.9238804444120753,85.1
4820000,19280.000002092853,-1712953.236937115,331656.7632835996,-1381296.4736535153,300.8355549134122,1428.4328132192022,0.9238804444120753,85.1
4821000,19284.000002093668,-1710870.3813279066,331594.767358645,-1379275.6139692618,300.77932033432074,1428.4328132192022,0.9238804444120753,85.1
4822000,19288.000002094483,-1713973.7101871558,332657.698145651,-1381316.0120415047,301.7434718564475,1428.4328132192022,0.9238804444120753,85.1
4823000,19292.000002095298,-1711690.8546421453,332720.01875906094,-1378970.8358830845,301.800000950358,1428.4328132192022,0.9238804444120753,85.1
4824000,19296.000002096112,-1712590.0720490497,332999.1850129914,-1379590.8870360581,302.0532239936115,1428.4328132192022,0.9238804444120753,85.1
4825000,19300.000002096927,-1711269.4806399625,332049.3714579665,-1379220.109181996,301.19167760130756,1428.4328132192022,0.9238804444120753,85.1
4826000,19304.000002097742,-1710392.9423120115,330306.1072557318,-1380086.8350562798,299.6104167566688,1428.4328132192022,0.9238804444120753,85.1
4827000,19308.000002098557,-1712657.777438406,331193.7390884238,-1381464.0383499821,300.4155600388468,1428.4328132192022,0.9238804444120753,85.1
4828000,19312.000002099372,-1711008.2356776968,331200.15884727123,-1379808.0768304255,300.42138320281964,1428.4328132192022,0.9238804444120753,85.1
4829000,19316.000002100187,-1714084.0614209585,330728.98371157894,-1383355.0777093796,299.9939948631277,1428.4328132192022,0.9238804444120753,85.1
4830000,19320.000002101002,-1711431.8169026747,331894.42013540084,-1379537.396767274,301.05112606650056,1428.4328132192022,0.9238804444120753,85.1
4831000,19324.000002101817,-1710073.283598736,330620.0641146974,-1379453.2194840387,299.8951972778036,1428.4328132192022,0.9238804444120753,85.1
4832000,19328.00000210263,-1711079.9408515766,329789.38251278375,-1381290.558338793,299.1417117821547,1428.4328132192022,0.9238804444120753,85.1
4833000,19332.000002103447,-1711868.7202892695,331641.6744649409,-1380227.0458243284,300.82186831438366,1428.4328132192022,0.9238804444120753,85.1
4834000,19336.00000210426,-1711373.8134595696,331621.66890062817,-1379752.1445589415,300.8037218879945,1428.4328132192022,0.9238804444120753,85.1
4835000,19340.000002105076,-1713590.9828999657,332367.81039073947,-1381223.1725092262,301.4805236724635,1428.4328132192022,0.9238804444120753,85.1
4836000,19344.00000210589,-1715193.238061756,332490.8656043677,-1382702.3724573883,301.5921432369504,1428.4328132192022,0.9238804444120753,85.1
4837000,19348.000002106706,-1710513.7772907447,330664.9795262157,-1379848.797764529,299.93593865335856,1428.4328132192022,0.9238804444120753,85.1
4838000,19352.00000210752,-1712718.6592273153,330328.1306105066,-1382390.5286168088,299.63039345815116,1428.4328132192022,0.9238804444120753,85.1
4839000,19356.000002108336,-1713067.5852627475,331137.05630390666,-1381930.5289588408,300.3641448445194,1428.4328132192022,0.9238804444120753,85.1
4840000,19360.00000210915,-1712132.979472177,331645.9417919689,-1380487.0376802082,300.8257390742673,1428.4328132192022,0.9238804444120753,85.1
4841000,19364.000002109966,-1710963.512655247,331278.5794013399,-1379684.9332539071,300.49251605313844,1428.4328132192022,0.9238804444120753,85.1
4842000,19368.00000211078,-1711640.3784682192,331455.62305158016,-1380184.7554166391,300.65310685260414,1428.4328132192022,0.9238804444120753,85.1
4843000,19372.000002111596,-1711490.0916119795,332718.3996066955,-1378771.6920052841,301.798532267508,1428.4328132192022,0.9238804444120753,85.1
4844000,19376.00000211241,-1711462.672393322,333586.8723983443,-1377875.7999949777,302.58629697827746,1428.4328132192022,0.9238804444120753,85.1
4845000,19380.000002113225,-1710783.6070248336,332694.9683050427,-1378088.6387197908,301.7772784611171,1428.4328132192022,0.9238804444120753,85.1
4846000,19384.00000211404,-1711635.320588395,331615.98937670514,-1380019.3312116899,300.79857016814384,1428.4328132192022,0.9238804444120753,85.1
4847000,19388.000002114855,-1711966.5769946538,330823.7459367472,-1381142.8310579066,300.07995073603394,1428.4328132192022,0.9238804444120753,85.1
4848000,19392.00000211567,-1711544.6856542956,333607.3204908881,-1377937.3651634075,302.6048448082883,1428.4328132192022,0.9238804444120753,85.1
4849000,19396.000002116485,-1713769.935409164,331410.77373804146,-1382359.1616711225,300.61242543247477,1428.4328132192022,0.9238804444120753,85.1
4850000,19400.0000021173,-1713317.4120020308,331472.3928304118,-1381845.0191716189,300.6683181984264,1428.4328132192022,0.9238804444120753,85.1
4851000,19404.000002118115,-1714180.4589059874,330163.11750300915,-1384017.3414029782,299.48071519056367,1428.4328132192022,0.9238804444120753,85.1
4852000,19408.00000211893,-1713011.773397904,331867.24796337757,-1381144.5254345264,301.02647903271816,1428.4328132192022,0.9238804444120753,85.1
4853000,19412.000002119745,-1711983.369576972,331556.87383599434,-1380426.4957409776,300.744948296189,1428.4328132192022,0.9238804444120753,85.1
4854000,19416.00000212056,-1713400.5665666256,331407.0753642669,-1381993.4912023586,300.60907075242613,1428.4328132192022,0.9238804444120753,85.1
4855000,19420.000002121375,-1713975.7045015208,332514.6687325852,-1381461.0357689357,301.6137343156762,1428.4328132192022,0.9238804444120753,85.1
4856000,19424.00000212219,-1711686.4201600999,331907.22153397696,-1379779.198626123,301.06273781777674,1428.4328132192022,0.9238804444120753,85.1
4857000,19428.000002123004,-1710954.6332516745,331593.2620863115,-1379361.3711653631,300.7779549485127,1428.4328132192022,0.9238804444120753,85.1
4858000,19432.00000212382,-1711867.9965285212,330850.0556427166,-1381017.9408858046,300.103815453631,1428.4328132192022,0.9238804444120753,85.1
4859000,19436.000002124634,-1713641.9633089527,332382.9966494392,-1381258.9666595135,301.4942986563286,1428.4328132192022,0.9238804444120753,85.1
4860000,19440.00000212545,-1711101.7603857666,331493.0906140863,-1379608.6697716804,300.68709251551115,1428.4328132192022,0.9238804444120753,85.1
4861000,19444.000002126264,-1711842.7844856232,330034.5031775122,-1381808.281308111,299.3640531282628,1428.4328132192022,0.9238804444120753,85.1
4862000,19448.00000212708,-1710636.5771117695,332092.01944215316,-1378544.5576696163,301.2303622639139,1428.4328132192022,0.9238804444120753,85.1
4863000,19452.000002127894,-1711354.339370979,332271.3675243805,-1379082.9718465984,301.39304334210243,1428.4328132192022,0.9238804444120753,85.1
4864000,19456.00000212871,-1710716.0703915935,330657.6031124167,-1380058.4672791767,299.9292477373751,1428.4328132192022,0.9238804444120753,85.1
4865000,19460.000002129524,-1710465.72423237,331927.0467170924,-1378538.6775152776,301.0807206259811,1428.4328132192022,0.9238804444120753,85.1
4866000,19464.00000213034,-1712035.5619037393,332744.87868187495,-1379290.6832218645,301.822550614658,1428.4328132192022,0.9238804444120753,85.1
4867000,19468.000002131153,-1710761.395392608,332181.15402546764,-1378580.2413671403,301.311213477584,1428.4328132192022,0.9238804444120753,85.1
4868000,19472.00000213197,-1711652.5925717466,331640.5706882295,-1380012.021883517,300.82086711279146,1428.4328132192022,0.9238804444120753,85.1
4869000,19476.000002132783,-1713258.5538353734,332802.47987061314,-1380456.0739647602,301.8747988649459,1428.4328132192022,0.9238804444120753,85.1
4870000,19480.000002133598,-1713816.8300374355,331635.6871932855,-1382181.14284415,300.8164374461178,1428.4328132192022,0.9238804444120753,85.1
4871000,19484.000002134413,-1712362.4142413177,330751.1175056352,-1381611.2967356825,300.01407174065406,1428.4328132192022,0.9238804444120753,85.1
4872000,19488.000002135228,-1714445.2698488254,331214.07453942695,-1383231.1953093985,300.4340056952127,1428.4328132192022,0.9238804444120753,85.1
4873000,19492.000002136043,-1713190.9203364328,332201.4319928496,-1380989.4883435832,301.32960699234144,1428.4328132192022,0.9238804444120753,85.1
4874000,19496.000002136858,-1713731.6999079548,330175.29919198446,-1383556.4007159704,299.49176482249754,1428.4328132192022,0.9238804444120753,85.1
4875000,19500.000002137673,-1713799.1835283078,331693.4555376163,-1382105.7279906916,300.868837318055,1428.4328132192022,0.9238804444120753,85.1
4876000,19504.000002138488,-1713846.5618317146,332466.5303565392,-1381380.0314751754,301.5700694890432,1428.4328132192022,0.9238804444120753,85.1
4877000,19508.000002139303,-1713614.210512681,331572.18297959515,-1382042.0275330858,300.7588347451334,1428.4328132192022,0.9238804444120753,85.1
4878000,19512.000002140117,-1712121.3976983875,330868.4876157851,-1381252.9100826024,300.1205345242488,1428.4328132192022,0.9238804444120753,85.1
4879000,19516.000002140932,-1714021.7031091955,331868.6978569772,-1382153.0052522183,301.02779418619576,1428.4328132192022,0.9238804444120753,85.1
4880000,19520.000002141747,-1713468.1801548842,330542.87676293735,-1382925.303391947,299.8251830270188,1428.4328132192022,0.9238804444120753,85.1
4881000,19524.000002142562,-1713364.3289962858,332185.59420575417,-1381178.7347905317,301.31524102729287,1428.4328132192022,0.9238804444120753,85.1
4882000,19528.000002143377,-1715432.2143993843,332237.9193177259,-1383194.2950816585,301.36270351212227,1428.4328132192022,0.9238804444120753,85.1
4883000,19532.000002144192,-1713602.863115441,332073.951038304,-1381528.912077137,301.2139729756492,1428.4328132192022,0.9238804444120753,85.1
4884000,19536.000002145007,-1714889.474211134,331440.58940532565,-1383448.8848058083,300.6394702987508,1428.4328132192022,0.9238804444120753,85.1
4885000,19540.00000214582,-1713502.2015773393,331322.8587515391,-1382179.3428258002,300.53268047721497,1428.4328132192022,0.9238804444120753,85.1
4886000,19544.000002146637,-1713083.1897910945,332271.5329064507,-1380811.6568846437,301.3931933550446,1428.4328132192022,0.9238804444120753,85.1
4887000,19548.00000214745,-1713460.7636973895,332410.6271968576,-1381050.1365005318,301.51936146820344,1428.4328132192022,0.9238804444120753,85.1
4888000,19552.000002148267,-1713399.5178902764,330797.26113138173,-1382602.2567588948,300.05592719121006,1428.4328132192022,0.9238804444120753,85.1
4889000,19556.00000214908,-1713562.0681756157,332564.73944762733,-1380997.3287279885,301.6591519070302,1428.4328132192022,0.9238804444120753,85.1
4890000,19560.000002149896,-1710442.1792960856,332295.78683121025,-1378146.3924648752,301.4151933373204,1428.4328132192022,0.9238804444120753,85.1
4891000,19564.00000215071,-1712343.7195523474,331000.907978345,-1381342.8115740025,300.2406489246251,1428.4328132192022,0.9238804444120753,85.1
4892000,19568.000002151526,-1711139.3604457509,330884.5295366371,-1380254.8309091139,300.13508565269143,1428.4328132192022,0.9238804444120753,85.1
4893000,19572.00000215234,-1712813.888224747,332012.20522177534,-1380801.6830029716,301.1579652621473,1428.4328132192022,0.9238804444120753,85.1
4894000,19576.000002153156,-1711771.2744886,331866.771598628,-1379904.502889972,301.0260469370408,1428.4328132192022,0.9238804444120753,85.1
4895000,19580.00000215397,-1713102.9262031447,331389.27803411195,-1381713.6481690328,300.59292734669515,1428.4328132192022,0.9238804444120753,85.1
4896000,19584.000002154786,-1711280.0174663346,334424.8532007021,-1376855.1642656326,303.3464033520725,1428.4328132192022,0.9238804444120753,85.1
4897000,19588.0000021556,-1714212.7521565277,332050.28903283295,-1382162.4631236948,301.19250990498614,1428.4328132192022,0.9238804444120753,85.1
4898000,19592.000002156416,-1710190.4361262713,332555.44910559576,-1377634.9870206756,301.65072492615775,1428.4328132192022,0.9238804444120753,85.1
4899000,19596.00000215723,-1710351.706811931,331715.20388279133,-1378636.5029291396,300.88856456686614,1428.4328132192022,0.9238804444120753,85.1
4900000,19600.000002158045,-1712078.2145785205,330856.6696096244,-1381221.544968896,300.1098147777069,1428.4328132192022,0.9238804444120753,85.1
4901000,19604.00000215886,-1712349.287747169,331433.6598068542,-1380915.6279403148,300.63318467508117,1428.4328132192022,0.9238804444120753,85.1
4902000,19608.000002159675,-1711799.997253839,332104.71299023984,-1379695.2842635992,301.24187618735886,1428.4328132192022,0.9238804444120753,85.1
4903000,19612.00000216049,-1713805.2373597398,332219.1451812243,-1381586.0921785156,301.34567407567545,1428.4328132192022,0.9238804444120753,85.1
4904000,19616.000002161305,-1716091.0249260664,331691.4577660928,-1384399.5671599736,300.86702520151954,1428.4328132192022,0.9238804444120753,85.1
4905000,19620.00000216212,-1715990.6023974195,331760.5996720844,-1384230.002725335,300.92974167818903,1428.4328132192022,0.9238804444120753,85.1
4906000,19624.000002162935,-1713503.7324536685,332358.61743926385,-1381145.1150144045,301.4721850315413,1428.4328132192022,0.9238804444120753,85.1
4907000,19628.00000216375,-1712811.3646473065,332337.978390889,-1380473.3862564175,301.4534639914236,1428.4328132192022,0.9238804444120753,85.1
4908000,19632.000002164565,-1713320.9748361837,330509.30936419487,-1382811.6654719887,299.79473508159555,1428.4328132192022,0.9238804444120753,85.1
4909000,19636.00000216538,-1711233.6502311658,330385.15171761316,-1380848.4985135526,299.68211553439755,1428.4328132192022,0.9238804444120753,85.1
4910000,19640.000002166194,-1712372.8708350454,332867.79187672486,-1379505.0789583204,301.93404135831946,1428.4328132192022,0.9238804444120753,85.1
4911000,19644.00000216701,-1712736.310814727,332420.85809083603,-1380315.452723891,301.5286415945509,1428.4328132192022,0.9238804444120753,85.1
4912000,19648.000002167824,-1714370.2198720481,332630.9552523101,-1381739.264619738,301.71921420803244,1428.4328132192022,0.9238804444120753,85.1
4913000,19652.00000216864,-1714385.771502966,329899.8183118594,-1384485.9531911067,299.24188466742413,1428.4328132192022,0.9238804444120753,85.1
4914000,19656.000002169454,-1712858.5953246728,331143.1555970189,-1381715.4397276537,300.3696773239714,1428.4328132192022,0.9238804444120753,85.1
4915000,19660.00000217027,-1712890.6474009678,332584.7632928242,-1380305.8841081436,301.6773149154418,1428.4328132192022,0.9238804444120753,85.1
4916000,19664.000002171084,-1714109.5381020624,333837.0128567095,-1380272.5252453529,302.81319162337246,1428.4328132192022,0.9238804444120753,85.1
4917000,19668.0000021719,-1714258.2603119314,332874.2560945506,-1381384.0042173807,301.9399048496514,1428.4328132192022,0.9238804444120753,85.1
4918000,19672.000002172714,-1713565.5751993898,331891.2413968241,-1381674.3338025657,301.04824273140986,1428.4328132192022,0.9238804444120753,85.1
4919000,19676.00000217353,-1712939.3597565908,330930.7671962127,-1382008.5925603781,300.1770263984148,1428.4328132192022,0.9238804444120753,85.1
4920000,19680.000002174344,-1713793.0015118252,331624.33589132846,-1382168.6656204967,300.8061410324719,1428.4328132192022,0.9238804444120753,85.1
4921000,19684.00000217516,-1713902.6757409256,333169.5281160114,-1380733.147624914,302.2077369346875,1428.4328132192022,0.9238804444120753,85.1
4922000,19688.000002175973,-1714729.894857794,331489.9554933235,-1383239.9393644705,300.6842487447855,1428.4328132192022,0.9238804444120753,85.1
4923000,19692.00000217679,-1711279.0628082883,333507.10026877595,-1377771.9625395122,302.5139381557776,1428.4328132192022,0.9238804444120753,85.1
4924000,19696.000002177603,-1713661.6179861147,332886.40726537054,-1380775.2107207442,301.95092679951387,1428.4328132192022,0.9238804444120753,85.1
4925000,19700.000002178418,-1714436.435483249,331596.5107946198,-1382839.924688629,300.780901750975,1428.4328132192022,0.9238804444120753,85.1
4926000,19704.000002179233,-1710857.222558735,332150.78025776835,-1378706.4423009665,301.28366237574556,1428.4328132192022,0.9238804444120753,85.1
4927000,19708.000002180048,-1713399.1862211097,330405.854998092,-1382993.3312230178,299.70089483746295,1428.4328132192022,0.9238804444120753,85.1
4928000,19712.000002180863,-1711545.0649319198,330817.45828883135,-1380727.6066430884,300.0742474057863,1428.4328132192022,0.9238804444120753,85.1
4929000,19716.000002181678,-1713612.287901543,332353.89700335835,-1381258.3908981849,301.4679032706599,1428.4328132192022,0.9238804444120753,85.1
4930000,19720.000002182493,-1713781.2001763731,331985.37485193054,-1381795.8253244427,301.1336282665109,1428.4328132192022,0.9238804444120753,85.1
4931000,19724.000002183308,-1714813.2379480526,331175.541083846,-1383637.6968642066,300.3990531937843,1428.4328132192022,0.9238804444120753,85.1
4932000,19728.000002184122,-1715517.1372989025,332270.56688095315,-1383246.5704179495,301.3923171033025,1428.4328132192022,0.9238804444120753,85.1
4933000,19732.000002184937,-1714366.8377052564,331397.77566582884,-1382969.0620394275,300.60063528464786,1428.4328132192022,0.9238804444120753,85.1
4934000,19736.000002185752,-1713695.1376834046,331115.7638798719,-1382579.3738035327,300.3448311476223,1428.4328132192022,0.9238804444120753,85.1
4935000,19740.000002186567,-1712455.7254111655,329881.98060579837,-1382573.7448053672,299.22570463796194,1428.4328132192022,0.9238804444120753,85.1
4936000,19744.000002187382,-1713805.2997149862,332550.869455963,-1381254.4302590233,301.64657086813423,1428.4328132192022,0.9238804444120753,85.1
4937000,19748.000002188197,-1712792.4364675116,329599.606549138,-1383192.8299183736,298.96957189642666,1428.4328132192022,0.9238804444120753,85.1
4938000,19752.000002189012,-1712193.436354816,330651.13613554544,-1381542.3002192704,299.92338174339864,1428.4328132192022,0.9238804444120753,85.1
4939000,19756.000002189827,-1712875.7184409313,332181.8520578179,-1380693.8663831134,301.3118466410611,1428.4328132192022,0.9238804444120753,85.1
4940000,19760.00000219064,-1712908.4294716008,330525.00485038105,-1382383.4246212197,299.80897196990657,1428.4328132192022,0.9238804444120753,85.1
4941000,19764.000002191457,-1712190.2149628997,331380.25650453963,-1380809.95845836,300.5847441972602,1428.4328132192022,0.9238804444120753,85.1
4942000,19768.00000219227,-1712645.2959566861,333113.74627941824,-1379531.549677268,302.1571389622552,1428.4328132192022,0.9238804444120753,85.1
4943000,19772.000002193086,-1713113.2203123923,332120.08641797246,-1380993.1338944198,301.25582094644375,1428.4328132192022,0.9238804444120753,85.1
4944000,19776.0000021939,-1711063.3337824065,331718.12372412486,-1379345.2100582817,300.8912130643041,1428.4328132192022,0.9238804444120753,85.1
4945000,19780.000002194716,-1710756.5852071457,331342.4733629805,-1379414.1118441653,300.5504722823902,1428.4328132192022,0.9238804444120753,85.1
4946000,19784.00000219553,-1714633.529609425,333722.5871247633,-1380910.9424846617,302.70939959384896,1428.4328132192022,0.9238804444120753,85.1
4947000,19788.000002196346,-1712541.0987509154,332515.99607587844,-1380025.102675037,301.61493830757496,1428.4328132192022,0.9238804444120753,85.1
4948000,19792.00000219716,-1712400.801257871,330210.3992851868,-1382190.4019726843,299.52360302748843,1428.4328132192022,0.9238804444120753,85.1
4949000,19796.000002197976,-1710385.7168313414,332042.1278581758,-1378343.5889731655,301.1851071567882,1428.4328132192022,0.9238804444120753,85.1
4950000,19800.00000219879,-1709646.9311230257,330431.0749165808,-1379215.856206445,299.7237710426648,1428.4328132192022,0.9238804444120753,85.1
4951000,19804.000002199606,-1711030.0092318393,332417.3690439646,-1378612.6401878747,301.5254767884384,1428.4328132192022,0.9238804444120753,85.1
4952000,19808.00000220042,-1714703.9085529745,332248.51780098036,-1382455.3907519942,301.3723170672916,1428.4328132192022,0.9238804444120753,85.1
4953000,19812.000002201235,-1714665.0997678638,330969.1512079345,-1383695.9485599292,300.2118433439575,1428.4328132192022,0.9238804444120753,85.1
4954000,19816.00000220205,-1713037.7887652554,331088.4436738318,-1381949.3450914235,300.32004983677837,1428.4328132192022,0.9238804444120753,85.1
4955000,19820.000002202865,-1712507.83201834,332421.88133229373,-1380085.9506860464,301.52956974511443,1428.4328132192022,0.9238804444120753,85.1
4956000,19824.00000220368,-1709394.8548492603,332479.98500656174,-1376914.8698426986,301.58227378442865,1428.4328132192022,0.9238804444120753,85.1
4957000,19828.000002204495,-1711260.039776355,332600.45529224945,-1378659.5844841055,301.69154864102023,1428.4328132192022,0.9238804444120753,85.1
4958000,19832.00000220531,-1710840.0057542939,330637.6436803688,-1380202.362073925,299.9111431561314,1428.4328132192022,0.9238804444120753,85.1
4959000,19836.000002206125,-1712583.8981379457,331532.42228292406,-1381051.4758550217,300.7227690514073,1428.4328132192022,0.9238804444120753,85.1
4960000,19840.00000220694,-1712717.7336794827,332961.9871337483,-1379755.7465457343,302.01948295202106,1428.4328132192022,0.9238804444120753,85.1
4961000,19844.000002207755,-1711232.5559960138,331509.6610712736,-1379722.8949247403,300.702123062857,1428.4328132192022,0.9238804444120753,85.1
4962000,19848.00000220857,-1712555.881613981,330912.53051755525,-1381643.3510964257,300.16048447329507,1428.4328132192022,0.9238804444120753,85.1
4963000,19852.000002209385,-1714750.1749623865,332844.7081286697,-1381905.4668337167,301.91310280700844,1428.4328132192022,0.9238804444120753,85.1
4964000,19856.0000022102,-1710580.7340763565,332015.39465933654,-1378565.3394170199,301.1608583019547,1428.4328132192022,0.9238804444120753,85.1
4965000,19860.000002211014,-1715345.9496963173,330845.9320752075,-1384500.0176211097,300.10007509354443,1428.4328132192022,0.9238804444120753,85.1
4966000,19864.00000221183,-1712889.7327267062,332304.0351065493,-1380585.697620157,301.42267509184313,1428.4328132192022,0.9238804444120753,85.1
4967000,19868.000002212644,-1715560.297343785,333300.0180993394,-1382260.2792444455,302.326100347984,1428.4328132192022,0.9238804444120753,85.1
4968000,19872.00000221346,-1713443.7733538095,332976.67640559387,-1380467.0969482157,302.0328071345379,1428.4328132192022,0.9238804444120753,85.1
4969000,19876.000002214274,-1710664.8894979488,331289.22570059774,-1379375.663797351,300.5021729807201,1428.4328132192022,0.9238804444120753,85.1
4970000,19880.00000221509,-1710921.0665754974,331686.7706714765,-1379234.2959040208,300.8627736834867,1428.4328132192022,0.9238804444120753,85.1
4971000,19884.000002215904,-1715722.406011207,331709.0634295158,-1384013.3425816912,300.8829947523077,1428.4328132192022,0.9238804444120753,85.1
4972000,19888.00000221672,-1711304.9784172866,331306.85385006276,-1379998.124567224,300.51816292789897,1428.4328132192022,0.9238804444120753,85.1
4973000,19892.000002217534,-1711874.5645408332,330658.5618362406,-1381216.0027045927,299.93011736599567,1428.4328132192022,0.9238804444120753,85.1
4974000,19896.00000221835,-1712902.849640485,333904.302175335,-1378998.5474651498,302.8742276755489,1428.4328132192022,0.9238804444120753,85.1
4975000,19900.000002219163,-1712982.2061167192,330868.33937895775,-1382113.8667377615,300.1204000632242,1428.4328132192022,0.9238804444120753,85.1
4976000,19904.00000221998,-1712512.2559202574,332920.9140737249,-1379591.3418465327,301.9822268542355,1428.4328132192022,0.9238804444120753,85.1
4977000,19908.000002220793,-1711441.9810289275,332201.15160331293,-1379240.8294256146,301.3293526596964,1428.4328132192022,0.9238804444120753,85.1
4978000,19912.000002221608,-1711567.6781886723,332060.18831298477,-1379507.4898756875,301.2014892347252,1428.4328132192022,0.9238804444120753,85.1
4979000,19916.000002222423,-1714049.0911714565,332803.83836188307,-1381245.2528095734,301.8760311102075,1428.4328132192022,0.9238804444120753,85.1
4980000,19920.000002223238,-1712775.0833810363,330771.06852359703,-1382004.0148574393,300.03216868974147,1428.4328132192022,0.9238804444120753,85.1
4981000,19924.000002224053,-1710269.109945247,333677.7705799653,-1376591.3393652816,302.6687478972271,1428.4328132192022,0.9238804444120753,85.1
4982000,19928.000002224868,-1709863.1915963385,331131.69240064913,-1378731.4991956893,300.35927941437706,1428.4328132192022,0.9238804444120753,85.1
4983000,19932.000002225683,-1713909.0071051233,331602.9698495486,-1382306.0372555747,300.78676055920334,1428.4328132192022,0.9238804444120753,85.1
4984000,19936.000002226498,-1710389.2970052194,330745.39425892325,-1379643.902746296,300.00888036121876,1428.4328132192022,0.9238804444120753,85.1
4985000,19940.000002227313,-1714477.6104772817,332685.464989254,-1381792.1454880277,301.76865829836055,1428.4328132192022,0.9238804444120753,85.1
4986000,19944.000002228127,-1712662.219147766,332203.79345169524,-1380458.4256960708,301.3317489983575,1428.4328132192022,0.9238804444120753,85.1
4987000,19948.000002228942,-1709959.2296154425,330701.21131966443,-1379258.018295778,299.9688033885135,1428.4328132192022,0.9238804444120753,85.1
4988000,19952.000002229757,-1712090.6610732041,331149.92455700587,-1380940.7365161981,300.3758172374582,1428.4328132192022,0.9238804444120753,85.1
4989000,19956.000002230572,-1713662.8421065584,331205.8056331337,-1382457.0364734246,300.4265052269918,1428.4328132192022,0.9238804444120753,85.1
4990000,19960.000002231387,-1713265.322129393,331496.6198171908,-1381768.7023122022,300.69029374609613,1428.4328132192022,0.9238804444120753,85.1
4991000,19964.000002232202,-1711819.4997692294,331999.3742310868,-1379820.1255381426,301.14632666878447,1428.4328132192022,0.9238804444120753,85.1
4992000,19968.000002233017,-1711650.5075659975,332625.2371977129,-1379025.2703682845,301.71402753820325,1428.4328132192022,0.9238804444120753,85.1
4993000,19972.00000223383,-1714365.3504936974,331746.6495779392,-1382618.7009157583,300.91708798081913,1428.4328132192022,0.9238804444120753,85.1
4994000,19976.000002234647,-1713990.9572931677,332292.8469218806,-1381698.110371287,301.4125266368261,1428.4328132192022,0.9238804444120753,85.1
4995000,19980.00000223546,-1713860.2750545256,329837.2282270612,-1384023.0468274644,299.18511114438206,1428.4328132192022,0.9238804444120753,85.1
4996000,19984.000002236276,-1714507.5575076044,330977.09449048934,-1383530.463017115,300.21904844899314,1428.4328132192022,0.9238804444120753,85.1
4997000,19988.00000223709,-1712894.0281669777,333493.3078051555,-1379400.7203618223,302.5014274401637,1428.4328132192022,0.9238804444120753,85.1
4998000,19992.000002237906,-1709490.2019172534,332261.9826062863,-1377228.2193109673,301.38453057421935,1428.4328132192022,0.9238804444120753,85.1
4999000,19996.00000223872,-1711646.5770761091,330884.03381045774,-1380762.5432656514,300.13463599486204,1428.4328132192022,0.9238804444120753,85.1
5000000,20000.000002239536,-1711401.387573786,332549.6123926108,-1378851.7751811752,301.6454306249883,1428.4328132192022,0.9238804444120753,85.1
5001000,20004.00000224035,-1712913.4097153489,331178.08096030477,-1381735.3287550441,300.40135703687895,1428.4328132192022,0.9238804444120753,85.1
5002000,20008.000002241166,-1711836.160909973,331879.4478640938,-1379956.7130458793,301.0375451839569,1428.4328132192022,0.9238804444120753,85.1
5003000,20012.00000224198,-1714269.073827915,331580.3052481703,-1382688.7685797447,300.766202202832,1428.4328132192022,0.9238804444120753,85.1
5004000,20016.000002242796,-1710691.4655062743,331178.4714074383,-1379512.994098836,300.40171119935377,1428.4328132192022,0.9238804444120753,85.1
5005000,20020.00000224361,-1709005.7184371036,331293.533447224,-1377712.1849898796,300.5060804039667,1428.4328132192022,0.9238804444120753,85.1
5006000,20024.000002244426,-1712123.694805935,332275.55854755116,-1379848.1362583837,301.3968448891257,1428.4328132192022,0.9238804444120753,85.1
5007000,20028.00000224524,-1713451.3457731474,331470.8898585878,-1381980.4559145595,300.66695489933903,1428.4328132192022,0.9238804444120753,85.1
5008000,20032.000002246055,-1710115.413055217,332697.08084844035,-1377418.3322067766,301.77919468365695,1428.4328132192022,0.9238804444120753,85.1
5009000,20036.00000224687,-1709952.9114353843,330885.3000473271,-1379067.6113880572,300.13578455902064,1428.4328132192022,0.9238804444120753,85.1
5010000,20040.000002247685,-1711832.524782395,331467.5374235549,-1380364.9873588402,300.6639140095847,1428.4328132192022,0.9238804444120753,85.1
5011000,20044.0000022485,-1711335.1563235708,331811.19741026877,-1379523.958913302,300.9756373158759,1428.4328132192022,0.9238804444120753,85.1
5012000,20048.000002249315,-1713859.9935543686,332616.9516359724,-1381243.0419183963,301.70651196234314,1428.4328132192022,0.9238804444120753,85.1
5013000,20052.00000225013,-1712289.274106659,332556.7614588161,-1379732.512647843,301.65191532102676,1428.4328132192022,0.9238804444120753,85.1
5014000,20056.000002250945,-1712234.8050905373,331679.9786828916,-1380554.8264076458,300.85661288147355,1428.4328132192022,0.9238804444120753,85.1
5015000,20060.00000225176,-1714487.7095783763,332713.8590862439,-1381773.8504921324,301.79441370234997,1428.4328132192022,0.9238804444120753,85.1
5016000,20064.000002252575,-1713120.3340993617,332368.7072292317,-1380751.62687013,301.4813371668208,1428.4328132192022,0.9238804444120753,85.1
5017000,20068.00000225339,-1712172.237313185,332011.8597321816,-1380160.3775810034,301.1576518792612,1428.4328132192022,0.9238804444120753,85.1
5018000,20072.000002254204,-1710325.971981544,331596.31935478013,-1378729.652626764,300.780728101839,1428.4328132192022,0.9238804444120753,85.1
5019000,20076.00000225502,-1711882.4531747717,332169.4292199086,-1379713.0239548632,301.30057827041475,1428.4328132192022,0.9238804444120753,85.1
5020000,20080.000002255834,-1712996.4046851024,331815.09763566556,-1381181.307049437,300.9791750892652,1428.4328132192022,0.9238804444120753,85.1
5021000,20084.00000225665,-1712369.1485877763,331340.9565774723,-1381028.192010304,300.54909645333873,1428.4328132192022,0.9238804444120753,85.1
5022000,20088.000002257464,-1712957.1324331444,332154.25316487043,-1380802.879268274,301.28681254197426,1428.4328132192022,0.9238804444120753,85.1
5023000,20092.00000225828,-1713275.3986233976,332024.4687819435,-1381250.9298414541,301.1690891568988,1428.4328132192022,0.9238804444120753,85.1
5024000,20096.000002259094,-1714516.9343096167,331589.55148052995,-1382927.3828290869,300.77458917319035,1428.4328132192022,0.9238804444120753,85.1
5025000,20100.00000225991,-1711418.9213888831,332947.0967943181,-1378471.824594565,302.0059763873396,1428.4328132192022,0.9238804444120753,85.1
5026000,20104.000002260724,-1710549.8262060788,331058.8502629582,-1379490.9759431207,300.29320657239316,1428.4328132192022,0.9238804444120753,85.1
5027000,20108.00000226154,-1712778.4516676217,331251.79015304905,-1381526.6615145728,300.4682163575872,1428.4328132192022,0.9238804444120753,85.1
5028000,20112.000002262354,-1707801.7154607642,332062.65678895195,-1375739.0586718123,301.2037283126503,1428.4328132192022,0.9238804444120753,85.1
5029000,20116.00000226317,-1710400.5329337772,333204.2926265566,-1377196.2403072207,302.239270743067,1428.4328132192022,0.9238804444120753,85.1
5030000,20120.000002263983,-1712745.095626412,331584.855042052,-1381160.24058436,300.7703291796306,1428.4328132192022,0.9238804444120753,85.1
5031000,20124.0000022648,-1711217.9167946372,331101.440936338,-1380116.4758582993,300.33183925014555,1428.4328132192022,0.9238804444120753,85.1
5032000,20128.000002265613,-1713051.178255923,332656.4685341164,-1380394.7097218067,301.7423565139932,1428.4328132192022,0.9238804444120753,85.1
5033000,20132.000002266428,-1713212.8321049232,329894.81733092474,-1383318.0147739984,299.2373484328553,1428.4328132192022,0.9238804444120753,85.1
5034000,20136.000002267243,-1713778.5935916658,332227.1372294318,-1381551.456362234,301.3529234145209,1428.4328132192022,0.9238804444120753,85.1
5035000,20140.000002268058,-1711008.3176484685,331913.17034721153,-1379095.1473012571,301.0681338016029,1428.4328132192022,0.9238804444120753,85.1
5036000,20144.000002268873,-1712336.673253458,330403.9991668944,-1381932.6740865635,299.699211470591,1428.4328132192022,0.9238804444120753,85.1
5037000,20148.000002269688,-1715787.0141600072,331973.5593862586,-1383813.4547737488,301.12291082436747,1428.4328132192022,0.9238804444120753,85.1
5038000,20152.000002270503,-1710157.9696326423,332936.2428764795,-1377221.726756163,301.9961311353881,1428.4328132192022,0.9238804444120753,85.1
5039000,20156.000002271317,-1711104.9946182482,332112.54707393167,-1378992.4475443165,301.24898224149547,1428.4328132192022,0.9238804444120753,85.1
5040000,20160.000002272132,-1711049.5877565667,331277.042027162,-1379772.5457294048,300.49112154874376,1428.4328132192022,0.9238804444120753,85.1
5041000,20164.000002272947,-1711353.4905040897,331930.2822526117,-1379423.2082514782,301.08365547981543,1428.4328132192022,0.9238804444120753,85.1
5042000,20168.000002273762,-1711401.0349510815,331706.40741108556,-1379694.627539996,300.8805855604359,1428.4328132192022,0.9238804444120753,85.1
5043000,20172.000002274577,-1713491.4220312368,331613.9697542012,-1381877.4522770357,300.7967382312622,1428.4328132192022,0.9238804444120753,85.1
5044000,20176.000002275392,-1711571.8052917775,332121.51288184966,-1379450.2924099278,301.2571148475475,1428.4328132192022,0.9238804444120753,85.1
5045000,20180.000002276207,-1711412.7513957508,332142.83598027134,-1379269.9154154793,301.2764563682288,1428.4328132192022,0.9238804444120753,85.1
5046000,20184.000002277022,-1712767.307518784,331107.1592365313,-1381660.1482822527,300.3370261427474,1428.4328132192022,0.9238804444120753,85.1
5047000,20188.000002277837,-1710810.8483946063,329595.32693793427,-1381215.5214566719,298.96568999394844,1428.4328132192022,0.9238804444120753,85.1
5048000,20192.00000227865,-1711076.781701222,332381.22540712066,-1378695.5562941013,301.4926920174032,1428.4328132192022,0.9238804444120753,85.1
5049000,20196.000002279467,-1711414.8541860022,332082.8347327097,-1379332.0194532925,301.2220310990831,1428.4328132192022,0.9238804444120753,85.1
5050000,20200.00000228028,-1711739.5245707892,332494.05328641913,-1379245.47128437,301.5950346843894,1428.4328132192022,0.9238804444120753,85.1
5051000,20204.000002281096,-1713157.8231715783,331056.5415719804,-1382101.281599598,300.291112430472,1428.4328132192022,0.9238804444120753,85.1
5052000,20208.00000228191,-1710763.085454736,331227.1092330995,-1379535.9762216364,300.4458290612291,1428.4328132192022,0.9238804444120753,85.1
5053000,20212.000002282726,-1712635.7204510607,333032.2671511194,-1379603.4532999413,302.0832317741944,1428.4328132192022,0.9238804444120753,85.1
5054000,20216.00000228354,-1714125.789461678,331733.55367026833,-1382392.2357914096,300.905209089485,1428.4328132192022,0.9238804444120753,85.1
5055000,20220.000002284356,-1712322.610691728,331226.8203710362,-1381095.790320692,300.4455670434181,1428.4328132192022,0.9238804444120753,85.1
5056000,20224.00000228517,-1714139.4112306423,331873.41683472326,-1382265.9943959191,301.032074624426,1428.4328132192022,0.9238804444120753,85.1
5057000,20228.000002285986,-1711319.3381496537,331931.8390881297,-1379387.499061524,301.08506763698756,1428.4328132192022,0.9238804444120753,85.1
5058000,20232.0000022868,-1713756.697962761,333509.18439681287,-1380247.513565948,302.5158286036258,1428.4328132192022,0.9238804444120753,85.1
5059000,20236.000002287616,-1711328.415685404,331986.1485005525,-1379342.2671848517,301.13433001916087,1428.4328132192022,0.9238804444120753,85.1
5060000,20240.00000228843,-1712550.190602284,331329.4044077535,-1381220.7861945303,300.53861783878125,1428.4328132192022,0.9238804444120753,85.1
5061000,20244.000002289245,-1710752.1118076704,330970.023009756,-1379782.0887979143,300.2126341283279,1428.4328132192022,0.9238804444120753,85.1
5062000,20248.00000229006,-1714495.8860662375,331843.87112611294,-1382652.0149401245,301.0052746292831,1428.4328132192022,0.9238804444120753,85.1
5063000,20252.000002290875,-1715884.782728536,330697.3473618358,-1385187.4353667002,299.96529851230946,1428.4328132192022,0.9238804444120753,85.1
5064000,20256.00000229169,-1715479.0310590789,331996.10764670826,-1383482.9234123705,301.14336365149376,1428.4328132192022,0.9238804444120753,85.1
5065000,20260.000002292505,-1713661.0152566768,332244.12838598934,-1381416.8868706874,301.36833556520645,1428.4328132192022,0.9238804444120753,85.1
5066000,20264.00000229332,-1714592.514810929,333696.29064834485,-1380896.2241625842,302.6855468763669,1428.4328132192022,0.9238804444120753,85.1
5067000,20268.000002294135,-1711604.91492977,332996.1439702923,-1378608.7709594776,302.0504655581771,1428.4328132192022,0.9238804444120753,85.1
5068000,20272.00000229495,-1712399.6313200202,330999.10863609595,-1381400.5226839243,300.2390167971249,1428.4328132192022,0.9238804444120753,85.1
5069000,20276.000002295765,-1711088.354519181,331835.4068179025,-1379252.9477012784,300.99759691804866,1428.4328132192022,0.9238804444120753,85.1
5070000,20280.00000229658,-1712105.0038296767,331979.4452791299,-1380125.5585505469,301.12824973508515,1428.4328132192022,0.9238804444120753,85.1
5071000,20284.000002297395,-1712017.618185196,333671.6852444393,-1378345.932940757,302.6632280782682,1428.4328132192022,0.9238804444120753,85.1
5072000,20288.00000229821,-1711853.1571714897,332414.8239645141,-1379438.3332069756,301.5231682258714,1428.4328132192022,0.9238804444120753,85.1
5073000,20292.000002299024,-1714036.8321991824,330611.7430034513,-1383425.089195731,299.8876494560905,1428.4328132192022,0.9238804444120753,85.1
5074000,20296.00000229984,-1712587.1869763136,332611.10857455723,-1379976.0784017565,301.70121190270976,1428.4328132192022,0.9238804444120753,85.1
5075000,20300.000002300654,-1712778.1318617128,331151.18440391787,-1381626.947457795,300.3769600054848,1428.4328132192022,0.9238804444120753,85.1
5076000,20304.00000230147,-1712146.9823631234,332200.1224346207,-1379946.8599285027,301.3284191327224,1428.4328132192022,0.9238804444120753,85.1
5077000,20308.000002302284,-1714964.1311865523,331112.4574028389,-1383851.6737837135,300.341831944943,1428.4328132192022,0.9238804444120753,85.1
5078000,20312.0000023031,-1712448.6793525908,333388.90996970603,-1379059.7693828847,302.4067314042733,1428.4328132192022,0.9238804444120753,85.1
5079000,20316.000002303914,-1714663.5114950389,331769.93261038995,-1382893.5788846489,300.93820729681937,1428.4328132192022,0.9238804444120753,85.1
5080000,20320.00000230473,-1715155.7788004111,332292.85957959905,-1382862.9192208122,301.4125381182496,1428.4328132192022,0.9238804444120753,85.1
5081000,20324.000002305544,-1712195.464028744,330356.43206460436,-1381839.0319641395,299.65606482864905,1428.4328132192022,0.9238804444120753,85.1
5082000,20328.00000230636,-1712730.7335599978,332948.8701480955,-1379781.8634119022,302.0075849415038,1428.4328132192022,0.9238804444120753,85.1
5083000,20332.000002307173,-1713517.0204622764,333655.51908715436,-1379861.501375122,302.6485642588138,1428.4328132192022,0.9238804444120753,85.1
5084000,20336.00000230799,-1712138.1660143472,332883.8223980268,-1379254.3436163203,301.94858214658404,1428.4328132192022,0.9238804444120753,85.1
5085000,20340.000002308803,-1710482.4592827037,330492.3668935652,-1379990.0923891384,299.77936709240396,1428.4328132192022,0.9238804444120753,85.1
5086000,20344.000002309618,-1713073.5123451613,332022.5566652792,-1381050.955679882,301.1673547352272,1428.4328132192022,0.9238804444120753,85.1
5087000,20348.000002310433,-1710930.2226668987,331094.4577562141,-1379835.7649106847,300.3255050242223,1428.4328132192022,0.9238804444120753,85.1
5088000,20352.000002311248,-1711716.2112947032,331201.658060364,-1380514.5532343392,300.4227430924786,1428.4328132192022,0.9238804444120753,85.1
5089000,20356.000002312063,-1716010.351083314,332267.9829428992,-1383742.3681404148,301.38997329330266,1428.4328132192022,0.9238804444120753,85.1
5090000,20360.000002312878,-1714568.7635018118,331520.2073239085,-1383048.5561779032,300.71168924125266,1428.4328132192022,0.9238804444120753,85.1
5091000,20364.000002313693,-1712406.948959358,332823.88121229806,-1379583.06774706,301.8942113576626,1428.4328132192022,0.9238804444120753,85.1
5092000,20368.000002314508,-1712454.8227382973,332566.9875280678,-1379887.8352102295,301.66119107101434,1428.4328132192022,0.9238804444120753,85.1
5093000,20372.000002315322,-1711270.1153771095,332110.5444157365,-1379159.570961373,301.24716569241184,1428.4328132192022,0.9238804444120753,85.1
5094000,20376.000002316137,-1712086.3052568138,332457.03660717316,-1379629.2686496405,301.5614580036917,1428.4328132192022,0.9238804444120753,85.1
5095000,20380.000002316952,-1712409.952025678,333031.7288500481,-1379378.22317563,302.0827434980022,1428.4328132192022,0.9238804444120753,85.1
5096000,20384.000002317767,-1714276.6104473025,330242.6595491763,-1384033.9508981262,299.5528653115524,1428.4328132192022,0.9238804444120753,85.1
5097000,20388.000002318582,-1712479.273597965,332028.0862776104,-1380451.1873203546,301.1723704749264,1428.4328132192022,0.9238804444120753,85.1
5098000,20392.000002319397,-1712734.6908775978,330053.10814055917,-1382681.5827370386,299.38092911272025,1428.4328132192022,0.9238804444120753,85.1
5099000,20396.000002320212,-1713183.956620805,331731.69746640086,-1381452.259154404,300.90352538457586,1428.4328132192022,0.9238804444120753,85.1
5100000,20400.000002321027,-1712360.6330101155,330424.48035084386,-1381936.1526592716,299.71778931678875,1428.4328132192022,0.9238804444120753,85.1
5101000,20404.00000232184,-1714322.8991327938,330567.10643721785,-1383755.7926955759,299.84716101243777,1428.4328132192022,0.9238804444120753,85.1
5102000,20408.000002322657,-1713038.9616589565,331144.1121757587,-1381894.8494831978,300.37054500685286,1428.4328132192022,0.9238804444120753,85.1
5103000,20412.00000232347,-1712597.5537528004,332570.12394686684,-1380027.4298059335,301.66403601914845,1428.4328132192022,0.9238804444120753,85.1
5104000,20416.000002324286,-1712725.9742100686,331902.4727113681,-1380823.5014987006,301.05843030819796,1428.4328132192022,0.9238804444120753,85.1
5105000,20420.0000023251,-1712585.845674295,331364.0827308451,-1381221.76294345,300.570073469197,1428.4328132192022,0.9238804444120753,85.1
5106000,20424.000002325916,-1713561.366583908,332269.93814423744,-1381291.4284396705,301.3917467957445,1428.4328132192022,0.9238804444120753,85.1
5107000,20428.00000232673,-1713039.2356166951,331002.31127990916,-1382036.924336786,300.24192181591366,1428.4328132192022,0.9238804444120753,85.1
5108000,20432.000002327546,-1711987.2335938513,333379.82762173703,-1378607.4059721143,302.3984930883586,1428.4328132192022,0.9238804444120753,85.1
5109000,20436.00000232836,-1713437.5450712964,332842.9992055037,-1380594.5458657928,301.9115526958518,1428.4328132192022,0.9238804444120753,85.1
5110000,20440.000002329176,-1714233.2676120065,332592.0788115352,-1381641.1888004714,301.6839505953813,1428.4328132192022,0.9238804444120753,85.1
5111000,20444.00000232999,-1715167.7292496655,333215.34670842625,-1381952.3825412393,302.2492975575978,1428.4328132192022,0.9238804444120753,85.1
5112000,20448.000002330806,-1712301.6617122255,333037.31593985204,-1379264.3457723735,302.08781137373273,1428.4328132192022,0.9238804444120753,85.1
5113000,20452.00000233162,-1714117.4553856626,329778.1138897894,-1384339.3414958732,299.1314903640294,1428.4328132192022,0.9238804444120753,85.1
5114000,20456.000002332436,-1712262.911253227,331751.1139745705,-1380511.7972786564,300.9211374964226,1428.4328132192022,0.9238804444120753,85.1
5115000,20460.00000233325,-1712106.1506916992,333071.44556927413,-1379034.7051224252,302.11876930115307,1428.4328132192022,0.9238804444120753,85.1
5116000,20464.000002334065,-1714460.7163507622,332091.41401590523,-1382369.302334857,301.2298131005576,1428.4328132192022,0.9238804444120753,85.1
5117000,20468.00000233488,-1714850.9125044923,330527.6371214943,-1384323.275382998,299.8113596213242,1428.4328132192022,0.9238804444120753,85.1
5118000,20472.000002335695,-1710642.7375665978,332852.2189794841,-1377790.5185871136,301.9199156666356,1428.4328132192022,0.9238804444120753,85.1
5119000,20476.00000233651,-1712180.374347778,331616.226387052,-1380564.1479607262,300.7987851528723,1428.4328132192022,0.9238804444120753,85.1
5120000,20480.000002337325,-1711428.502532158,331020.99258869,-1380407.509943468,300.2588670512164,1428.4328132192022,0.9238804444120753,85.1
5121000,20484.00000233814,-1711537.3774898853,331336.159769655,-1380201.2177202303,300.54474541786686,1428.4328132192022,0.9238804444120753,85.1
5122000,20488.000002338955,-1713474.8050161302,331938.5762409723,-1381536.2287751578,301.09117869920107,1428.4328132192022,0.9238804444120753,85.1
5123000,20492.00000233977,-1712819.6975369696,331746.08482904325,-1381073.6127079264,300.91657571462616,1428.4328132192022,0.9238804444120753,85.1
5124000,20496.000002340585,-1710753.6295666192,330988.0726586359,-1379765.5569079833,300.22900640454213,1428.4328132192022,0.9238804444120753,85.1
5125000,20500.0000023414,-1711304.4690018184,331315.98618880165,-1379988.4828130167,300.5264465888892,1428.4328132192022,0.9238804444120753,85.1
5126000,20504.000002342214,-1712856.6777912267,331830.1695492945,-1381026.5082419321,300.992846354266,1428.4328132192022,0.9238804444120753,85.1
5127000,20508.00000234303,-1710691.7333581597,332617.97995944804,-1378073.7533987116,301.7074447226474,1428.4328132192022,0.9238804444120753,85.1
5128000,20512.000002343844,-1712975.5564003717,332438.8780589568,-1380536.6783414148,301.5449869482698,1428.4328132192022,0.9238804444120753,85.1
5129000,20516.00000234466,-1714621.5140624847,332437.82323025377,-1382183.690832231,301.54403014589656,1428.4328132192022,0.9238804444120753,85.1
5130000,20520.000002345474,-1714291.4408703484,332330.44877869915,-1381960.9920916492,301.44663411393526,1428.4328132192022,0.9238804444120753,85.1
5131000,20524.00000234629,-1712733.653063098,331068.4693632452,-1381665.1836998528,300.301931759674,1428.4328132192022,0.9238804444120753,85.1
5132000,20528.000002347104,-1711104.1297106594,332711.3329964786,-1378392.7967141808,301.792122364737,1428.4328132192022,0.9238804444120753,85.1
5133000,20532.00000234792,-1710132.8231442384,330915.09970719117,-1379217.7234370473,300.16281490546277,1428.4328132192022,0.9238804444120753,85.1
5134000,20536.000002348734,-1713216.9363003895,333240.8293769344,-1379976.1069234551,302.27241209518604,1428.4328132192022,0.9238804444120753,85.1
5135000,20540.00000234955,-1711598.7834515218,331531.2784988277,-1380067.504952694,300.721731560358,1428.4328132192022,0.9238804444120753,85.1
5136000,20544.000002350364,-1713084.9917810857,331873.84581959335,-1381211.1459614923,301.03246374328535,1428.4328132192022,0.9238804444120753,85.1
5137000,20548.00000235118,-1712751.518818792,332142.3287400701,-1380609.1900787218,301.27599626638766,1428.4328132192022,0.9238804444120753,85.1
5138000,20552.000002351993,-1714026.008964574,331452.60260060296,-1382573.406363971,300.65036709528147,1428.4328132192022,0.9238804444120753,85.1
5139000,20556.00000235281,-1712308.021625949,331470.3719192471,-1380837.649706702,300.6664850926406,1428.4328132192022,0.9238804444120753,85.1
5140000,20560.000002353623,-1709872.5438535605,332376.1326706079,-1377496.4111829526,301.4880725541977,1428.4328132192022,0.9238804444120753,85.1
5141000,20564.000002354438,-1710256.61774721,332643.40597540076,-1377613.2117718093,301.7305078724612,1428.4328132192022,0.9238804444120753,85.1
5142000,20568.000002355253,-1707909.8327488601,332282.8746568779,-1375626.9580919822,301.4034811047943,1428.4328132192022,0.9238804444120753,85.1
5143000,20572.000002356068,-1711055.6698612478,331898.8009387668,-1379156.8689224808,301.055099757248,1428.4328132192022,0.9238804444120753,85.1
5144000,20576.000002356883,-1712784.9505000692,331002.2696235557,-1381782.6808765135,300.24188403072844,1428.4328132192022,0.9238804444120753,85.1
5145000,20580.000002357698,-1713316.9460545126,330896.08354919706,-1382420.8625053156,300.1455659388329,1428.4328132192022,0.9238804444120753,85.1
5146000,20584.000002358513,-1712362.0947144553,332955.6435907665,-1379406.4511236888,302.0137289210942,1428.4328132192022,0.9238804444120753,85.1
5147000,20588.000002359327,-1713087.3488902133,332347.7821595222,-1380739.5667306911,301.46235668562895,1428.4328132192022,0.9238804444120753,85.1
5148000,20592.000002360142,-1712855.7860119995,331304.58188285324,-1381551.2041291462,300.516102096968,1428.4328132192022,0.9238804444120753,85.1
5149000,20596.000002360957,-1713359.4559233468,331716.5074439889,-1381642.9484793579,300.88974698676424,1428.4328132192022,0.9238804444120753,85.1
5150000,20600.000002361772,-1711890.6368921362,332052.4118060294,-1379838.225086107,301.19443540665895,1428.4328132192022,0.9238804444120753,85.1
5151000,20604.000002362587,-1711788.1573880874,333275.1157177428,-1378513.0416703445,302.3035121706403,1428.4328132192022,0.9238804444120753,85.1
5152000,20608.000002363402,-1713387.4280181695,331525.7434818198,-1381861.6845363497,300.71671091824436,1428.4328132192022,0.9238804444120753,85.1
5153000,20612.000002364217,-1712395.442391565,332020.7730812208,-1380374.6693103444,301.1657369014926,1428.4328132192022,0.9238804444120753,85.1
5154000,20616.000002365032,-1711242.4023954216,332256.6866146568,-1378985.7157807648,301.3797267446068,1428.4328132192022,0.9238804444120753,85.1
5155000,20620.000002365847,-1712957.4030638728,332207.32479354035,-1380750.0782703324,301.33495216892777,1428.4328132192022,0.9238804444120753,85.1
5156000,20624.00000236666,-1710601.2292668,331957.36660630687,-1378643.8626604932,301.1082228563184,1428.4328132192022,0.9238804444120753,85.1
5157000,20628.000002367477,-1710782.25944769,332859.6160701683,-1377922.6433775218,301.92662533797983,1428.4328132192022,0.9238804444120753,85.1
5158000,20632.00000236829,-1715251.9734330252,331947.5824817412,-1383304.390951284,301.09934798063694,1428.4328132192022,0.9238804444120753,85.1
5159000,20636.000002369106,-1713190.0780999884,331324.8299906091,-1381865.2481093793,300.5344685269855,1428.4328132192022,0.9238804444120753,85.1
5160000,20640.00000236992,-1713533.5352066942,332549.32941961614,-1380984.205787078,301.6451739489687,1428.4328132192022,0.9238804444120753,85.1
5161000,20644.000002370736,-1711359.0518254805,331561.0376440541,-1379798.0141814265,300.74872515722996,1428.4328132192022,0.9238804444120753,85.1
5162000,20648.00000237155,-1711346.517425388,330688.1470764516,-1380658.3703489364,299.95695321902645,1428.4328132192022,0.9238804444120753,85.1
5163000,20652.000002372366,-1711769.7820586562,333121.0084304103,-1378648.773628246,302.16372623399343,1428.4328132192022,0.9238804444120753,85.1
5164000,20656.00000237318,-1709718.923677545,333478.65975694254,-1376240.2639206024,302.4881406503243,1428.4328132192022,0.9238804444120753,85.1
5165000,20660.000002373996,-1711628.3946436625,333305.1317992441,-1378323.2628444184,302.33073882643157,1428.4328132192022,0.9238804444120753,85.1
5166000,20664.00000237481,-1709985.093638368,331719.55085169716,-1378265.5427866708,300.892507567425,1428.4328132192022,0.9238804444120753,85.1
5167000,20668.000002375626,-1711953.513029227,331456.08421202673,-1380497.4288172002,300.6535251569302,1428.4328132192022,0.9238804444120753,85.1
5168000,20672.00000237644,-1711860.857602818,331322.7012108609,-1380538.156391957,300.5325375769561,1428.4328132192022,0.9238804444120753,85.1
5169000,20676.000002377255,-1710844.8789754752,330438.0757193857,-1380406.8032560896,299.73012125357496,1428.4328132192022,0.9238804444120753,85.1
5170000,20680.00000237807,-1711949.316593077,331119.96441867115,-1380829.352174406,300.34864132597676,1428.4328132192022,0.9238804444120753,85.1
5171000,20684.000002378885,-1711014.4808813706,330708.0849330602,-1380306.3959483104,299.97503822985885,1428.4328132192022,0.9238804444120753,85.1
5172000,20688.0000023797,-1712054.7768417187,331488.4579133273,-1380566.3189283914,300.6828903364578,1428.4328132192022,0.9238804444120753,85.1
5173000,20692.000002380515,-1713157.8919644114,330240.78472176165,-1382917.1072426497,299.55116471380165,1428.4328132192022,0.9238804444120753,85.1
5174000,20696.00000238133,-1711247.7513980549,331030.24993282143,-1380217.5014652335,300.26726410071785,1428.4328132192022,0.9238804444120753,85.1
5175000,20700.000002382145,-1712832.1840741578,331713.8885131215,-1381118.2955610363,300.88737143586945,1428.4328132192022,0.9238804444120753,85.1
5176000,20704.00000238296,-1713596.2169923596,331962.6941592663,-1381633.5228330933,301.11305531423363,1428.4328132192022,0.9238804444120753,85.1
5177000,20708.000002383775,-1712554.2968135774,331841.11349014,-1380713.1833234373,301.00277326329274,1428.4328132192022,0.9238804444120753,85.1
5178000,20712.00000238459,-1711459.329919191,331400.53901782504,-1380058.7909013662,300.6031418354655,1428.4328132192022,0.9238804444120753,85.1
5179000,20716.000002385405,-1714393.527019456,331302.06711828255,-1383091.4599011736,300.5138210320875,1428.4328132192022,0.9238804444120753,85.1
5180000,20720.00000238622,-1714088.4212824665,331961.7725813349,-1382126.6487011316,301.1122193794991,1428.4328132192022,0.9238804444120753,85.1
5181000,20724.000002387034,-1712981.4363240767,330729.84626633296,-1382251.5900577437,299.9947772597702,1428.4328132192022,0.9238804444120753,85.1
5182000,20728.00000238785,-1714192.3485743795,332881.4097501924,-1381310.938824187,301.94639370862524,1428.4328132192022,0.9238804444120753,85.1
5183000,20732.000002388664,-1714549.1638005134,332507.1719025301,-1382041.9918979832,301.60693417384465,1428.4328132192022,0.9238804444120753,85.1
5184000,20736.00000238948,-1714512.6235525738,330439.46874871955,-1384073.1548038544,299.73138482724227,1428.4328132192022,0.9238804444120753,85.1
5185000,20740.000002390294,-1715334.7659866456,332306.268043399,-1383028.4979432467,301.42470051954615,1428.4328132192022,0.9238804444120753,85.1
5186000,20744.00000239111,-1708169.2687681448,331031.00623300124,-1377138.2625351436,300.26795011713443,1428.4328132192022,0.9238804444120753,85.1
5187000,20748.000002391924,-1714760.7708328217,332985.4429380092,-1381775.3278948124,302.0407589839672,1428.4328132192022,0.9238804444120753,85.1
5188000,20752.00000239274,-1714691.3758621793,330974.29524925473,-1383717.0806129246,300.21650934416135,1428.4328132192022,0.9238804444120753,85.1
5189000,20756.000002393554,-1713237.6783027053,332741.37459468265,-1380496.3037080227,301.8193721659373,1428.4328132192022,0.9238804444120753,85.1
5190000,20760.00000239437,-1714125.3954878077,332368.07316800096,-1381757.3223198068,301.4807620295605,1428.4328132192022,0.9238804444120753,85.1
5191000,20764.000002395183,-1713420.2279093768,332009.1150731195,-1381411.1128362573,301.1551622842238,1428.4328132192022,0.9238804444120753,85.1
5192000,20768.000002396,-1712933.036292132,331216.8160536088,-1381716.220238523,300.4364924376269,1428.4328132192022,0.9238804444120753,85.1
5193000,20772.000002396813,-1713680.4341166504,332671.87249553425,-1381008.561621116,301.75632896923616,1428.4328132192022,0.9238804444120753,85.1
5194000,20776.000002397628,-1714372.0316882003,332495.6830088149,-1381876.3486793854,301.5965129549859,1428.4328132192022,0.9238804444120753,85.1
5195000,20780.000002398443,-1714551.2657251693,331730.85722863965,-1382820.4084965298,300.90276323098476,1428.4328132192022,0.9238804444120753,85.1
5196000,20784.000002399258,-1714527.1966712903,331044.0020068466,-1383483.1946644438,300.27973818018364,1428.4328132192022,0.9238804444120753,85.1
5197000,20788.000002400073,-1712811.2648735642,332156.0712504642,-1380655.1936231,301.2884616709806,1428.4328132192022,0.9238804444120753,85.1
5198000,20792.000002400888,-1714117.508182045,331801.7284681079,-1382315.779713937,300.96704833237015,1428.4328132192022,0.9238804444120753,85.1
5199000,20796.000002401703,-1713532.69007512,332452.8124178508,-1381079.8776572691,301.55762637268174,1428.4328132192022,0.9238804444120753,85.1
5200000,20800.000002402518,-1713508.3545358442,331101.7011838786,-1382406.6533519656,300.33207531261127,1428.4328132192022,0.9238804444120753,85.1
5201000,20804.000002403332,-1713183.1263569463,332586.150086833,-1380596.9762701134,301.6785728332393,1428.4328132192022,0.9238804444120753,85.1
5202000,20808.000002404147,-1713982.9723002892,332589.9473860713,-1381393.0249142179,301.6820172455053,1428.4328132192022,0.9238804444120753,85.1
5203000,20812.000002404962,-1711960.2806125674,332362.41993998893,-1379597.8606725784,301.4756341619144,1428.4328132192022,0.9238804444120753,85.1
5204000,20816.000002405777,-1713770.5084339362,332943.68623683864,-1380826.8221970976,302.00288277651816,1428.4328132192022,0.9238804444120753,85.1
5205000,20820.000002406592,-1713477.7220423482,330626.2738397014,-1382851.4482026468,299.9008299265967,1428.4328132192022,0.9238804444120753,85.1
5206000,20824.000002407407,-1711208.9441411588,331574.777686124,-1379634.1664550349,300.7611883228827,1428.4328132192022,0.9238804444120753,85.1
5207000,20828.000002408222,-1713932.7512016296,332871.6342551613,-1381061.1169464684,301.9375266605267,1428.4328132192022,0.9238804444120753,85.1
5208000,20832.000002409037,-1711315.835557865,332966.3858466349,-1378349.4497112301,302.0234728879387,1428.4328132192022,0.9238804444120753,85.1
5209000,20836.00000240985,-1711705.9982165825,330211.6726780714,-1381494.325538511,299.52475808264626,1428.4328132192022,0.9238804444120753,85.1
5210000,20840.000002410667,-1708521.351171935,332795.8631777931,-1375725.4879941419,301.86879706827966,1428.4328132192022,0.9238804444120753,85.1
5211000,20844.00000241148,-1711408.0304114856,332604.42591755994,-1378803.6044939256,301.69515027198594,1428.4328132192022,0.9238804444120753,85.1
5212000,20848.000002412296,-1715693.3963012882,332296.9391625074,-1383396.4571387807,301.41623858127014,1428.4328132192022,0.9238804444120753,85.1
5213000,20852.00000241311,-1712830.0337950941,332097.2407106765,-1380732.7930844177,301.23509831451634,1428.4328132192022,0.9238804444120753,85.1
5214000,20856.000002413926,-1713265.6701031532,333149.28129036713,-1380116.388812786,302.1893716676336,1428.4328132192022,0.9238804444120753,85.1
5215000,20860.00000241474,-1711471.6395932902,330463.6927915091,-1381007.9468017812,299.75335770451056,1428.4328132192022,0.9238804444120753,85.1
5216000,20864.000002415556,-1713009.0122371707,333335.84787885705,-1379673.1643583137,302.3586004287811,1428.4328132192022,0.9238804444120753,85.1
5217000,20868.00000241637,-1711472.3710880708,331459.1251372013,-1380013.2459508695,300.6562834857617,1428.4328132192022,0.9238804444120753,85.1
5218000,20872.000002417186,-1713165.0260617603,332772.3502089038,-1380392.6758528566,301.8474691840736,1428.4328132192022,0.9238804444120753,85.1
5219000,20876.000002418,-1710394.7247618772,331652.73616844905,-1378741.9885934282,300.8319020422661,1428.4328132192022,0.9238804444120753,85.1
5220000,20880.000002418816,-1710382.237194227,330878.4508551138,-1379503.7863391133,300.12957186937183,1428.4328132192022,0.9238804444120753,85.1
5221000,20884.00000241963,-1711767.221027987,331301.99838163523,-1380465.222646352,300.51375868320844,1428.4328132192022,0.9238804444120753,85.1
5222000,20888.000002420446,-1711027.577939378,331779.17362925987,-1379248.4043101182,300.9465895381829,1428.4328132192022,0.9238804444120753,85.1
5223000,20892.00000242126,-1712183.4906652216,330122.71682583087,-1382060.7738393908,299.4440689903853,1428.4328132192022,0.9238804444120753,85.1
5224000,20896.000002422075,-1711942.4475431088,331353.15182188706,-1380589.2957212217,300.56015838099097,1428.4328132192022,0.9238804444120753,85.1
5225000,20900.00000242289,-1710551.0405682381,330429.4752290217,-1380121.5653392165,299.7223200157363,1428.4328132192022,0.9238804444120753,85.1
5226000,20904.000002423705,-1711676.7096024621,331372.50303634163,-1380304.2065661205,300.57771126693564,1428.4328132192022,0.9238804444120753,85.1
5227000,20908.00000242452,-1712969.3938266914,329670.3489944557,-1383299.0448322357,299.03374017263593,1428.4328132192022,0.9238804444120753,85.1
5228000,20912.000002425335,-1711724.121735718,330882.3725872351,-1380841.749148483,300.1331291508434,1428.4328132192022,0.9238804444120753,85.1
5229000,20916.00000242615,-1711432.5923730768,331813.13175386004,-1379619.4606192168,300.9773918989029,1428.4328132192022,0.9238804444120753,85.1
5230000,20920.000002426965,-1709112.5216727667,333196.81467723637,-1375915.7069955303,302.232487727364,1428.4328132192022,0.9238804444120753,85.1
5231000,20924.00000242778,-1711488.0635928959,331574.1124363606,-1379913.9511565352,300.7605848954725,1428.4328132192022,0.9238804444120753,85.1
5232000,20928.000002428595,-1710543.4355562646,332096.22749350936,-1378447.2080627552,301.2341792566756,1428.4328132192022,0.9238804444120753,85.1
5233000,20932.00000242941,-1711521.7382291574,331997.0636001825,-1379524.6746289749,301.1442307672162,1428.4328132192022,0.9238804444120753,85.1
5234000,20936.000002430224,-1712859.1712309998,332404.1290477336,-1380455.042183266,301.5134671988441,1428.4328132192022,0.9238804444120753,85.1
5235000,20940.00000243104,-1711960.4936108626,333464.93852205045,-1378495.5550888123,302.47569454407886,1428.4328132192022,0.9238804444120753,85.1
5236000,20944.000002431854,-1713122.9922887422,333991.98539201356,-1379131.0068967286,302.9537623995959,1428.4328132192022,0.9238804444120753,85.1
5237000,20948.00000243267,-1713235.2720486633,332001.59441013925,-1381233.6776385242,301.1483405242857,1428.4328132192022,0.9238804444120753,85.1
5238000,20952.000002433484,-1712699.1255164184,331757.1604551816,-1380941.9650612366,300.92662207129433,1428.4328132192022,0.9238804444120753,85.1
5239000,20956.0000024343,-1714985.190064026,331952.66265585704,-1383032.5274081691,301.10395604888214,1428.4328132192022,0.9238804444120753,85.1
5240000,20960.000002435114,-1713724.9297090862,332921.4746308387,-1380803.4550782475,301.982735318193,1428.4328132192022,0.9238804444120753,85.1
5241000,20964.00000243593,-1714264.9098489191,330353.4280684999,-1383911.4817804191,299.6533399970306,1428.4328132192022,0.9238804444120753,85.1
5242000,20968.000002436744,-1715085.847071277,331132.5909601408,-1383953.2561111362,300.3600944697995,1428.4328132192022,0.9238804444120753,85.1
5243000,20972.00000243756,-1715837.3133070208,330818.43636376713,-1385018.8769432537,300.07513458719984,1428.4328132192022,0.9238804444120753,85.1
5244000,20976.000002438373,-1711835.4527084064,330840.3245585313,-1380995.128149875,300.09498868923214,1428.4328132192022,0.9238804444120753,85.1
5245000,20980.00000243919,-1713716.0180009697,330844.53938261466,-1382871.478618355,300.0988118253245,1428.4328132192022,0.9238804444120753,85.1
5246000,20984.000002440003,-1712296.202586254,333286.7983343712,-1379009.4042518828,302.31410910954014,1428.4328132192022,0.9238804444120753,85.1
5247000,20988.00000244082,-1712101.176060684,330642.40271418105,-1381458.773346503,299.9154599279758,1428.4328132192022,0.9238804444120753,85.1
5248000,20992.000002441633,-1711005.6482971683,333278.56738091185,-1377727.0809162564,302.3066430671568,1428.4328132192022,0.9238804444120753,85.1
5249000,20996.000002442448,-1709547.7512436938,333260.8354850834,-1376286.9157586102,302.29055901487214,1428.4328132192022,0.9238804444120753,85.1
5250000,21000.000002443263,-1712242.730633175,331703.7597723838,-1380538.9708607912,300.87818396955566,1428.4328132192022,0.9238804444120753,85.1
5251000,21004.000002444078,-1711352.9639323428,329941.0466196524,-1381411.9173126905,299.27928158564237,1428.4328132192022,0.9238804444120753,85.1
5252000,21008.000002444893,-1710769.6756488886,331875.23980945605,-1378894.4358394325,301.03372818821856,1428.4328132192022,0.9238804444120753,85.1
5253000,21012.000002445708,-1711197.4917219244,331956.3558599329,-1379241.1358619914,301.1073060396575,1428.4328132192022,0.9238804444120753,85.1
5254000,21016.000002446523,-1711179.0319042709,332478.9126792264,-1378700.1192250445,301.5813011095893,1428.4328132192022,0.9238804444120753,85.1
5255000,21020.000002447337,-1711649.3652501646,330825.9064643756,-1380823.458785789,300.0819104835801,1428.4328132192022,0.9238804444120753,85.1
5256000,21024.000002448152,-1711951.197362544,330289.681930554,-1381661.51543199,299.5955178540637,1428.4328132192022,0.9238804444120753,85.1
5257000,21028.000002448967,-1713737.5601102524,331363.9723991723,-1382373.58771108,300.56997339076145,1428.4328132192022,0.9238804444120753,85.1
5258000,21032.000002449782,-1713546.0720122736,332230.4375459742,-1381315.6344662993,301.35591702921033,1428.4328132192022,0.9238804444120753,85.1
5259000,21036.000002450597,-1713224.9327561278,330462.8573063878,-1382762.07544974,299.7525998618916,1428.4328132192022,0.9238804444120753,85.1
5260000,21040.000002451412,-1713644.8255566414,330988.73767505673,-1382656.0878815847,300.22960962029447,1428.4328132192022,0.9238804444120753,85.1
5261000,21044.000002452227,-1711458.2323248442,331606.41043273726,-1379851.821892107,300.78988140541355,1428.4328132192022,0.9238804444120753,85.1
5262000,21048.00000245304,-1713120.3036452122,332690.0783886011,-1380430.2252566111,301.77284296970225,1428.4328132192022,0.9238804444120753,85.1
5263000,21052.000002453857,-1712997.8762785606,331083.41389596084,-1381914.4623825997,300.31548748140244,1428.4328132192022,0.9238804444120753,85.1
5264000,21056.00000245467,-1712517.7468560245,332488.13086092233,-1380029.615995102,301.5896626360611,1428.4328132192022,0.9238804444120753,85.1
5265000,21060.000002455487,-1711255.1477583554,333068.10766508826,-1378187.040093267,302.115741591879,1428.4328132192022,0.9238804444120753,85.1
5266000,21064.0000024563,-1712629.1947090998,332476.17580209486,-1380153.018907005,301.57881857329943,1428.4328132192022,0.9238804444120753,85.1
5267000,21068.000002457116,-1715011.2626952082,331807.57247328706,-1383203.690221921,300.9723492480626,1428.4328132192022,0.9238804444120753,85.1
5268000,21072.00000245793,-1713102.1815693434,332314.58860774763,-1380787.5929615959,301.43224784518566,1428.4328132192022,0.9238804444120753,85.1
5269000,21076.000002458746,-1712870.4701296594,331255.4826801671,-1381614.9874494923,300.4715657343151,1428.4328132192022,0.9238804444120753,85.1
5270000,21080.00000245956,-1712346.6345960703,333106.42429796944,-1379240.210298101,302.1504974201669,1428.4328132192022,0.9238804444120753,85.1
5271000,21084.000002460376,-1712517.16989737,332605.93563345145,-1379911.2342639186,301.69651968840753,1428.4328132192022,0.9238804444120753,85.1
5272000,21088.00000246119,-1712178.4017347097,332113.0540144745,-1380065.3477202351,301.24944207152583,1428.4328132192022,0.9238804444120753,85.1
5273000,21092.000002462006,-1714734.6301436778,331464.09904000623,-1383270.5311036715,300.6607951585996,1428.4328132192022,0.9238804444120753,85.1
5274000,21096.00000246282,-1712281.6619262043,331586.9212217543,-1380694.74070445,300.7722033471016,1428.4328132192022,0.9238804444120753,85.1
5275000,21100.000002463636,-1714239.3502656966,331660.98493913864,-1382578.365326558,300.83938424610596,1428.4328132192022,0.9238804444120753,85.1
5276000,21104.00000246445,-1712593.3534735069,332732.76077234134,-1379860.5927011655,301.81155883507586,1428.4328132192022,0.9238804444120753,85.1
5277000,21108.000002465265,-1711982.5790819023,330703.4844558355,-1381279.0946260667,299.97086527977314,1428.4328132192022,0.9238804444120753,85.1
5278000,21112.00000246608,-1713047.0517683178,331636.13007774495,-1381410.921690573,300.8168391728633,1428.4328132192022,0.9238804444120753,85.1
5279000,21116.000002466895,-1712894.9150236584,329946.81857464334,-1382948.0964490152,299.28451714684564,1428.4328132192022,0.9238804444120753,85.1
5280000,21120.00000246771,-1713599.2269443534,331480.1990319099,-1382119.0279124435,300.6753989614906,1428.4328132192022,0.9238804444120753,85.1
5281000,21124.000002468525,-1713461.1361469943,331257.1867883865,-1382203.9493586079,300.4731114779832,1428.4328132192022,0.9238804444120753,85.1
5282000,21128.00000246934,-1715172.8121079542,331614.38387640676,-1383558.4282315474,300.79711386866006,1428.4328132192022,0.9238804444120753,85.1
5283000,21132.000002470155,-1712276.3025992624,332854.2085422602,-1379422.094057002,301.9217203372711,1428.4328132192022,0.9238804444120753,85.1
5284000,21136.00000247097,-1714344.228218276,330564.31450252753,-1383779.9137157486,299.84462853514543,1428.4328132192022,0.9238804444120753,85.1
5285000,21140.000002471785,-1714012.8524872418,330649.03484856477,-1383363.817638677,299.92147573120513,1428.4328132192022,0.9238804444120753,85.1
5286000,21144.0000024726,-1713094.6550645381,331445.57605106104,-1381649.079013477,300.6439935303053,1428.4328132192022,0.9238804444120753,85.1
5287000,21148.000002473414,-1713002.7321649548,330864.8610869107,-1382137.8710780442,300.11724501247903,1428.4328132192022,0.9238804444120753,85.1
5288000,21152.00000247423,-1712836.477205677,332715.9259541476,-1380120.5512515293,301.79628849406714,1428.4328132192022,0.9238804444120753,85.1
5289000,21156.000002475044,-1710073.1392185166,330922.34908487234,-1379150.7901336444,300.16939059092715,1428.4328132192022,0.9238804444120753,85.1
5290000,21160.00000247586,-1711249.706103811,330155.0071984721,-1381094.698905339,299.47335858507256,1428.4328132192022,0.9238804444120753,85.1
5291000,21164.000002476674,-1713903.281528689,330611.61003752745,-1383291.6714911615,299.8875288468284,1428.4328132192022,0.9238804444120753,85.1
5292000,21168.00000247749,-1712926.405881891,331815.1997797371,-1381111.206102154,300.9792677409818,1428.4328132192022,0.9238804444120753,85.1
5293000,21172.000002478304,-1713845.880320143,331328.04284855456,-1382517.8374715885,300.53738281069656,1428.4328132192022,0.9238804444120753,85.1
5294000,21176.00000247912,-1712847.7631789204,332472.71885319654,-1380375.0443257238,301.575682882262,1428.4328132192022,0.9238804444120753,85.1
5295000,21180.000002479934,-1711767.8569354042,330884.31852208386,-1380883.5384133204,300.13489424794034,1428.4328132192022,0.9238804444120753,85.1
5296000,21184.00000248075,-1710836.5488021057,330606.9190410227,-1380229.629761083,299.8832737895137,1428.4328132192022,0.9238804444120753,85.1
5297000,21188.000002481564,-1712270.1160525605,332694.089863638,-1379576.0261889226,301.7764816541868,1428.4328132192022,0.9238804444120753,85.1
5298000,21192.00000248238,-1710670.5083292872,331930.84641949943,-1378739.6619097877,301.0841672180868,1428.4328132192022,0.9238804444120753,85.1
5299000,21196.000002483193,-1710627.9136940166,333247.7020670296,-1377380.211626987,302.2786460990341,1428.4328132192022,0.9238804444120753,85.1
5300000,21200.00000248401,-1711003.233017154,331080.3455956735,-1379922.8874214806,300.31270432145584,1428.4328132192022,0.9238804444120753,85.1
5301000,21204.000002484823,-1709245.9551070929,331821.78861639486,-1377424.166490698,300.98524427018793,1428.4328132192022,0.9238804444120753,85.1
5302000,21208.000002485638,-1711356.6417141948,332122.6094564082,-1379234.0322577865,301.2581095162904,1428.4328132192022,0.9238804444120753,85.1
5303000,21212.000002486453,-1711118.2759003881,332132.89365295484,-1378985.3822474333,301.2674379917429,1428.4328132192022,0.9238804444120753,85.1
5304000,21216.000002487268,-1711515.1219454873,330314.7466822817,-1381200.3752632057,299.61825331231313,1428.4328132192022,0.9238804444120753,85.1
5305000,21220.000002488083,-1714466.1393021531,332334.5705344072,-1382131.568767746,301.4503728305933,1428.4328132192022,0.9238804444120753,85.1
5306000,21224.000002488898,-1710687.9179950673,331302.05556918884,-1379385.8624258784,300.51381055626314,1428.4328132192022,0.9238804444120753,85.1
5307000,21228.000002489713,-1711174.7010058518,330128.9548932065,-1381045.7461126454,299.4497273476639,1428.4328132192022,0.9238804444120753,85.1
5308000,21232.000002490528,-1712704.2287404612,330757.35633517976,-1381946.8724052813,300.0197307892725,1428.4328132192022,0.9238804444120753,85.1
5309000,21236.000002491342,-1713065.4838141315,331559.0040559506,-1381506.479758181,300.7468805525865,1428.4328132192022,0.9238804444120753,85.1
5310000,21240.000002492157,-1712030.6814547163,332251.59420495795,-1379779.0872497582,301.375107577844,1428.4328132192022,0.9238804444120753,85.1
5311000,21244.000002492972,-1708659.6935057621,330794.89450132195,-1377864.7990044402,300.0537804945461,1428.4328132192022,0.9238804444120753,85.1
5312000,21248.000002493787,-1713251.303061176,333960.05229447805,-1379291.250766698,302.92479687806673,1428.4328132192022,0.9238804444120753,85.1
5313000,21252.000002494602,-1714718.250337366,331956.40248729126,-1382761.8478500748,301.1073483338869,1428.4328132192022,0.9238804444120753,85.1
5314000,21256.000002495417,-1714780.3682204597,331062.50391783996,-1383717.8643026198,300.29652068932216,1428.4328132192022,0.9238804444120753,85.1
5315000,21260.000002496232,-1711720.1273889542,329798.78757373523,-1381921.339815219,299.1502428209984,1428.4328132192022,0.9238804444120753,85.1
5316000,21264.000002497047,-1714018.114536168,332644.7746439676,-1381373.3398922004,301.7317493492329,1428.4328132192022,0.9238804444120753,85.1
5317000,21268.00000249786,-1712536.1872389317,332052.8499469016,-1380483.33729203,301.1948328306437,1428.4328132192022,0.9238804444120753,85.1
5318000,21272.000002498677,-1711883.5908454396,332385.9715730837,-1379497.619272356,301.49699711722104,1428.4328132192022,0.9238804444120753,85.1
5319000,21276.00000249949,-1712372.2228568438,331957.90972128755,-1380414.3131355564,301.10871549905835,1428.4328132192022,0.9238804444120753,85.1
5320000,21280.000002500306,-1713106.9754639845,332114.9757418584,-1380991.9997221262,301.2511852107828,1428.4328132192022,0.9238804444120753,85.1
5321000,21284.00000250112,-1714535.2857977282,332194.6189268366,-1382340.6668708916,301.32342707164753,1428.4328132192022,0.9238804444120753,85.1
5322000,21288.000002501936,-1713486.865862133,329911.8976797084,-1383574.9681824245,299.2528414870405,1428.4328132192022,0.9238804444120753,85.1
5323000,21292.00000250275,-1712860.5850838013,332226.6987008509,-1380633.8863829505,301.3525256388576,1428.4328132192022,0.9238804444120753,85.1
5324000,21296.000002503566,-1712299.298587054,333295.0202914298,-1379004.278295624,302.32156699156775,1428.4328132192022,0.9238804444120753,85.1
5325000,21300.00000250438,-1711293.520154791,333269.443296627,-1378024.0768581638,302.29836689352555,1428.4328132192022,0.9238804444120753,85.1
5326000,21304.000002505196,-1712579.869082868,330657.7971663292,-1381922.0719165388,299.9294237576554,1428.4328132192022,0.9238804444120753,85.1
5327000,21308.00000250601,-1711402.5523733608,332266.6973815344,-1379135.8549918265,301.3888072004941,1428.4328132192022,0.9238804444120753,85.1
5328000,21312.000002506826,-1712215.5338199958,331379.3786999301,-1380836.1551200657,300.5839479679471,1428.4328132192022,0.9238804444120753,85.1
5329000,21316.00000250764,-1711988.7260192893,333084.6948201362,-1378904.031199153,302.1307872853359,1428.4328132192022,0.9238804444120753,85.1
5330000,21320.000002508456,-1714097.3261463493,332770.9294305799,-1381326.3967157695,301.84618044015883,1428.4328132192022,0.9238804444120753,85.1
5331000,21324.00000250927,-1711953.564183401,333564.825844115,-1378388.7383392858,302.56629923329,1428.4328132192022,0.9238804444120753,85.1
5332000,21328.000002510085,-1709769.579499824,333436.4762693489,-1376333.103230475,302.44987731815894,1428.4328132192022,0.9238804444120753,85.1
5333000,21332.0000025109,-1712403.7141245268,333114.6639683435,-1379289.0501561833,302.1579713693931,1428.4328132192022,0.9238804444120753,85.1
5334000,21336.000002511715,-1711882.3006974626,331531.07855898497,-1380351.2221384777,300.7215502011331,1428.4328132192022,0.9238804444120753,85.1
5335000,21340.00000251253,-1713658.4101605322,330482.33633478323,-1383176.073825749,299.7702686838945,1428.4328132192022,0.9238804444120753,85.1
5336000,21344.000002513345,-1712749.800016597,331167.5470960832,-1381582.2529205137,300.39180209562846,1428.4328132192022,0.9238804444120753,85.1
5337000,21348.00000251416,-1712981.7181700505,333728.1050048764,-1379253.6131651741,302.7144046916173,1428.4328132192022,0.9238804444120753,85.1
5338000,21352.000002514975,-1712383.7498106994,330187.7686936674,-1382195.981117032,299.5030755204044,1428.4328132192022,0.9238804444120753,85.1
5339000,21356.00000251579,-1712114.5407396927,331506.5847137664,-1380607.9560259264,300.6993325944564,1428.4328132192022,0.9238804444120753,85.1
5340000,21360.000002516605,-1712738.7342190146,334351.4322774053,-1378387.3019416095,303.2798055116318,1428.4328132192022,0.9238804444120753,85.1
5341000,21364.00000251742,-1710925.4945781026,333871.0127674988,-1377054.4818106038,302.8440318870476,1428.4328132192022,0.9238804444120753,85.1
5342000,21368.000002518234,-1712516.3315498997,332826.5723013837,-1379689.759248516,301.89665236103724,1428.4328132192022,0.9238804444120753,85.1
5343000,21372.00000251905,-1712027.196860643,330200.00939394865,-1381827.1874666945,299.51417867966217,1428.4328132192022,0.9238804444120753,85.1
5344000,21376.000002519864,-1714601.3519965522,332202.3619164195,-1382398.9900801326,301.3304504971457,1428.4328132192022,0.9238804444120753,85.1
5345000,21380.00000252068,-1711187.8825748377,332229.1673718759,-1378958.7152029618,301.35476489371365,1428.4328132192022,0.9238804444120753,85.1
5346000,21384.000002521494,-1712049.1618215702,332044.30385201395,-1380004.8579695562,301.18708093325307,1428.4328132192022,0.9238804444120753,85.1
5347000,21388.00000252231,-1713210.465130305,332437.61417519895,-1380772.8509551059,301.54384051854566,1428.4328132192022,0.9238804444120753,85.1
5348000,21392.000002523124,-1714172.8673992008,332561.9536865929,-1381610.913712608,301.65662502966956,1428.4328132192022,0.9238804444120753,85.1
5349000,21396.00000252394,-1709825.7996253036,333320.52111663076,-1376505.278508673,302.34469799852843,1428.4328132192022,0.9238804444120753,85.1
5350000,21400.000002524754,-1710208.489849059,331895.1661614793,-1378313.3236875795,301.05180276359874,1428.4328132192022,0.9238804444120753,85.1
5351000,21404.00000252557,-1713119.0318859462,333357.3082094659,-1379761.7236764804,302.3780664285195,1428.4328132192022,0.9238804444120753,85.1
5352000,21408.000002526383,-1711758.9720998257,331935.12283897167,-1379823.849260854,301.0880462254444,1428.4328132192022,0.9238804444120753,85.1
5353000,21412.0000025272,-1711424.8787605315,334991.990562911,-1376432.8881976204,303.8608360486443,1428.4328132192022,0.9238804444120753,85.1
5354000,21416.000002528013,-1710964.1015028674,330898.8911446743,-1380065.2103581931,300.14811262153876,1428.4328132192022,0.9238804444120753,85.1
5355000,21420.00000252883,-1713445.9209172707,333748.38610878657,-1379697.5348084841,302.73280105142214,1428.4328132192022,0.9238804444120753,85.1
5356000,21424.000002529643,-1712550.3438841254,331168.14141134324,-1381382.2024727822,300.3923411805526,1428.4328132192022,0.9238804444120753,85.1
5357000,21428.000002530458,-1712117.0690618474,329946.74069417495,-1382170.3283676724,299.28444650389025,1428.4328132192022,0.9238804444120753,85.1
5358000,21432.000002531273,-1712842.383363612,331081.6430005648,-1381760.7403630472,300.3138811571597,1428.4328132192022,0.9238804444120753,85.1
5359000,21436.000002532088,-1715237.252616413,333044.9117661981,-1382192.340850215,302.09470131202687,1428.4328132192022,0.9238804444120753,85.1
5360000,21440.000002532903,-1714414.163434822,330908.23653569294,-1383505.926899129,300.15658953563855,1428.4328132192022,0.9238804444120753,85.1
5361000,21444.000002533718,-1714121.5992173478,331834.149287762,-1382287.4499295857,300.9964562514936,1428.4328132192022,0.9238804444120753,85.1
5362000,21448.000002534533,-1712454.7101589367,333221.89057974744,-1379232.8195791892,302.2552333001429,1428.4328132192022,0.9238804444120753,85.1
5363000,21452.000002535347,-1713671.8244784623,331665.71288307436,-1382006.111595388,300.84367281728845,1428.4328132192022,0.9238804444120753,85.1
5364000,21456.000002536162,-1713753.7442298438,330384.22637860203,-1383369.5178512419,299.68127618810433,1428.4328132192022,0.9238804444120753,85.1
5365000,21460.000002536977,-1710960.6922585815,331530.6144524086,-1379430.077806173,300.72112922446416,1428.4328132192022,0.9238804444120753,85.1
5366000,21464.000002537792,-1712841.3770073485,331302.1341781133,-1381539.2428292353,300.5138818599784,1428.4328132192022,0.9238804444120753,85.1
5367000,21468.000002538607,-1713260.213856399,332338.94687659404,-1380921.266979805,301.45434247474356,1428.4328132192022,0.9238804444120753,85.1
5368000,21472.000002539422,-1711970.9190950245,331472.9791051376,-1380497.939989887,300.6688499900314,1428.4328132192022,0.9238804444120753,85.1
5369000,21476.000002540237,-1713859.659696402,330688.88638842263,-1383170.7733079793,299.9576238259661,1428.4328132192022,0.9238804444120753,85.1
5370000,21480.00000254105,-1713225.9120255802,330617.2138445851,-1382608.698180995,299.89261188626085,1428.4328132192022,0.9238804444120753,85.1
5371000,21484.000002541867,-1714221.97307265,331047.39362705126,-1383174.5794455986,300.28281461359103,1428.4328132192022,0.9238804444120753,85.1
5372000,21488.00000254268,-1714077.301347321,330854.284321405,-1383223.017025916,300.10765115680556,1428.4328132192022,0.9238804444120753,85.1
5373000,21492.000002543497,-1713954.4613592438,330780.19255039,-1383174.2688088538,300.04044481122367,1428.4328132192022,0.9238804444120753,85.1
5374000,21496.00000254431,-1709548.2055877168,332251.6911769975,-1377296.5144107193,301.375195538171,1428.4328132192022,0.9238804444120753,85.1
5375000,21500.000002545126,-1711094.6816345695,332797.60734544357,-1378297.0742891259,301.8703791486141,1428.4328132192022,0.9238804444120753,85.1
5376000,21504.00000254594,-1710179.380346518,332319.93412077794,-1377859.44622574,301.43709659412366,1428.4328132192022,0.9238804444120753,85.1
5377000,21508.000002546756,-1711145.555725744,332117.70221883885,-1379027.853506905,301.2536583134183,1428.4328132192022,0.9238804444120753,85.1
5378000,21512.00000254757,-1713170.792278748,331114.31742371706,-1382056.474855031,300.34351911214407,1428.4328132192022,0.9238804444120753,85.1
5379000,21516.000002548386,-1711102.1829792745,331583.5588807769,-1379518.6240984977,300.76915347197246,1428.4328132192022,0.9238804444120753,85.1
5380000,21520.0000025492,-1711887.538094677,331459.2609091567,-1380428.2771855204,300.6564066402879,1428.4328132192022,0.9238804444120753,85.1
5381000,21524.000002550016,-1711877.795728989,332570.62063345604,-1379307.175095533,301.66448654813564,1428.4328132192022,0.9238804444120753,85.1
5382000,21528.00000255083,-1714373.9317676239,333511.0134897162,-1380862.9182779077,302.517487717021,1428.4328132192022,0.9238804444120753,85.1
5383000,21532.000002551646,-1709867.324580619,331121.6099460621,-1378745.714634557,300.3501339327938,1428.4328132192022,0.9238804444120753,85.1
5384000,21536.00000255246,-1711649.2553184517,332939.97450805496,-1378709.2808103967,301.9995159825554,1428.4328132192022,0.9238804444120753,85.1
5385000,21540.000002553275,-1711219.8223648407,332398.40459312085,-1378821.4177717199,301.50827472375954,1428.4328132192022,0.9238804444120753,85.1
5386000,21544.00000255409,-1711742.0970824808,330721.2593811295,-1381020.8377013514,299.98698836275037,1428.4328132192022,0.9238804444120753,85.1
5387000,21548.000002554905,-1713292.054790508,333552.0199305143,-1379740.0348599937,302.5546833865752,1428.4328132192022,0.9238804444120753,85.1
5388000,21552.00000255572,-1712797.7415229622,331426.35389363446,-1381371.3876293278,300.62655770798466,1428.4328132192022,0.9238804444120753,85.1
5389000,21556.000002556535,-1714321.2771385815,332005.91164262715,-1382315.3654959544,301.1522565518629,1428.4328132192022,0.9238804444120753,85.1
5390000,21560.00000255735,-1712283.8280594405,331111.46050822374,-1381172.3675512169,300.3409276927825,1428.4328132192022,0.9238804444120753,85.1
5391000,21564.000002558165,-1712502.6505828984,331950.9129568613,-1380551.737626037,301.1023689512361,1428.4328132192022,0.9238804444120753,85.1
5392000,21568.00000255898,-1713423.6786364913,331983.9927132409,-1381439.6859232504,301.13237457140895,1428.4328132192022,0.9238804444120753,85.1
5393000,21572.000002559795,-1712633.5442678016,333495.18418956595,-1379138.3600782356,302.50312945021693,1428.4328132192022,0.9238804444120753,85.1
5394000,21576.00000256061,-1711176.3541071787,333285.38282034383,-1377890.971286835,302.3128251407054,1428.4328132192022,0.9238804444120753,85.1
5395000,21580.000002561424,-1710977.0035850294,332423.5460843729,-1378553.4575006566,301.5310797900493,1428.4328132192022,0.9238804444120753,85.1
5396000,21584.00000256224,-1711681.8932405934,332535.7316687644,-1379146.161571829,301.6328398512631,1428.4328132192022,0.9238804444120753,85.1
5397000,21588.000002563054,-1711836.7160939518,332082.6865867977,-1379754.0295071541,301.22189672052497,1428.4328132192022,0.9238804444120753,85.1
5398000,21592.00000256387,-1709396.444828175,333050.02217956865,-1376346.4226486064,302.0993368093614,1428.4328132192022,0.9238804444120753,85.2
5399000,21596.000002564684,-1710970.2738031093,332021.05281760875,-1378949.2209855006,301.16599064168673,1428.4328132192022,0.9238804444120753,85.2
5400000,21600.0000025655,-1711073.8566510826,332586.63581217476,-1378487.2208389079,301.67901341961925,1428.4328132192022,0.9238804444120753,85.2
5401000,21604.000002566314,-1711382.050326677,332816.37275374995,-1378565.677572927,301.88740066798596,1428.4328132192022,0.9238804444120753,85.2
5402000,21608.00000256713,-1713064.5472097155,332106.2786710861,-1380958.2685386294,301.24329636785376,1428.4328132192022,0.9238804444120753,85.2
5403000,21612.000002567944,-1714217.796479404,330700.7956105205,-1383517.0008688834,299.9684263116532,1428.4328132192022,0.9238804444120753,85.2
5404000,21616.00000256876,-1711348.9056170005,332342.70327188104,-1379006.2023451196,301.45774978430495,1428.4328132192022,0.9238804444120753,85.2
5405000,21620.000002569574,-1713295.84497823,331383.3950855455,-1381912.4498926846,300.58759110666495,1428.4328132192022,0.9238804444120753,85.2
5406000,21624.00000257039,-1711985.1025464348,330075.60397225706,-1381909.4985741777,299.40133438335323,1428.4328132192022,0.9238804444120753,85.2
5407000,21628.000002571203,-1711441.927631572,332142.19918272184,-1379299.72844885,301.2758787489387,1428.4328132192022,0.9238804444120753,85.2
5408000,21632.00000257202,-1713484.6657019667,331672.23301746533,-1381812.4326845014,300.849587028801,1428.4328132192022,0.9238804444120753,85.2
5409000,21636.000002572833,-1710826.5047475956,331937.8992438948,-1378888.605503701,301.09056461616683,1428.4328132192022,0.9238804444120753,85.2
5410000,21640.000002573648,-1710829.4870834611,332309.45739239024,-1378520.0296910708,301.4275934790146,1428.4328132192022,0.9238804444120753,85.2
5411000,21644.000002574463,-1712059.241603678,333244.99041477806,-1378814.2511889,302.27618644344994,1428.4328132192022,0.9238804444120753,85.2
5412000,21648.000002575278,-1712500.3976722863,331696.42811316357,-1380803.9695591228,300.87153364906135,1428.4328132192022,0.9238804444120753,85.2
5413000,21652.000002576093,-1713110.5471356306,331939.1122263596,-1381171.434909271,301.09166487490813,1428.4328132192022,0.9238804444120753,85.2
5414000,21656.000002576908,-1712961.4353442453,332228.1555907703,-1380733.279753475,301.35384713847975,1428.4328132192022,0.9238804444120753,85.2
5415000,21660.000002577723,-1712510.3109741714,331193.6071532287,-1381316.7038209427,300.41544036452683,1428.4328132192022,0.9238804444120753,85.2
5416000,21664.000002578538,-1712471.067703737,331588.7317870656,-1380882.3359166714,300.77384565469316,1428.4328132192022,0.9238804444120753,85.2
5417000,21668.000002579352,-1712498.1632481702,331804.9498242161,-1380693.213423954,300.9699703245007,1428.4328132192022,0.9238804444120753,85.2
5418000,21672.000002580167,-1712564.0104284585,330132.49652963557,-1382431.513898823,299.4529398561317,1428.4328132192022,0.9238804444120753,85.2
5419000,21676.000002580982,-1710803.7408883404,331780.80646120803,-1379022.9344271324,300.94807062935786,1428.4328132192022,0.9238804444120753,85.2
5420000,21680.000002581797,-1712914.3502697013,331551.49792382435,-1381362.8523458769,300.740071973135,1428.4328132192022,0.9238804444120753,85.2
5421000,21684.000002582612,-1712134.374845039,332028.37061091396,-1380106.0042341251,301.17262838484,1428.4328132192022,0.9238804444120753,85.2
5422000,21688.000002583427,-1712540.091204878,330888.38506105443,-1381651.7061438235,300.1385828792098,1428.4328132192022,0.9238804444120753,85.2
5423000,21692.000002584242,-1712338.6291211974,331809.1070471913,-1380529.522074006,300.9737412124159,1428.4328132192022,0.9238804444120753,85.2
5424000,21696.000002585057,-1713395.5702446643,332503.5912583439,-1380891.9789863206,301.6036862826512,1428.4328132192022,0.9238804444120753,85.2
5425000,21700.00000258587,-1712933.8298419584,332639.48028438375,-1380294.3495575746,301.7269469999983,1428.4328132192022,0.9238804444120753,85.2
5426000,21704.000002586687,-1713266.200098725,331897.13100134116,-1381369.0690973839,301.0535850088462,1428.4328132192022,0.9238804444120753,85.2
5427000,21708.0000025875,-1710463.696744863,333057.91395952075,-1377405.782785342,302.1064951979847,1428.4328132192022,0.9238804444120753,85.2
5428000,21712.000002588316,-1714538.0733819231,331098.4495946155,-1383439.6237873076,300.32912589692427,1428.4328132192022,0.9238804444120753,85.2
5429000,21716.00000258913,-1710579.8006768469,331743.70100485877,-1378836.099671988,300.91441342170543,1428.4328132192022,0.9238804444120753,85.2
5430000,21720.000002589946,-1712622.1197655015,331954.66383230657,-1380667.4559331948,301.10577125392035,1428.4328132192022,0.9238804444120753,85.2
5431000,21724.00000259076,-1712130.8252088968,331267.67612016835,-1380863.1490887285,300.4826260252398,1428.4328132192022,0.9238804444120753,85.2
5432000,21728.000002591576,-1711673.2343592197,332916.4768276157,-1378756.757531604,301.9782019660278,1428.4328132192022,0.9238804444120753,85.2
5433000,21732.00000259239,-1712027.850042902,332853.14790513343,-1379174.7021377685,301.920758266257,1428.4328132192022,0.9238804444120753,85.2
5434000,21736.000002593206,-1710152.8777604997,332508.3131518042,-1377644.5646086955,301.60796936563526,1428.4328132192022,0.9238804444120753,85.2
5435000,21740.00000259402,-1711692.9966858476,332096.61972382787,-1379596.3769620198,301.23453503662216,1428.4328132192022,0.9238804444120753,85.2
5436000,21744.000002594836,-1711583.8357781451,333332.44848751463,-1378251.3872906305,302.35551694641595,1428.4328132192022,0.9238804444120753,85.2
5437000,21748.00000259565,-1710922.8526514154,332050.4646911633,-1378872.3879602521,301.1926692392049,1428.4328132192022,0.9238804444120753,85.2
5438000,21752.000002596465,-1713142.6533854567,332233.98972289776,-1380908.663662559,301.3591390986335,1428.4328132192022,0.9238804444120753,85.2
5439000,21756.00000259728,-1713613.141704416,333150.9942018809,-1380462.147502535,302.1909253964967,1428.4328132192022,0.9238804444120753,85.2
5440000,21760.000002598095,-1714365.7107761484,330177.6344396474,-1384188.076336501,299.4938830531634,1428.4328132192022,0.9238804444120753,85.2
5441000,21764.00000259891,-1713017.3312236164,331657.7224773428,-1381359.6087462734,300.8364249682821,1428.4328132192022,0.9238804444120753,85.2
5442000,21768.000002599725,-1711627.792675944,331299.32870155154,-1380328.4639743925,300.5113370992749,1428.4328132192022,0.9238804444120753,85.2
5443000,21772.00000260054,-1711278.8027298655,332943.8355936887,-1378334.9671361768,302.00301825348066,1428.4328132192022,0.9238804444120753,85.2
5444000,21776.000002601355,-1712150.3111378495,331835.41331243154,-1380314.897825418,300.9976028090344,1428.4328132192022,0.9238804444120753,85.2
5445000,21780.00000260217,-1712048.8700803723,334160.09156642074,-1377888.7785139517,303.1062462921644,1428.4328132192022,0.9238804444120753,85.2
5446000,21784.000002602985,-1712507.7622592114,332462.77841729857,-1380044.9838419128,301.56666622142313,1428.4328132192022,0.9238804444120753,85.2
5447000,21788.0000026038,-1711940.6237640623,331944.3379299892,-1379996.285834073,301.09640494845786,1428.4328132192022,0.9238804444120753,85.2
5448000,21792.000002604615,-1712529.4305859637,332106.8802571795,-1380422.5503287842,301.24384204792506,1428.4328132192022,0.9238804444120753,85.2
5449000,21796.00000260543,-1712753.200769145,331131.62993457785,-1381621.5708345673,300.35922275334286,1428.4328132192022,0.9238804444120753,85.2
5450000,21800.000002606244,-1712223.3632326294,331316.8411123842,-1380906.5221202453,300.527222063533,1428.4328132192022,0.9238804444120753,85.2
5451000,21804.00000260706,-1712098.760683084,331061.99146683235,-1381036.7692162516,300.2960558609203,1428.4328132192022,0.9238804444120753,85.2
5452000,21808.000002607874,-1711593.9508981835,331250.94728084246,-1380343.0036173412,300.46745181437245,1428.4328132192022,0.9238804444120753,85.2
5453000,21812.00000260869,-1712407.8708575834,332920.8582943183,-1379487.012563265,301.98217625846723,1428.4328132192022,0.9238804444120753,85.2
5454000,21816.000002609504,-1713565.8691467997,329950.04646328784,-1383615.8226835118,299.2874450644371,1428.4328132192022,0.9238804444120753,85.2
5455000,21820.00000261032,-1708901.319763992,331197.37962544523,-1377703.9401385467,300.418862256972,1428.4328132192022,0.9238804444120753,85.2
5456000,21824.000002611134,-1710449.249940509,329364.07266805874,-1381085.1772724502,298.75592642418036,1428.4328132192022,0.9238804444120753,85.2
5457000,21828.00000261195,-1711208.2562732361,331188.9007120902,-1380019.355561146,300.4111712978642,1428.4328132192022,0.9238804444120753,85.2
5458000,21832.000002612764,-1712231.1648330558,331690.7042321082,-1380540.4606009475,300.8663416942328,1428.4328132192022,0.9238804444120753,85.2
5459000,21836.00000261358,-1712295.401188584,331574.8855418706,-1380720.5156467133,300.7612861554824,1428.4328132192022,0.9238804444120753,85.2
5460000,21840.000002614393,-1713477.2410981897,332764.11348146916,-1380713.1276167205,301.83999790429647,1428.4328132192022,0.9238804444120753,85.2
5461000,21844.00000261521,-1713584.0637381375,332442.1334563936,-1381141.9302817439,301.5479398182329,1428.4328132192022,0.9238804444120753,85.2
5462000,21848.000002616023,-1710872.717654474,331562.01163245656,-1379310.7060220176,300.74960863187596,1428.4328132192022,0.9238804444120753,85.2
5463000,21852.000002616838,-1713419.1092758067,331628.8068975443,-1381790.3023782624,300.8101965434244,1428.4328132192022,0.9238804444120753,85.2
5464000,21856.000002617653,-1712726.2402120344,331423.38763413846,-1381302.8525778959,300.6238671060724,1428.4328132192022,0.9238804444120753,85.2
5465000,21860.000002618468,-1710768.1068169978,333920.0643573374,-1376848.0424596602,302.8885250615645,1428.4328132192022,0.9238804444120753,85.2
5466000,21864.000002619283,-1711923.7742461618,332352.1557717929,-1379571.618474369,301.466323853557,1428.4328132192022,0.9238804444120753,85.2
5467000,21868.000002620098,-1713384.6814409234,332561.8007814443,-1380822.8806594792,301.6564863341556,1428.4328132192022,0.9238804444120753,85.2
5468000,21872.000002620913,-1711444.1886861026,331808.58214485785,-1379635.6065412448,300.9732650898029,1428.4328132192022,0.9238804444120753,85.2
5469000,21876.000002621728,-1713258.1686291676,332216.53578940866,-1381041.6328397589,301.3433071773585,1428.4328132192022,0.9238804444120753,85.2
5470000,21880.000002622543,-1711064.9588452205,332622.63418630353,-1378442.324658917,301.7116664273547,1428.4328132192022,0.9238804444120753,85.2
5471000,21884.000002623357,-1713051.0693898015,332535.5488460484,-1380515.5205437532,301.6326740184525,1428.4328132192022,0.9238804444120753,85.2
5472000,21888.000002624172,-1713458.9057866354,332404.5839117397,-1381054.3218748956,301.5138797918645,1428.4328132192022,0.9238804444120753,85.2
5473000,21892.000002624987,-1714977.8851125743,330823.3624985186,-1384154.5226140558,300.0796029311192,1428.4328132192022,0.9238804444120753,85.2
5474000,21896.000002625802,-1715691.1152471676,330416.40344031056,-1385274.711806857,299.7104630019619,1428.4328132192022,0.9238804444120753,85.2
5475000,21900.000002626617,-1714736.6312049273,333592.45111306204,-1381144.1800918654,302.5913572572273,1428.4328132192022,0.9238804444120753,85.2
5476000,21904.000002627432,-1713099.79345363,333309.5574902438,-1379790.2359633863,302.3347532333582,1428.4328132192022,0.9238804444120753,85.2
5477000,21908.000002628247,-1711195.2138170712,331959.7008915102,-1379235.512925561,301.11034021396705,1428.4328132192022,0.9238804444120753,85.2
5478000,21912.00000262906,-1709755.9613511208,333036.5968167344,-1376719.3645343864,302.0871590794753,1428.4328132192022,0.9238804444120753,85.2
5479000,21916.000002629877,-1711968.1815619618,333418.25917879783,-1378549.922383164,302.4333531608025,1428.4328132192022,0.9238804444120753,85.2
5480000,21920.00000263069,-1712225.8232491538,331270.9163527923,-1380954.9068963616,300.48556513967196,1428.4328132192022,0.9238804444120753,85.2
5481000,21924.000002631507,-1712602.8866905365,332118.6378137969,-1380484.2488767398,301.2545069625627,1428.4328132192022,0.9238804444120753,85.2
5482000,21928.00000263232,-1712208.6030684412,332462.8221255102,-1379745.7809429308,301.5667058677852,1428.4328132192022,0.9238804444120753,85.2
5483000,21932.000002633136,-1710923.6205744874,331668.11918069934,-1379255.501393788,300.8458554951695,1428.4328132192022,0.9238804444120753,85.2
5484000,21936.00000263395,-1711505.0441467408,332166.60106176103,-1379338.44308498,301.2980129359488,1428.4328132192022,0.9238804444120753,85.2
5485000,21940.000002634766,-1712836.2494050395,332275.72261238913,-1380560.5267926503,301.3969937072474,1428.4328132192022,0.9238804444120753,85.2
5486000,21944.00000263558,-1710516.7025508843,331071.05584491196,-1379445.6467059725,300.30427787690616,1428.4328132192022,0.9238804444120753,85.2
5487000,21948.000002636396,-1712373.2784361597,332158.47461265593,-1380214.8038235037,301.2906416862212,1428.4328132192022,0.9238804444120753,85.2
5488000,21952.00000263721,-1714207.756380124,332053.49506357627,-1382154.2613165476,301.195417995954,1428.4328132192022,0.9238804444120753,85.2
5489000,21956.000002638026,-1711423.2340739649,331984.5780000307,-1379438.6560739342,301.1329054668879,1428.4328132192022,0.9238804444120753,85.2
5490000,21960.00000263884,-1710989.1364580076,332305.68593568174,-1378683.450522326,301.42417250770524,1428.4328132192022,0.9238804444120753,85.2
5491000,21964.000002639656,-1711643.5950519815,332041.4082138406,-1379602.186838141,301.1844543897505,1428.4328132192022,0.9238804444120753,85.2
5492000,21968.00000264047,-1712661.141173767,331925.69765960926,-1380735.4435141576,301.07949693781467,1428.4328132192022,0.9238804444120753,85.2
5493000,21972.000002641285,-1711983.8346237242,330827.5698620725,-1381156.2647616519,300.0834192999969,1428.4328132192022,0.9238804444120753,85.2
5494000,21976.0000026421,-1711659.4475755766,331778.4929117884,-1379880.9546637882,300.94597208049487,1428.4328132192022,0.9238804444120753,85.2
5495000,21980.000002642915,-1711564.247538006,332008.64941240125,-1379555.5981256047,301.154739897841,1428.4328132192022,0.9238804444120753,85.2
5496000,21984.00000264373,-1711798.9593886435,333523.76180676883,-1378275.1975818747,302.52905131969493,1428.4328132192022,0.9238804444120753,85.2
5497000,21988.000002644545,-1711827.8438584246,333703.03692212014,-1378124.8069363046,302.6916662118953,1428.4328132192022,0.9238804444120753,85.2
5498000,21992.00000264536,-1712154.642363498,330797.45348529203,-1381357.188878206,300.05610166947116,1428.4328132192022,0.9238804444120753,85.2
5499000,21996.000002646175,-1711112.084518455,331669.1645962582,-1379442.9199221968,300.84680375917185,1428.4328132192022,0.9238804444120753,85.2
5500000,22000.00000264699,-1711397.2539785039,330882.2732539867,-1380514.9807245173,300.1330390487372,1428.4328132192022,0.9238804444120753,85.2
5501000,22004.000002647805,-1711841.0083287042,334622.6858047217,-1377218.3225239825,303.5258511661951,1428.4328132192022,0.9238804444120753,85.2
5502000,22008.00000264862,-1713621.1424205713,333383.54676923575,-1380237.5956513355,302.40186661160743,1428.4328132192022,0.9238804444120753,85.2
5503000,22012.000002649434,-1713157.377717888,331709.50820491253,-1381447.8695129754,300.88339819426363,1428.4328132192022,0.9238804444120753,85.2
5504000,22016.00000265025,-1712403.9378089271,330280.2253788868,-1382123.7124300404,299.58694010959016,1428.4328132192022,0.9238804444120753,85.2
5505000,22020.000002651064,-1713978.2376575433,330665.14545760077,-1383313.0921999426,299.9360891645672,1428.4328132192022,0.9238804444120753,85.2
5506000,22024.00000265188,-1712346.0309450123,332440.97504512995,-1379905.0558998825,301.54688905933426,1428.4328132192022,0.9238804444120753,85.2
5507000,22028.000002652694,-1711663.0928584337,332200.9473483438,-1379462.14551009,301.32916738635424,1428.4328132192022,0.9238804444120753,85.2
5508000,22032.00000265351,-1712992.3444074076,330688.260904676,-1382304.0835027315,299.9570564690753,1428.4328132192022,0.9238804444120753,85.2
5509000,22036.000002654324,-1712490.7976800017,331857.9104779898,-1380632.887202012,301.0180092895707,1428.4328132192022,0.9238804444120753,85.2
5510000,22040.00000265514,-1715331.318573324,332073.60437517066,-1383257.7141981535,301.2136585282819,1428.4328132192022,0.9238804444120753,85.2
5511000,22044.000002655954,-1712912.971395135,331802.37906813837,-1381110.5923269966,300.9676384714623,1428.4328132192022,0.9238804444120753,85.2
5512000,22048.00000265677,-1714345.8003332,332507.3737901094,-1381838.4265430905,301.60711729980096,1428.4328132192022,0.9238804444120753,85.2
5513000,22052.000002657584,-1710659.1898838375,333256.1029565225,-1377403.086927315,302.2862662851185,1428.4328132192022,0.9238804444120753,85.2
5514000,22056.0000026584,-1711372.2309082188,331471.9622406967,-1379900.2686675221,300.6679276238619,1428.4328132192022,0.9238804444120753,85.2
5515000,22060.000002659213,-1710588.311335884,332940.16565232805,-1377648.1456835559,301.99968936359215,1428.4328132192022,0.9238804444120753,85.2
5516000,22064.00000266003,-1711725.7817570344,333383.6104849143,-1378342.17127212,302.4019244061216,1428.4328132192022,0.9238804444120753,85.2
5517000,22068.000002660843,-1713412.63117137,332312.1916132921,-1381100.4395580778,301.4300736059208,1428.4328132192022,0.9238804444120753,85.2
5518000,22072.000002661658,-1714204.2393798605,331044.443839269,-1383159.7955405915,300.280138952659,1428.4328132192022,0.9238804444120753,85.2
5519000,22076.000002662473,-1711560.6656694952,330804.8648035089,-1380755.8008659864,300.06282424616865,1428.4328132192022,0.9238804444120753,85.2
5520000,22080.000002663288,-1713174.4703385048,332681.9087172851,-1380492.5616212196,301.76543251444883,1428.4328132192022,0.9238804444120753,85.2
5521000,22084.000002664103,-1711377.1519602444,330907.8792485152,-1380469.2727117292,300.1562654515303,1428.4328132192022,0.9238804444120753,85.2
5522000,22088.000002664918,-1710697.8692293,332363.26362288307,-1378334.605606417,301.47639944047864,1428.4328132192022,0.9238804444120753,85.2
5523000,22092.000002665733,-1711378.097757103,332099.0336900345,-1379279.0640670685,301.23672467043554,1428.4328132192022,0.9238804444120753,85.2
5524000,22096.000002666548,-1712954.8410553373,332703.25279278227,-1380251.5882625552,301.7847930627842,1428.4328132192022,0.9238804444120753,85.2
5525000,22100.000002667362,-1712282.6427916437,331114.4852059393,-1381168.1575857045,300.34367130218965,1428.4328132192022,0.9238804444120753,85.2
5526000,22104.000002668177,-1712980.1171932444,332013.8307694084,-1380966.286423836,301.15943974594603,1428.4328132192022,0.9238804444120753,85.2
5527000,22108.000002668992,-1712000.4651248138,332784.1605154097,-1379216.3046094042,301.8581819464977,1428.4328132192022,0.9238804444120753,85.2
5528000,22112.000002669807,-1710335.9786858503,332271.80729922553,-1378064.1713866247,301.3934422482132,1428.4328132192022,0.9238804444120753,85.2
5529000,22116.000002670622,-1712040.7955379449,331729.46379944484,-1380311.3317385,300.90149929461603,1428.4328132192022,0.9238804444120753,85.2
5530000,22120.000002671437,-1712614.7633807454,332225.87024753913,-1380388.8931332063,301.3517741745748,1428.4328132192022,0.9238804444120753,85.2
5531000,22124.000002672252,-1713528.9671768118,332107.5997559136,-1381421.3674208983,301.24449468289254,1428.4328132192022,0.9238804444120753,85.2
5532000,22128.000002673067,-1713971.0709088221,329606.32279787457,-1384364.7481109477,298.97566399717437,1428.4328132192022,0.9238804444120753,85.2
5533000,22132.00000267388,-1711313.97752635,332583.3724929735,-1378730.6050333765,301.67605336406956,1428.4328132192022,0.9238804444120753,85.2
5534000,22136.000002674697,-1711864.527785655,331331.39963010733,-1380533.1281555477,300.54042764304415,1428.4328132192022,0.9238804444120753,85.2
5535000,22140.00000267551,-1710565.364071492,333182.2049859523,-1377383.1590855399,302.21923572990414,1428.4328132192022,0.9238804444120753,85.2
5536000,22144.000002676326,-1711934.1555635035,331851.8042963114,-1380082.351267192,301.01247056171417,1428.4328132192022,0.9238804444120753,85.2
5537000,22148.00000267714,-1713716.6276845746,331881.67032913776,-1381834.9573554369,301.03956111301005,1428.4328132192022,0.9238804444120753,85.2
5538000,22152.000002677956,-1713040.6743611265,331362.2804223876,-1381678.3939387389,300.56843865114126,1428.4328132192022,0.9238804444120753,85.2
5539000,22156.00000267877,-1711904.4462576415,332880.81701664487,-1379023.6292409967,301.9458560584235,1428.4328132192022,0.9238804444120753,85.2
5540000,22160.000002679586,-1714561.6147529855,331985.2350977947,-1382576.3796551907,301.13350149987247,1428.4328132192022,0.9238804444120753,85.2
5541000,22164.0000026804,-1712849.6404975466,332293.5754702843,-1380556.0650272623,301.413187480468,1428.4328132192022,0.9238804444120753,85.2
5542000,22168.000002681216,-1712642.2266833633,332102.24428028986,-1380539.9824030735,301.2396368971952,1428.4328132192022,0.9238804444120753,85.2
5543000,22172.00000268203,-1711555.07118891,332541.74375357677,-1379013.3274353333,301.63829322677344,1428.4328132192022,0.9238804444120753,85.2
5544000,22176.000002682846,-1714868.4590359796,331383.3005853088,-1383485.1584506708,300.58750538843367,1428.4328132192022,0.9238804444120753,85.2
5545000,22180.00000268366,-1712169.5627497993,331454.4333247638,-1380715.1294250356,300.65202768833973,1428.4328132192022,0.9238804444120753,85.2
5546000,22184.000002684475,-1713547.670972269,331219.08181719825,-1382328.5891550707,300.43854764144663,1428.4328132192022,0.9238804444120753,85.2
5547000,22188.00000268529,-1714116.306290513,332231.2492603214,-1381885.0570301916,301.35665331009795,1428.4328132192022,0.9238804444120753,85.2
5548000,22192.000002686105,-1713018.4774953704,331162.65881928056,-1381855.8186760899,300.38736809147935,1428.4328132192022,0.9238804444120753,85.2
5549000,22196.00000268692,-1712530.8395008799,333001.59584504034,-1379529.2436558395,302.0554107845277,1428.4328132192022,0.9238804444120753,85.2
5550000,22200.000002687735,-1713572.8455855679,332677.6616212003,-1380895.1839643675,301.7615801054258,1428.4328132192022,0.9238804444120753,85.2
5551000,22204.00000268855,-1711955.9418317284,332391.56892010925,-1379564.3729116193,301.50207429695894,1428.4328132192022,0.9238804444120753,85.2
5552000,22208.000002689365,-1712564.9778491128,333285.31811725366,-1379279.659731859,302.3127664505407,1428.4328132192022,0.9238804444120753,85.2
5553000,22212.00000269018,-1712660.914993085,331019.377146275,-1381641.53784681,300.2574017335472,1428.4328132192022,0.9238804444120753,85.2
5554000,22216.000002690995,-1712609.0618192926,330725.5324862817,-1381883.5293330108,299.9908643637911,1428.4328132192022,0.9238804444120753,85.2
5555000,22220.00000269181,-1713308.411788458,332051.29029695125,-1381257.1214915067,301.1934181205873,1428.4328132192022,0.9238804444120753,85.2
5556000,22224.000002692625,-1711897.46941212,332666.20679267094,-1379231.262619449,301.75118978603973,1428.4328132192022,0.9238804444120753,85.2
5557000,22228.00000269344,-1713127.3017445952,331943.8055761271,-1381183.4961684681,301.09592206679446,1428.4328132192022,0.9238804444120753,85.2
5558000,22232.000002694254,-1714736.4613227546,333032.91281201225,-1381703.5485107424,302.08381743314817,1428.4328132192022,0.9238804444120753,85.2
5559000,22236.00000269507,-1711975.807634281,330950.9085284517,-1381024.8991058292,300.1952959756754,1428.4328132192022,0.9238804444120753,85.2
5560000,22240.000002695884,-1712730.789380649,332042.51010312274,-1380688.2792775263,301.18545387931425,1428.4328132192022,0.9238804444120753,85.2
5561000,22244.0000026967,-1712437.4600805119,331737.7598429364,-1380699.7002375755,300.90902437814714,1428.4328132192022,0.9238804444120753,85.2
5562000,22248.000002697514,-1713412.5108969938,332714.2957820592,-1380698.2151149346,301.79480981556844,1428.4328132192022,0.9238804444120753,85.2
5563000,22252.00000269833,-1712741.541741792,332335.1052542209,-1380406.4364875713,301.45085785833794,1428.4328132192022,0.9238804444120753,85.2
5564000,22256.000002699144,-1710610.8822820168,333690.7097848039,-1376920.172497213,302.68048464828627,1428.4328132192022,0.9238804444120753,85.2
5565000,22260.00000269996,-1712404.1651970074,332502.50758664054,-1379901.6576103668,301.60270331768766,1428.4328132192022,0.9238804444120753,85.2
5566000,22264.000002700774,-1712819.7892659605,331115.97253381764,-1381703.8167321428,300.34502041113956,1428.4328132192022,0.9238804444120753,85.2
5567000,22268.00000270159,-1711336.7067412473,331947.9111448879,-1379388.7955963593,301.09964610077515,1428.4328132192022,0.9238804444120753,85.2
5568000,22272.000002702403,-1711368.7095296197,330739.89130216965,-1380628.81822745,300.0038887999666,1428.4328132192022,0.9238804444120753,85.2
5569000,22276.00000270322,-1711764.5672496427,331527.23159857886,-1380237.3356510638,300.7180607427634,1428.4328132192022,0.9238804444120753,85.2
5570000,22280.000002704033,-1711315.2035000157,332063.93246075965,-1379251.271039256,301.20488543494855,1428.4328132192022,0.9238804444120753,85.2
5571000,22284.000002704848,-1714416.684032673,332453.0830406339,-1381963.600992039,301.55787184620783,1428.4328132192022,0.9238804444120753,85.2
5572000,22288.000002705663,-1713771.6598231923,331794.9812967399,-1381976.6785264523,300.9609281826633,1428.4328132192022,0.9238804444120753,85.2
5573000,22292.000002706478,-1711180.5494593084,334329.76621486,-1376850.7832444482,303.26015289884003,1428.4328132192022,0.9238804444120753,85.2
5574000,22296.000002707293,-1711051.151797587,332248.67811967863,-1378802.4736779085,301.37246248740627,1428.4328132192022,0.9238804444120753,85.2
5575000,22300.000002708108,-1713569.0495021958,331258.22283357533,-1382310.8266686206,300.4740512424138,1428.4328132192022,0.9238804444120753,85.2
5576000,22304.000002708923,-1712306.2394326162,331087.79967790114,-1381218.439754715,300.31946568806006,1428.4328132192022,0.9238804444120753,85.2
5577000,22308.000002709738,-1713996.212863043,332850.4807595678,-1381145.7321034751,301.9183389813061,1428.4328132192022,0.9238804444120753,85.2
5578000,22312.000002710553,-1715140.037111679,332783.58844507916,-1382356.4486666,301.8576630392586,1428.4328132192022,0.9238804444120753,85.2
5579000,22316.000002711367,-1712227.0355827697,333019.5310302205,-1379207.5045525492,302.0716792342729,1428.4328132192022,0.9238804444120753,85.2
5580000,22320.000002712182,-1715129.907232007,332812.3516504156,-1382317.5555815913,301.88375324997173,1428.4328132192022,0.9238804444120753,85.2
5581000,22324.000002712997,-1711013.1418333054,331906.45927910105,-1379106.6825542042,301.06204640004023,1428.4328132192022,0.9238804444120753,85.2
5582000,22328.000002713812,-1712544.5567394178,332502.478756712,-1380042.0779827058,301.60267716695444,1428.4328132192022,0.9238804444120753,85.2
5583000,22332.000002714627,-1713407.0696184058,331624.72460463445,-1381782.3450137712,300.80649362224557,1428.4328132192022,0.9238804444120753,85.2
5584000,22336.000002715442,-1712637.1124564856,331386.7498242276,-1381250.362632258,300.590634085988,1428.4328132192022,0.9238804444120753,85.2
5585000,22340.000002716257,-1713052.271892175,331599.0079704198,-1381453.2639217554,300.78316686162754,1428.4328132192022,0.9238804444120753,85.2
5586000,22344.00000271707,-1712408.8543327823,333726.19961148314,-1378682.6547212992,302.7126763684162,1428.4328132192022,0.9238804444120753,85.2
5587000,22348.000002717887,-1712113.3037996013,333374.4174827735,-1378738.8863168277,302.3935857192426,1428.4328132192022,0.9238804444120753,85.2
5588000,22352.0000027187,-1713039.8417932559,332205.5629847774,-1380834.2788084785,301.3333540868877,1428.4328132192022,0.9238804444120753,85.2
5589000,22356.000002719516,-1711604.5532575399,331410.1893246456,-1380194.3639328943,300.61189532922435,1428.4328132192022,0.9238804444120753,85.2
5590000,22360.00000272033,-1713041.920882821,332224.00568530103,-1380817.91519752,301.3500828880471,1428.4328132192022,0.9238804444120753,85.2
5591000,22364.000002721146,-1711657.6808271129,330730.3784110618,-1380927.302416051,299.99525995173525,1428.4328132192022,0.9238804444120753,85.2
5592000,22368.00000272196,-1711296.702359341,332146.7186073467,-1379149.9837519943,301.27997817872705,1428.4328132192022,0.9238804444120753,85.2
5593000,22372.000002722776,-1711441.978955431,333100.63716724585,-1378341.341788185,302.1452480935277,1428.4328132192022,0.9238804444120753,85.2
5594000,22376.00000272359,-1714351.4793069642,331550.6400579915,-1382800.8392489727,300.7392938296673,1428.4328132192022,0.9238804444120753,85.2
5595000,22380.000002724406,-1712216.7529950496,334089.42260215624,-1378127.3303928934,303.0421446683375,1428.4328132192022,0.9238804444120753,85.2
5596000,22384.00000272522,-1713451.7448036876,331288.64646893577,-1382163.0983347518,300.50164757765964,1428.4328132192022,0.9238804444120753,85.2
5597000,22388.000002726036,-1710696.0719827525,332835.83089288627,-1377860.2410898663,301.90505054199036,1428.4328132192022,0.9238804444120753,85.2
5598000,22392.00000272685,-1713294.5138424449,333161.6274862016,-1380132.8863562434,302.2005705186329,1428.4328132192022,0.9238804444120753,85.2
5599000,22396.000002727666,-1713135.249825703,332060.02437200164,-1381075.2254537013,301.2013405289484,1428.4328132192022,0.9238804444120753,85.2
5600000,22400.00000272848,-1710896.6405464541,331346.07714668085,-1379550.5633997733,300.5537411627186,1428.4328132192022,0.9238804444120753,85.2
5601000,22404.000002729295,-1712216.5015966035,334317.11193157075,-1377899.3896650327,303.24867459127387,1428.4328132192022,0.9238804444120753,85.2
5602000,22408.00000273011,-1712620.0972239412,332986.57005235273,-1379633.5271715885,302.04178135440105,1428.4328132192022,0.9238804444120753,85.2
5603000,22412.000002730925,-1712099.7422262784,331946.0028187848,-1380153.7394074937,301.09791511740394,1428.4328132192022,0.9238804444120753,85.2
5604000,22416.00000273174,-1711216.3254557718,332255.16644857486,-1378961.1590071968,301.3783478491418,1428.4328132192022,0.9238804444120753,85.2
5605000,22420.000002732555,-1711664.7911806982,332208.00753083813,-1379456.78364986,301.3355714587375,1428.4328132192022,0.9238804444120753,85.2
5606000,22424.00000273337,-1710004.5031890366,332806.20529997826,-1377198.2978890585,301.8781780862808,1428.4328132192022,0.9238804444120753,85.2
5607000,22428.000002734185,-1711603.4488354605,331235.0076382831,-1380368.4411971774,300.45299345939424,1428.4328132192022,0.9238804444120753,85.2
5608000,22432.000002735,-1711546.6819206793,332717.0578087532,-1378829.6241119262,301.7973151642457,1428.4328132192022,0.9238804444120753,85.2
5609000,22436.000002735815,-1711940.3386266325,331894.26250544435,-1380046.0761211882,301.05098308526004,1428.4328132192022,0.9238804444120753,85.2
5610000,22440.00000273663,-1711230.2591433674,331463.6994118928,-1379766.5597314746,300.66043266834293,1428.4328132192022,0.9238804444120753,85.2
5611000,22444.000002737444,-1712290.0932674613,330722.1066444282,-1381567.986623033,299.98775688898843,1428.4328132192022,0.9238804444120753,85.2
5612000,22448.00000273826,-1713357.1618122477,332334.39471648494,-1381022.7670957628,301.4502133516136,1428.4328132192022,0.9238804444120753,85.2
5613000,22452.000002739074,-1713471.3420493882,332328.5272492535,-1381142.8148001349,301.44489115422186,1428.4328132192022,0.9238804444120753,85.2
5614000,22456.00000273989,-1716483.787908312,330851.9758886066,-1385631.8120197053,300.1055572490709,1428.4328132192022,0.9238804444120753,85.2
5615000,22460.000002740704,-1713097.9900294244,331889.391493343,-1381208.5985360814,301.04656474138557,1428.4328132192022,0.9238804444120753,85.2
5616000,22464.00000274152,-1713649.498603791,332664.61096520413,-1380984.8876385868,301.7497422604811,1428.4328132192022,0.9238804444120753,85.2
5617000,22468.000002742334,-1711209.7505312394,331679.3369012041,-1379530.4136300352,300.8560307412265,1428.4328132192022,0.9238804444120753,85.2
5618000,22472.00000274315,-1713637.6084320769,331613.35722987866,-1382024.2512021982,300.79618262946286,1428.4328132192022,0.9238804444120753,85.2
5619000,22476.000002743964,-1711952.4382495172,331258.2465624347,-1380694.1916870824,300.4740727661255,1428.4328132192022,0.9238804444120753,85.2
5620000,22480.00000274478,-1712564.5596844442,332415.76003933145,-1380148.7996451128,301.52401731028135,1428.4328132192022,0.9238804444120753,85.2
5621000,22484.000002745594,-1710694.731193792,331994.93375171936,-1378699.7974420728,301.1422988477886,1428.4328132192022,0.9238804444120753,85.2
5622000,22488.00000274641,-1712133.014106067,334118.0196861616,-1378014.9944199054,303.0680841955478,1428.4328132192022,0.9238804444120753,85.2
5623000,22492.000002747223,-1712119.4058368765,332998.5177962049,-1379120.8880406716,302.0526187819757,1428.4328132192022,0.9238804444120753,85.2
5624000,22496.00000274804,-1715578.3874316812,332578.6644591157,-1382999.7229725653,301.67178285270063,1428.4328132192022,0.9238804444120753,85.2
5625000,22500.000002748853,-1714376.7689560466,330626.3854874951,-1383750.3834685516,299.9009311988447,1428.4328132192022,0.9238804444120753,85.2
5626000,22504.000002749668,-1714291.9666951206,332220.90175687755,-1382071.064938243,301.34726741092413,1428.4328132192022,0.9238804444120753,85.2
5627000,22508.000002750483,-1714208.1345276851,333155.94152010407,-1381052.193007581,302.1954129552857,1428.4328132192022,0.9238804444120753,85.2
5628000,22512.000002751298,-1713330.9357161615,332376.87349869555,-1380954.062217466,301.4887445363598,1428.4328132192022,0.9238804444120753,85.2
5629000,22516.000002752113,-1714268.1645594873,331640.0349731724,-1382628.1295863148,300.8203811822924,1428.4328132192022,0.9238804444120753,85.2
5630000,22520.000002752928,-1714400.0869755652,332081.4703976429,-1382318.6165779224,301.2207935530947,1428.4328132192022,0.9238804444120753,85.2
5631000,22524.000002753743,-1718006.444417214,332167.0139619871,-1385839.430455227,301.2983874649269,1428.4328132192022,0.9238804444120753,85.2
5632000,22528.000002754557,-1713975.9727940336,331093.150637148,-1382882.8221568856,300.32431937709214,1428.4328132192022,0.9238804444120753,85.2
5633000,22532.000002755372,-1716258.4793864843,331562.10867694614,-1384696.370709538,300.7496966579201,1428.4328132192022,0.9238804444120753,85.2
5634000,22536.000002756187,-1714615.560162861,332406.68977914716,-1382208.8703837139,301.5157899588209,1428.4328132192022,0.9238804444120753,85.2
5635000,22540.000002757002,-1714127.366195703,331400.79919118737,-1382726.5670045156,300.60337783064637,1428.4328132192022,0.9238804444120753,85.2
5636000,22544.000002757817,-1712378.0622899123,331329.51628875325,-1381048.5460011591,300.5387193225633,1428.4328132192022,0.9238804444120753,85.2
5637000,22548.000002758632,-1713026.194198532,330712.1453604691,-1382314.048838063,299.97872131752047,1428.4328132192022,0.9238804444120753,85.2
5638000,22552.000002759447,-1712754.619503362,330636.20496589487,-1382118.4145374673,299.9098381428916,1428.4328132192022,0.9238804444120753,85.2
5639000,22556.000002760262,-1716487.3771376535,331107.4384458505,-1385379.938691803,300.3372794048538,1428.4328132192022,0.9238804444120753,85.2
5640000,22560.000002761077,-1712847.257694289,330701.6078925291,-1382145.64980176,299.96916310744894,1428.4328132192022,0.9238804444120753,85.2
5641000,22564.00000276189,-1713805.9356466234,331680.9169392054,-1382125.0187074179,300.85746394465104,1428.4328132192022,0.9238804444120753,85.2
5642000,22568.000002762707,-1714134.1894311234,331774.4265849233,-1382359.7628462003,300.94228364161967,1428.4328132192022,0.9238804444120753,85.2
5643000,22572.00000276352,-1713717.174499372,331702.3822433015,-1382014.7922560705,300.87693445568544,1428.4328132192022,0.9238804444120753,85.2
5644000,22576.000002764336,-1714563.0778555367,331903.52017845144,-1382659.5576770853,301.0593804330745,1428.4328132192022,0.9238804444120753,85.2
5645000,22580.00000276515,-1714001.8518797792,330532.96946094645,-1383468.8824188327,299.8161964209185,1428.4328132192022,0.9238804444120753,85.2
5646000,22584.000002765966,-1713051.520470934,333092.8941897661,-1379958.6262811678,302.138224679008,1428.4328132192022,0.9238804444120753,85.2
5647000,22588.00000276678,-1711119.284753995,331571.71756713226,-1379547.5671868627,300.7584125839353,1428.4328132192022,0.9238804444120753,85.2
5648000,22592.000002767596,-1713735.763640752,330826.9035720411,-1382908.860068711,300.0828149289919,1428.4328132192022,0.9238804444120753,85.2
5649000,22596.00000276841,-1713721.3691938557,333595.9247313569,-1380125.4444624986,302.59450806855693,1428.4328132192022,0.9238804444120753,85.2
5650000,22600.000002769226,-1714642.865608206,331866.1959771699,-1382776.669631036,301.0255248086842,1428.4328132192022,0.9238804444120753,85.2
5651000,22604.00000277004,-1711637.2745110989,331273.7978722132,-1380363.4766388857,300.4881788764925,1428.4328132192022,0.9238804444120753,85.2
5652000,22608.000002770856,-1713367.9935706686,331024.3621647353,-1382343.6314059333,300.261923489051,1428.4328132192022,0.9238804444120753,85.2
5653000,22612.00000277167,-1712514.2470508665,332599.553077883,-1379914.6939729834,301.69073027037433,1428.4328132192022,0.9238804444120753,85.2
5654000,22616.000002772485,-1712169.8404465504,331897.56235419144,-1380272.278092359,301.05397627562695,1428.4328132192022,0.9238804444120753,85.2
5655000,22620.0000027733,-1712074.2941428162,331387.0364804358,-1380687.2576623803,300.59089410293626,1428.4328132192022,0.9238804444120753,85.2
5656000,22624.000002774115,-1712982.9410234,332758.17058971873,-1380224.7704336813,301.83460729166484,1428.4328132192022,0.9238804444120753,85.2
5657000,22628.00000277493,-1711633.8153739106,330790.5138300559,-1380843.3015438546,300.0498069236225,1428.4328132192022,0.9238804444120753,85.2
5658000,22632.000002775745,-1714133.5621087495,331138.2866852812,-1382995.2754234683,300.3652608852716,1428.4328132192022,0.9238804444120753,85.2
5659000,22636.00000277656,-1713453.1094373856,332415.18900012184,-1381037.9204372638,301.5234993383401,1428.4328132192022,0.9238804444120753,85.2
5660000,22640.000002777375,-1712327.3907216564,331259.77878182736,-1381067.611939829,300.47546259477446,1428.4328132192022,0.9238804444120753,85.2
5661000,22644.00000277819,-1711081.7101825383,331671.91797933885,-1379409.7922031994,300.84930126749566,1428.4328132192022,0.9238804444120753,85.2
5662000,22648.000002779005,-1714195.8523798268,331930.24153221655,-1382265.6108476103,301.0836185436089,1428.4328132192022,0.9238804444120753,85.2
5663000,22652.00000277982,-1711929.3181544468,330467.09933386045,-1381462.2188205863,299.7564476733339,1428.4328132192022,0.9238804444120753,85.2
5664000,22656.000002780635,-1713365.1163697708,330345.7430707029,-1383019.3732990678,299.64636917408137,1428.4328132192022,0.9238804444120753,85.2
5665000,22660.00000278145,-1713454.6587971617,331242.80585346394,-1382211.8529436977,300.460066978318,1428.4328132192022,0.9238804444120753,85.2
5666000,22664.000002782264,-1712750.4739267305,331031.17988048354,-1381719.294046247,300.2681076273754,1428.4328132192022,0.9238804444120753,85.2
5667000,22668.00000278308,-1711683.4542777147,332468.7603310826,-1379214.693946632,301.5720922297302,1428.4328132192022,0.9238804444120753,85.2
5668000,22672.000002783894,-1714429.1683562808,331252.36620608217,-1383176.8021501987,300.4687388774121,1428.4328132192022,0.9238804444120753,85.2
5669000,22676.00000278471,-1710533.0021634474,332492.9442328659,-1378040.0579305815,301.5940286963377,1428.4328132192022,0.9238804444120753,85.2
5670000,22680.000002785524,-1713117.9101439212,333010.18363452586,-1380107.7265093953,302.06320050179374,1428.4328132192022,0.9238804444120753,85.2
5671000,22684.00000278634,-1712512.3345362265,331510.6590753695,-1381001.6754608569,300.703028321393,1428.4328132192022,0.9238804444120753,85.2
5672000,22688.000002787154,-1711159.2362536546,331883.17191997974,-1379276.064333675,301.0409231594515,1428.4328132192022,0.9238804444120753,85.2
5673000,22692.00000278797,-1710977.8475377765,331027.77859475213,-1379950.0689430244,300.2650224266688,1428.4328132192022,0.9238804444120753,85.2
5674000,22696.000002788784,-1710687.6263794508,332945.8071192027,-1377741.819260248,302.0048065630756,1428.4328132192022,0.9238804444120753,85.2
5675000,22700.0000027896,-1709984.411086239,332079.6515787956,-1377904.7595074433,301.2191437589769,1428.4328132192022,0.9238804444120753,85.2
5676000,22704.000002790413,-1710871.718709033,333316.29708430823,-1377555.4216247248,302.34086650992816,1428.4328132192022,0.9238804444120753,85.2
5677000,22708.00000279123,-1711861.0047167353,331604.270016363,-1380256.7347003724,300.7879399001618,1428.4328132192022,0.9238804444120753,85.2
5678000,22712.000002792043,-1713059.0672473982,332398.45195668854,-1380660.6152907098,301.5083176857815,1428.4328132192022,0.9238804444120753,85.2
5679000,22716.000002792858,-1714277.4952223357,331397.9922134438,-1382879.5030088918,300.60083170826744,1428.4328132192022,0.9238804444120753,85.2
5680000,22720.000002793673,-1712154.7701671533,331879.75067325466,-1380275.0194938986,301.03781985274713,1428.4328132192022,0.9238804444120753,85.2
5681000,22724.000002794488,-1711735.1372902058,333292.3598575358,-1378442.77743267,302.3191537945658,1428.4328132192022,0.9238804444120753,85.2
5682000,22728.000002795303,-1712312.7199538704,330733.432129035,-1381579.2878248354,299.99802988451734,1428.4328132192022,0.9238804444120753,85.2
5683000,22732.000002796118,-1712911.0231036488,331609.46987682226,-1381301.5532268265,300.7926565321739,1428.4328132192022,0.9238804444120753,85.2
5684000,22736.000002796933,-1714875.4173636008,331265.6819976412,-1383609.7353659596,300.4808172185957,1428.4328132192022,0.9238804444120753,85.2
5685000,22740.000002797748,-1714038.6153840534,330478.2570228292,-1383560.3583612242,299.76656846664815,1428.4328132192022,0.9238804444120753,85.2
5686000,22744.000002798562,-1713707.0456086677,330781.7826876149,-1382925.2629210528,300.0418871753404,1428.4328132192022,0.9238804444120753,85.2
5687000,22748.000002799377,-1713976.977773657,332932.2880094339,-1381044.689764223,301.99254379825527,1428.4328132192022,0.9238804444120753,85.2
5688000,22752.000002800192,-1714506.8255168777,330981.7069573832,-1383525.1185594946,300.2232322745355,1428.4328132192022,0.9238804444120753,85.2
5689000,22756.000002801007,-1713375.948378319,332397.6665175713,-1380978.2818607476,301.50760523833935,1428.4328132192022,0.9238804444120753,85.2
5690000,22760.000002801822,-1712891.1194727402,332219.8769079646,-1380671.2425647755,301.34633780228785,1428.4328132192022,0.9238804444120753,85.2
5691000,22764.000002802637,-1714146.6908567213,332736.4703799508,-1381410.2204767703,301.81492370498734,1428.4328132192022,0.9238804444120753,85.2
5692000,22768.000002803452,-1711553.7738006022,331513.655127499,-1380040.1186731032,300.70574594727833,1428.4328132192022,0.9238804444120753,85.2
5693000,22772.000002804267,-1714448.216777064,330860.25868142664,-1383587.9580956372,300.11307031332916,1428.4328132192022,0.9238804444120753,85.2
5694000,22776.00000280508,-1715751.276573507,332066.60111215943,-1383684.6754613477,301.20730608579487,1428.4328132192022,0.9238804444120753,85.2
5695000,22780.000002805897,-1711040.8763050586,333145.36097776255,-1377895.515327296,302.1858156737616,1428.4328132192022,0.9238804444120753,85.2
5696000,22784.00000280671,-1714247.1382998172,331575.1949491894,-1382671.9433506278,300.76156680925686,1428.4328132192022,0.9238804444120753,85.2
5697000,22788.000002807526,-1712169.4830644596,332126.1138115819,-1380043.3692528778,301.26128820808873,1428.4328132192022,0.9238804444120753,85.2
5698000,22792.00000280834,-1714564.1528502293,331855.82612231636,-1382708.326727913,301.01611863524045,1428.4328132192022,0.9238804444120753,85.2
5699000,22796.000002809156,-1712569.9972253907,331472.4424199897,-1381097.554805401,300.6683631795931,1428.4328132192022,0.9238804444120753,85.2
5700000,22800.00000280997,-1712533.4421919882,332303.9759792281,-1380229.4662127602,301.42262145928544,1428.4328132192022,0.9238804444120753,85.2
5701000,22804.000002810786,-1710397.3544244822,331672.00811230927,-1378725.346312173,300.8493830243153,1428.4328132192022,0.9238804444120753,85.2
5702000,22808.0000028116,-1711784.6409738176,332434.06307859975,-1379350.5778952178,301.5406194290513,1428.4328132192022,0.9238804444120753,85.2
5703000,22812.000002812416,-1714100.4279901609,332195.3943922155,-1381905.0335979455,301.32413047222127,1428.4328132192022,0.9238804444120753,85.2
5704000,22816.00000281323,-1713013.0283324774,330593.7800306451,-1382419.2483018325,299.87135580105223,1428.4328132192022,0.9238804444120753,85.2
5705000,22820.000002814046,-1713450.8301873282,331636.8903103807,-1381813.9398769476,300.81752875628854,1428.4328132192022,0.9238804444120753,85.2
5706000,22824.00000281486,-1713532.1298688687,331695.9527938756,-1381836.177074993,300.87110250168973,1428.4328132192022,0.9238804444120753,85.2
5707000,22828.000002815676,-1712708.2156355288,332353.1562283898,-1380355.059407139,301.46723133668064,1428.4328132192022,0.9238804444120753,85.2
5708000,22832.00000281649,-1712249.217520168,331634.8192166992,-1380614.3983034687,300.8156501314995,1428.4328132192022,0.9238804444120753,85.2
5709000,22836.000002817305,-1714611.396694297,332685.3478672141,-1381926.0488270829,301.7685520605937,1428.4328132192022,0.9238804444120753,85.2
5710000,22840.00000281812,-1713319.3550276496,332093.24702534644,-1381226.1080023032,301.23147576652264,1428.4328132192022,0.9238804444120753,85.2
5711000,22844.000002818935,-1713318.5678013563,331976.25822385174,-1381342.3095775046,301.12535885617274,1428.4328132192022,0.9238804444120753,85.2
5712000,22848.00000281975,-1713774.1330760922,331331.8938340788,-1382442.2392420135,300.5408759201259,1428.4328132192022,0.9238804444120753,85.2
5713000,22852.000002820565,-1711522.8221835438,331939.89660115883,-1379582.925582385,301.09237635694046,1428.4328132192022,0.9238804444120753,85.2
5714000,22856.00000282138,-1712455.103016695,331387.6965157542,-1381067.4065009407,300.59149280048524,1428.4328132192022,0.9238804444120753,85.2
5715000,22860.000002822195,-1710941.6022702102,331345.89793066145,-1379595.7043395487,300.5535786014305,1428.4328132192022,0.9238804444120753,85.2
5716000,22864.00000282301,-1712614.7419403587,332922.8821875887,-1379691.85975277,301.9840120692285,1428.4328132192022,0.9238804444120753,85.2
5717000,22868.000002823825,-1712775.5109202936,331496.8952206435,-1381278.6156996503,300.6905435560192,1428.4328132192022,0.9238804444120753,85.2
5718000,22872.00000282464,-1713645.4901440982,332332.1605296906,-1381313.3296144076,301.44818679012457,1428.4328132192022,0.9238804444120753,85.2
5719000,22876.000002825454,-1710739.379420666,331813.16867406724,-1378926.210746599,300.9774253880769,1428.4328132192022,0.9238804444120753,85.2
5720000,22880.00000282627,-1709905.5157041326,331360.60068210727,-1378544.9150220254,300.5669150108743,1428.4328132192022,0.9238804444120753,85.2
5721000,22884.000002827084,-1710983.1922507957,331321.9311199252,-1379661.2611308703,300.5318390513729,1428.4328132192022,0.9238804444120753,85.2
5722000,22888.0000028279,-1711028.6729328018,331007.0445043919,-1380021.6284284098,300.2462151769164,1428.4328132192022,0.9238804444120753,85.2
5723000,22892.000002828714,-1713837.603668917,331053.23871462164,-1382784.3649542953,300.2881165110869,1428.4328132192022,0.9238804444120753,85.2
5724000,22896.00000282953,-1712935.1642212085,332440.6700625949,-1380494.4941586137,301.54661241914374,1428.4328132192022,0.9238804444120753,85.2
5725000,22900.000002830344,-1710728.8119743746,331698.09064283414,-1379030.7213315405,300.8730416781184,1428.4328132192022,0.9238804444120753,85.2
5726000,22904.00000283116,-1712178.765426429,332376.2812242998,-1379802.4842021293,301.4882073026403,1428.4328132192022,0.9238804444120753,85.2
5727000,22908.000002831974,-1712301.349795891,332568.6453530415,-1379732.7044428494,301.6626948325869,1428.4328132192022,0.9238804444120753,85.2
5728000,22912.00000283279,-1711931.7535657138,332793.471678348,-1379138.2818873657,301.8666278133683,1428.4328132192022,0.9238804444120753,85.2
5729000,22916.000002833604,-1712363.8916855939,332092.24673708016,-1380271.6449485137,301.23056843608657,1428.4328132192022,0.9238804444120753,85.2
5730000,22920.00000283442,-1710167.670048125,331973.3641667268,-1378194.3058813983,301.12273374679006,1428.4328132192022,0.9238804444120753,85.2
5731000,22924.000002835233,-1709503.2852618974,333409.0417740075,-1376094.2434878899,302.4249923390375,1428.4328132192022,0.9238804444120753,85.2
5732000,22928.00000283605,-1710456.2051734105,331472.045730402,-1378984.1594430085,300.66800335478194,1428.4328132192022,0.9238804444120753,85.2
5733000,22932.000002836863,-1713063.624603523,330914.47593852447,-1382149.1486649984,300.1622491042678,1428.4328132192022,0.9238804444120753,85.2
5734000,22936.000002837678,-1711733.6397681683,334252.6606138868,-1377480.9791542816,303.1902128016562,1428.4328132192022,0.9238804444120753,85.2
5735000,22940.000002838493,-1712530.086369481,333072.0243540113,-1379458.0620154697,302.1192942988219,1428.4328132192022,0.9238804444120753,85.2
5736000,22944.000002839308,-1711820.7231174503,331070.64269013586,-1380750.0804273144,300.3039031170336,1428.4328132192022,0.9238804444120753,85.2
5737000,22948.000002840123,-1713294.4131696876,332144.11457586475,-1381150.2985938229,301.2776161426023,1428.4328132192022,0.9238804444120753,85.2
5738000,22952.000002840938,-1711565.5890854336,331244.3815939701,-1380321.2074914635,300.46149628361815,1428.4328132192022,0.9238804444120753,85.2
5739000,22956.000002841753,-1712449.224189911,331212.8107620359,-1381236.4134278751,300.4328593619706,1428.4328132192022,0.9238804444120753,85.2
5740000,22960.000002842567,-1714146.273760805,332554.3393843031,-1381591.934376502,301.6497183324204,1428.4328132192022,0.9238804444120753,85.2
5741000,22964.000002843382,-1715082.4380244557,331711.9322502111,-1383370.5057742447,300.88559697050835,1428.4328132192022,0.9238804444120753,85.2
5742000,22968.000002844197,-1712976.935502326,331628.8841793739,-1381348.0513229521,300.8102666433731,1428.4328132192022,0.9238804444120753,85.2
5743000,22972.000002845012,-1714116.9076890051,330213.16247855825,-1383903.7452104469,299.52610943442255,1428.4328132192022,0.9238804444120753,85.2
5744000,22976.000002845827,-1712695.8072144836,331271.7028434807,-1381424.1043710029,300.48627854096173,1428.4328132192022,0.9238804444120753,85.2
5745000,22980.000002846642,-1713615.087652849,330150.89201159053,-1383464.1956412585,299.46962582679316,1428.4328132192022,0.9238804444120753,85.2
5746000,22984.000002847457,-1713460.001762703,333286.41932801757,-1380173.5824346854,302.3137653246417,1428.4328132192022,0.9238804444120753,85.2
5747000,22988.000002848272,-1711642.5196941067,331617.69722047367,-1380024.822473633,300.80011930021254,1428.4328132192022,0.9238804444120753,85.2
5748000,22992.000002849087,-1713928.7632240672,332155.3253234278,-1381773.4379006394,301.28778506372043,1428.4328132192022,0.9238804444120753,85.2
5749000,22996.0000028499,-1712870.0751104448,331351.2104018864,-1381518.8647085584,300.55839737917256,1428.4328132192022,0.9238804444120753,85.2
5750000,23000.000002850717,-1712281.5971907005,332049.1783876477,-1380232.4188030527,301.19150247321454,1428.4328132192022,0.9238804444120753,85.2
5751000,23004.00000285153,-1711277.1156145092,332599.04860751424,-1378678.067006995,301.69027268096227,1428.4328132192022,0.9238804444120753,85.2
5752000,23008.000002852346,-1712811.7522366233,331435.1780995961,-1381376.5741370271,300.63456187129754,1428.4328132192022,0.9238804444120753,85.2
5753000,23012.00000285316,-1713688.4591542818,331413.07432089775,-1382275.384833384,300.6145122197705,1428.4328132192022,0.9238804444120753,85.2
5754000,23016.000002853976,-1713361.8541303203,331959.93184892135,-1381401.922281399,301.1105497082655,1428.4328132192022,0.9238804444120753,85.2
5755000,23020.00000285479,-1712728.0615805183,331638.4203763426,-1381089.6412041755,300.8189166316273,1428.4328132192022,0.9238804444120753,85.2
5756000,23024.000002855606,-1711454.313693663,331626.42555535526,-1379827.8881383077,300.8080365018447,1428.4328132192022,0.9238804444120753,85.2
5757000,23028.00000285642,-1713436.6482091267,330496.8129990987,-1382939.835210028,299.7834000167204,1428.4328132192022,0.9238804444120753,85.2
5758000,23032.000002857236,-1712804.6974897087,332018.75476604124,-1380785.9427236675,301.1639061504444,1428.4328132192022,0.9238804444120753,85.2
5759000,23036.00000285805,-1712550.4474073946,332555.6046896605,-1379994.8427177342,301.65086605163333,1428.4328132192022,0.9238804444120753,85.2
5760000,23040.000002858866,-1710693.6358061377,332113.3725925669,-1378580.2632135707,301.2497310438243,1428.4328132192022,0.9238804444120753,85.2
5761000,23044.00000285968,-1712764.0848254804,332216.3644680514,-1380547.720357429,301.3431517770734,1428.4328132192022,0.9238804444120753,85.2
5762000,23048.000002860495,-1713884.7810230292,331614.2760748423,-1382270.504948187,300.7970160852072,1428.4328132192022,0.9238804444120753,85.2
5763000,23052.00000286131,-1711115.6054086108,331311.7176521983,-1379803.8877564124,300.52257473183727,1428.4328132192022,0.9238804444120753,85.2
5764000,23056.000002862125,-1714564.02171815,332529.85107917513,-1382034.1706389748,301.6275057509879,1428.4328132192022,0.9238804444120753,85.2
5765000,23060.00000286294,-1710898.0477603693,331699.5406636839,-1379198.5070966855,300.8743569470207,1428.4328132192022,0.9238804444120753,85.2
5766000,23064.000002863755,-1713703.4667956438,331353.32221687277,-1382350.144578771,300.56031294099324,1428.4328132192022,0.9238804444120753,85.2
5767000,23068.00000286457,-1712256.781073887,331762.95032226987,-1380493.830751617,300.931873880005,1428.4328132192022,0.9238804444120753,85.2
5768000,23072.000002865385,-1711426.7439855654,331560.9636425453,-1379865.78034302,300.7486580327584,1428.4328132192022,0.9238804444120753,85.2
5769000,23076.0000028662,-1714517.9158782046,332808.64485127263,-1381709.271026932,301.880390927533,1428.4328132192022,0.9238804444120753,85.2
5770000,23080.000002867015,-1712321.553094387,331569.327155899,-1380752.225938488,300.75624431610714,1428.4328132192022,0.9238804444120753,85.2
5771000,23084.00000286783,-1714163.4313111901,331976.8649071597,-1382186.5664040304,301.12590915976915,1428.4328132192022,0.9238804444120753,85.2
5772000,23088.000002868645,-1713753.545500148,332924.7814613832,-1380828.7640387649,301.98573484153155,1428.4328132192022,0.9238804444120753,85.2
5773000,23092.00000286946,-1712075.6459440328,331723.6815813376,-1380351.9643626953,300.8962544240586,1428.4328132192022,0.9238804444120753,85.2
5774000,23096.000002870274,-1713389.0044260807,331916.088072655,-1381472.9163534257,301.0707803797826,1428.4328132192022,0.9238804444120753,85.2
5775000,23100.00000287109,-1708563.574526107,332659.88598393655,-1375903.6885421705,301.7454563766429,1428.4328132192022,0.9238804444120753,85.2
5776000,23104.000002871904,-1710196.0176862665,333561.46224905504,-1376634.5554372114,302.5632482206216,1428.4328132192022,0.9238804444120753,85.2
5777000,23108.00000287272,-1710570.1305240523,332510.08090525237,-1378060.0496188,301.60957283991473,1428.4328132192022,0.9238804444120753,85.2
5778000,23112.000002873534,-1711437.4576952718,331533.2252856528,-1379904.232409619,300.7234974302562,1428.4328132192022,0.9238804444120753,85.2
5779000,23116.00000287435,-1715299.6979255695,331799.2527899798,-1383500.4451355897,300.96480272158846,1428.4328132192022,0.9238804444120753,85.2
5780000,23120.000002875164,-1711610.7647728268,330596.0407494812,-1381014.7240233456,299.8734064289328,1428.4328132192022,0.9238804444120753,85.2
5781000,23124.00000287598,-1711572.6535730138,330147.70026003936,-1381424.9533129744,299.4667306880372,1428.4328132192022,0.9238804444120753,85.2
5782000,23128.000002876794,-1710588.0560546443,334241.07814863604,-1376346.9779060083,303.1797067069621,1428.4328132192022,0.9238804444120753,85.2
5783000,23132.00000287761,-1711136.4423357807,331835.8318070899,-1379300.6105286907,300.9979824125483,1428.4328132192022,0.9238804444120753,85.2
5784000,23136.000002878423,-1709796.1228251383,331371.25610493025,-1378424.866720208,300.57658021415875,1428.4328132192022,0.9238804444120753,85.2
5785000,23140.00000287924,-1713051.0600028,332275.03830489836,-1380776.0216979017,301.39637299316433,1428.4328132192022,0.9238804444120753,85.2
5786000,23144.000002880053,-1711559.9816859253,333017.05126620736,-1378542.930419718,302.0694299173117,1428.4328132192022,0.9238804444120753,85.2
5787000,23148.000002880868,-1711425.4375894014,332986.1526025551,-1378439.2849868461,302.04140269864786,1428.4328132192022,0.9238804444120753,85.2
5788000,23152.000002881683,-1713610.5997903906,331965.734989303,-1381644.8648010876,301.11581355676856,1428.4328132192022,0.9238804444120753,85.2
5789000,23156.000002882498,-1711351.5842637476,333209.3719590419,-1378142.2123047058,302.2438780478953,1428.4328132192022,0.9238804444120753,85.2
5790000,23160.000002883313,-1712105.4524673223,331966.35949889076,-1380139.0929684315,301.11638003003003,1428.4328132192022,0.9238804444120753,85.2
5791000,23164.000002884128,-1714045.2290531471,331947.1254139869,-1382098.1036391603,301.098933388665,1428.4328132192022,0.9238804444120753,85.2
5792000,23168.000002884943,-1710885.5889294297,330591.6940034466,-1380293.8949259832,299.8694636305335,1428.4328132192022,0.9238804444120753,85.2
5793000,23172.000002885758,-1712670.8706638776,331294.67419518635,-1381376.1964686913,300.507115141033,1428.4328132192022,0.9238804444120753,85.2
5794000,23176.000002886572,-1712395.2770574093,331257.24588814535,-1381138.0311692639,300.4731650855399,1428.4328132192022,0.9238804444120753,85.2
5795000,23180.000002887387,-1713425.1770292725,330713.3884636153,-1382711.788565657,299.97984889779684,1428.4328132192022,0.9238804444120753,85.2
5796000,23184.000002888202,-1714165.3578875922,331708.40776083525,-1382456.950126757,300.88240001560035,1428.4328132192022,0.9238804444120753,85.2
5797000,23188.000002889017,-1713084.8880850766,332236.8452591339,-1380848.0428259426,301.3617292669137,1428.4328132192022,0.9238804444120753,85.2
5798000,23192.000002889832,-1714741.188388031,332165.51172552706,-1382575.676662504,301.2970248328654,1428.4328132192022,0.9238804444120753,85.2
5799000,23196.000002890647,-1712952.0531682596,331367.93788165157,-1381584.115286608,300.57357035682463,1428.4328132192022,0.9238804444120753,85.2
5800000,23200.000002891462,-1711600.6068953797,332033.2344709435,-1379567.3724244363,301.1770402412922,1428.4328132192022,0.9238804444120753,85.2
5801000,23204.000002892277,-1714417.6359276474,331666.229383537,-1382751.4065441103,300.84414131882534,1428.4328132192022,0.9238804444120753,85.2
5802000,23208.00000289309,-1713363.8539792746,334051.87082556065,-1379311.9831537139,303.0080826174441,1428.4328132192022,0.9238804444120753,85.2
5803000,23212.000002893907,-1711991.4887753706,332292.78478834423,-1379698.7039870264,301.41247027742395,1428.4328132192022,0.9238804444120753,85.2
5804000,23216.00000289472,-1712823.65361101,332297.33763518545,-1380526.3159758244,301.4166000234673,1428.4328132192022,0.9238804444120753,85.2
5805000,23220.000002895536,-1711506.1468617376,332368.90414343274,-1379137.242718305,301.4815157815801,1428.4328132192022,0.9238804444120753,85.2
5806000,23224.00000289635,-1710898.6085236333,331866.6496841457,-1379031.9588394878,301.0259363521983,1428.4328132192022,0.9238804444120753,85.2
5807000,23228.000002897166,-1709005.7374760788,332467.51115758606,-1376538.2263184928,301.57095914322747,1428.4328132192022,0.9238804444120753,85.2
5808000,23232.00000289798,-1712093.8248374723,332720.8376335346,-1379372.9872039377,301.80074372597414,1428.4328132192022,0.9238804444120753,85.2
5809000,23236.000002898796,-1713584.8264734931,331651.7796386115,-1381933.0468348817,300.83103440374236,1428.4328132192022,0.9238804444120753,85.2
5810000,23240.00000289961,-1712726.3364027403,331212.47619372775,-1381513.8602090126,300.4325558854438,1428.4328132192022,0.9238804444120753,85.2
5811000,23244.000002900426,-1712374.039876135,330766.2391534676,-1381607.8007226675,300.02778811800704,1428.4328132192022,0.9238804444120753,85.2
5812000,23248.00000290124,-1710136.7608096488,332459.8667679294,-1377676.8940417194,301.5640251546618,1428.4328132192022,0.9238804444120753,85.2
5813000,23252.000002902056,-1710443.248037111,332544.3064608986,-1377898.9415762124,301.64061777903527,1428.4328132192022,0.9238804444120753,85.2
5814000,23256.00000290287,-1712953.0276596937,332640.9937896135,-1380312.0338700803,301.72831985361097,1428.4328132192022,0.9238804444120753,85.2
5815000,23260.000002903686,-1711917.2775961943,332184.6049278078,-1379732.6726683865,301.3143436839762,1428.4328132192022,0.9238804444120753,85.2
5816000,23264.0000029045,-1710243.4312441666,332228.4935483107,-1378014.9376958557,301.354153689274,1428.4328132192022,0.9238804444120753,85.2
5817000,23268.000002905315,-1711382.6774033923,331955.6825086239,-1379426.9948947683,301.1066952635868,1428.4328132192022,0.9238804444120753,85.2
5818000,23272.00000290613,-1711462.1404935103,332797.78487025085,-1378664.3556232594,301.87054017585626,1428.4328132192022,0.9238804444120753,85.2
5819000,23276.000002906945,-1711834.9751334414,334160.5173238215,-1377674.4578096198,303.10663248348664,1428.4328132192022,0.9238804444120753,85.2
5820000,23280.00000290776,-1713881.059712585,332106.20952074806,-1381774.850191837,301.2432336437286,1428.4328132192022,0.9238804444120753,85.2
5821000,23284.000002908575,-1713088.748104602,332855.8084116265,-1380232.9396929755,301.92317152911124,1428.4328132192022,0.9238804444120753,85.2
5822000,23288.00000290939,-1711953.3650452476,332583.3268953556,-1379370.038149892,301.6760120038857,1428.4328132192022,0.9238804444120753,85.2
5823000,23292.000002910205,-1711339.812424278,331752.93538497126,-1379586.8770393066,300.92278964125825,1428.4328132192022,0.9238804444120753,85.2
5824000,23296.00000291102,-1708731.7458968833,331183.87978997675,-1377547.8661069064,300.4066169752711,1428.4328132192022,0.9238804444120753,85.2
5825000,23300.000002911835,-1711467.7430881169,333206.34268553264,-1378261.400402584,302.24113028792766,1428.4328132192022,0.9238804444120753,85.2
5826000,23304.00000291265,-1709790.1016975306,331965.1369279336,-1377824.964769597,301.115271073865,1428.4328132192022,0.9238804444120753,85.2
5827000,23308.000002913464,-1711169.244652383,332841.93502137467,-1378327.3096310084,301.910587407462,1428.4328132192022,0.9238804444120753,85.2
5828000,23312.00000291428,-1711884.6741789076,331688.6781549749,-1380195.9960239327,300.86450390255726,1428.4328132192022,0.9238804444120753,85.2
5829000,23316.000002915094,-1709957.6028667297,332723.2262648273,-1377234.3766019023,301.8029103792735,1428.4328132192022,0.9238804444120753,85.2
5830000,23320.00000291591,-1713559.3420873657,331242.0338323115,-1382317.308255054,300.4593667018952,1428.4328132192022,0.9238804444120753,85.2
5831000,23324.000002916724,-1712362.2182607166,330922.4080218884,-1381439.8102388282,300.16944405086497,1428.4328132192022,0.9238804444120753,85.2
5832000,23328.00000291754,-1714841.1294146553,332522.65543762315,-1382318.4739770321,301.62097880789827,1428.4328132192022,0.9238804444120753,85.2
5833000,23332.000002918354,-1713861.6335946657,332089.9496852078,-1381771.6839094579,301.22848485163667,1428.4328132192022,0.9238804444120753,85.2
5834000,23336.00000291917,-1713949.809588261,331988.3157237639,-1381961.4938644972,301.1362958400625,1428.4328132192022,0.9238804444120753,85.2
5835000,23340.000002919984,-1713654.1645140015,330496.2205408781,-1383157.9439731233,299.78286261625914,1428.4328132192022,0.9238804444120753,85.2
5836000,23344.0000029208,-1712923.9600968696,331164.21856729186,-1381759.7415295779,300.3887828904838,1428.4328132192022,0.9238804444120753,85.2
5837000,23348.000002921613,-1711817.74636125,332553.16246806295,-1379264.583893187,301.6486507882319,1428.4328132192022,0.9238804444120753,85.2
5838000,23352.00000292243,-1714987.3097477555,332086.0687397701,-1382901.2410079855,301.22496456649975,1428.4328132192022,0.9238804444120753,85.2
5839000,23356.000002923243,-1711303.1378189307,333225.5862974635,-1378077.551521467,302.2585855709632,1428.4328132192022,0.9238804444120753,85.2
5840000,23360.00000292406,-1713383.7446123715,330879.7384638789,-1382504.0061484927,300.13073981931365,1428.4328132192022,0.9238804444120753,85.2
5841000,23364.000002924873,-1711827.140873948,331767.2704703767,-1380059.8704035715,300.93579255224967,1428.4328132192022,0.9238804444120753,85.3
5842000,23368.000002925688,-1712652.3622904848,331469.03049373085,-1381183.331796754,300.66526832719444,1428.4328132192022,0.9238804444120753,85.3
5843000,23372.000002926503,-1715291.7848544102,332257.2915603466,-1383034.4932940635,301.3802754720637,1428.4328132192022,0.9238804444120753,85.3
5844000,23376.000002927318,-1714874.1844401192,332161.4877195974,-1382712.696720522,301.29337478199704,1428.4328132192022,0.9238804444120753,85.3
5845000,23380.000002928133,-1711710.172264859,332382.4859784539,-1379327.6862864052,301.49383544252976,1428.4328132192022,0.9238804444120753,85.3
5846000,23384.000002928948,-1714253.9591587707,332363.62962534215,-1381890.3295334287,301.4767314299481,1428.4328132192022,0.9238804444120753,85.3
5847000,23388.000002929763,-1712506.838396294,332893.7149249059,-1379613.1234713881,301.95755535063904,1428.4328132192022,0.9238804444120753,85.3
5848000,23392.000002930577,-1709921.4118065964,331358.70792835596,-1378562.7038782404,300.5651981527001,1428.4328132192022,0.9238804444120753,85.3
5849000,23396.000002931392,-1711386.1686076913,330224.2196505598,-1381161.9489571315,299.53613905191605,1428.4328132192022,0.9238804444120753,85.3
5850000,23400.000002932207,-1710027.9775729198,332014.5011221218,-1378013.476450798,301.1600478020838,1428.4328132192022,0.9238804444120753,85.3
5851000,23404.000002933022,-1710864.385155607,332175.40873090975,-1378688.9764246973,301.306002099232,1428.4328132192022,0.9238804444120753,85.3
5852000,23408.000002933837,-1711288.8779157307,332752.20251034905,-1378536.6754053817,301.8291938321256,1428.4328132192022,0.9238804444120753,85.3
5853000,23412.000002934652,-1711709.241424298,332085.94331640896,-1379623.298107889,301.2248507988622,1428.4328132192022,0.9238804444120753,85.3
5854000,23416.000002935467,-1711510.6686611827,330839.5652149027,-1380671.1034462801,300.09429991219764,1428.4328132192022,0.9238804444120753,85.3
5855000,23420.00000293628,-1711818.9913191218,331749.077864627,-1380069.913454495,300.91929060429646,1428.4328132192022,0.9238804444120753,85.3
5856000,23424.000002937097,-1714887.3361292016,331901.0206245838,-1382986.3155046178,301.0571131653506,1428.4328132192022,0.9238804444120753,85.3
5857000,23428.00000293791,-1713089.6032279283,329853.19014205545,-1383236.4130858728,299.19958970199457,1428.4328132192022,0.9238804444120753,85.3
5858000,23432.000002938727,-1712125.0174392406,332716.48229262244,-1379408.5351466183,301.7967931314282,1428.4328132192022,0.9238804444120753,85.3
5859000,23436.00000293954,-1711562.8155909702,330930.2307594391,-1380632.5848315312,300.1765398132692,1428.4328132192022,0.9238804444120753,85.3
5860000,23440.000002940356,-1714030.0196739025,333981.81120114407,-1380048.2084727585,302.9445337068785,1428.4328132192022,0.9238804444120753,85.3
5861000,23444.00000294117,-1715748.1227010284,332115.4096851863,-1383632.713015842,301.25157882730537,1428.4328132192022,0.9238804444120753,85.3
5862000,23448.000002941986,-1712869.5946398154,333027.98712647083,-1379841.6075133446,302.0793494966933,1428.4328132192022,0.9238804444120753,85.3
5863000,23452.0000029428,-1713106.3281203285,331938.7649394681,-1381167.5631808604,301.0913498617491,1428.4328132192022,0.9238804444120753,85.3
5864000,23456.000002943616,-1714270.9341463484,332683.43382971117,-1381587.500316637,301.76681589658904,1428.4328132192022,0.9238804444120753,85.3
5865000,23460.00000294443,-1712418.7925379314,333384.54876779974,-1379034.2437701316,302.4027754934015,1428.4328132192022,0.9238804444120753,85.3
5866000,23464.000002945246,-1711829.8520509861,332930.8750619203,-1378898.9769890658,301.99126215742547,1428.4328132192022,0.9238804444120753,85.3
5867000,23468.00000294606,-1711423.8223435506,331339.2498402223,-1380084.5725033283,300.5475483249586,1428.4328132192022,0.9238804444120753,85.3
5868000,23472.000002946876,-1713573.474190766,333149.3795713752,-1380424.0946193908,302.18946081528526,1428.4328132192022,0.9238804444120753,85.3
5869000,23476.00000294769,-1713198.7783762682,331632.5346014607,-1381566.2437748075,300.8135778279341,1428.4328132192022,0.9238804444120753,85.3
5870000,23480.000002948505,-1711451.515474625,332372.9953246587,-1379078.5201499662,301.4852267650745,1428.4328132192022,0.9238804444120753,85.3
5871000,23484.00000294932,-1711317.0842611417,332210.2562449237,-1379106.828016218,301.33761119748146,1428.4328132192022,0.9238804444120753,85.3
5872000,23488.000002950135,-1714633.4168320112,330404.99403701565,-1384228.4227949956,299.70011388639597,1428.4328132192022,0.9238804444120753,85.3
5873000,23492.00000295095,-1713017.9498845246,332944.3905272689,-1380073.5593572557,302.00352161650534,1428.4328132192022,0.9238804444120753,85.3
5874000,23496.000002951765,-1712860.1376199871,331485.08710235637,-1381375.0505176308,300.6798327784604,1428.4328132192022,0.9238804444120753,85.3
5875000,23500.00000295258,-1710991.1971108653,332033.9332153475,-1378957.2638955177,301.17767405065115,1428.4328132192022,0.9238804444120753,85.3
5876000,23504.000002953395,-1712369.9941540677,330755.54457692645,-1381614.4495771413,300.0180873996003,1428.4328132192022,0.9238804444120753,85.3
5877000,23508.00000295421,-1710951.0966209173,331211.31010219135,-1379739.786518726,300.43149816000806,1428.4328132192022,0.9238804444120753,85.3
5878000,23512.000002955025,-1713061.5032291897,332106.5410708593,-1380954.9621583303,301.24353438254275,1428.4328132192022,0.9238804444120753,85.3
5879000,23516.00000295584,-1712762.312407704,332248.8547765351,-1380513.457631169,301.37262272735717,1428.4328132192022,0.9238804444120753,85.3
5880000,23520.000002956654,-1712226.8687641062,332345.351761356,-1379881.5170027502,301.46015214689515,1428.4328132192022,0.9238804444120753,85.3
5881000,23524.00000295747,-1712506.9312555715,330875.4994669366,-1381631.431788635,300.12689475677126,1428.4328132192022,0.9238804444120753,85.3
5882000,23528.000002958284,-1712093.9577375874,331307.00148312334,-1380786.956254464,300.51829684126545,1428.4328132192022,0.9238804444120753,85.3
5883000,23532.0000029591,-1712620.1204488073,331170.1988528848,-1381449.9215959224,300.39420742190924,1428.4328132192022,0.9238804444120753,85.3
5884000,23536.000002959914,-1714921.2706919573,332807.3778120894,-1382113.892879868,301.8792416356205,1428.4328132192022,0.9238804444120753,85.3
5885000,23540.00000296073,-1711652.4765305296,330591.10133841494,-1381061.3751921146,299.8689260424804,1428.4328132192022,0.9238804444120753,85.3
5886000,23544.000002961544,-1710717.3064837977,331612.3495845531,-1379104.9568992446,300.7952686256666,1428.4328132192022,0.9238804444120753,85.3
5887000,23548.00000296236,-1713638.749095589,331121.6134981813,-1382517.1355974076,300.35013715481085,1428.4328132192022,0.9238804444120753,85.3
5888000,23552.000002963174,-1712963.1379194614,333507.4074929723,-1379455.730426489,302.51421682930953,1428.4328132192022,0.9238804444120753,85.3
5889000,23556.00000296399,-1711939.0980848093,332255.4345587106,-1379683.6635260987,301.37859104352344,1428.4328132192022,0.9238804444120753,85.3
5890000,23560.000002964804,-1711307.7123505436,332653.5690968433,-1378654.1432537003,301.7397265244451,1428.4328132192022,0.9238804444120753,85.3
5891000,23564.00000296562,-1712535.2223803643,331914.43949757994,-1380620.7828827845,301.069285008506,1428.4328132192022,0.9238804444120753,85.3
5892000,23568.000002966433,-1711122.3315578662,330699.680375794,-1380422.6511820722,299.9674147168511,1428.4328132192022,0.9238804444120753,85.3
5893000,23572.00000296725,-1710236.2702778857,331066.8349251593,-1379169.4353527264,300.30044921162136,1428.4328132192022,0.9238804444120753,85.3
5894000,23576.000002968063,-1712959.1898274366,330008.4543921095,-1382950.735435327,299.34042508361244,1428.4328132192022,0.9238804444120753,85.3
5895000,23580.000002968878,-1712430.0490063634,331914.846892958,-1380515.2021134053,301.0696545442073,1428.4328132192022,0.9238804444120753,85.3
5896000,23584.000002969693,-1710505.817969421,332618.4289869075,-1377887.3889825135,301.70785202151745,1428.4328132192022,0.9238804444120753,85.3
5897000,23588.000002970508,-1712391.691480549,331620.0041963638,-1380771.6872841853,300.80221188643094,1428.4328132192022,0.9238804444120753,85.3
5898000,23592.000002971323,-1713217.961299723,331087.6133704275,-1382130.3479292956,300.319296694334,1428.4328132192022,0.9238804444120753,85.3
5899000,23596.000002972138,-1712457.749960309,329959.52867073205,-1382498.221289577,299.29604608046964,1428.4328132192022,0.9238804444120753,85.3
5900000,23600.000002972953,-1712565.534452865,331613.27646485367,-1380952.2579880112,300.7961093700157,1428.4328132192022,0.9238804444120753,85.3
5901000,23604.000002973768,-1710913.1248340476,331703.24994032254,-1379209.8748937252,300.8777215167188,1428.4328132192022,0.9238804444120753,85.3
5902000,23608.000002974582,-1713150.1821864378,333603.4052448055,-1379546.7769416324,302.60129341010116,1428.4328132192022,0.9238804444120753,85.3
5903000,23612.000002975397,-1711466.8166672513,331455.6529640699,-1380011.1637031813,300.6531339852951,1428.4328132192022,0.9238804444120753,85.3
5904000,23616.000002976212,-1711829.374666024,332009.76719996845,-1379819.6074660555,301.1557538082456,1428.4328132192022,0.9238804444120753,85.3
5905000,23620.000002977027,-1715759.7115268689,332838.71000859636,-1382921.0015182726,301.9076620984795,1428.4328132192022,0.9238804444120753,85.3
5906000,23624.000002977842,-1713097.456689177,333531.50516298506,-1379565.951526192,302.5360750777548,1428.4328132192022,0.9238804444120753,85.3
5907000,23628.000002978657,-1714929.8006823175,333104.7449381881,-1381825.0557441292,302.1489741250388,1428.4328132192022,0.9238804444120753,85.3
5908000,23632.000002979472,-1713682.5379518755,330760.09442867513,-1382922.4435232002,300.02221442888816,1428.4328132192022,0.9238804444120753,85.3
5909000,23636.000002980287,-1713739.9347025957,331467.8961504352,-1382272.0385521604,300.6642393996025,1428.4328132192022,0.9238804444120753,85.3
5910000,23640.0000029811,-1712365.1245395597,332317.1823526049,-1380047.942186955,301.4346005506324,1428.4328132192022,0.9238804444120753,85.3
5911000,23644.000002981917,-1713703.8119690884,332144.5986386214,-1381559.213330467,301.2780552209029,1428.4328132192022,0.9238804444120753,85.3
5912000,23648.00000298273,-1713276.0090104677,333010.8533367516,-1380265.1556737162,302.06380796789426,1428.4328132192022,0.9238804444120753,85.3
5913000,23652.000002983546,-1713308.6869123224,332298.67701976764,-1381010.0098925547,301.4178149376455,1428.4328132192022,0.9238804444120753,85.3
5914000,23656.00000298436,-1713375.202217605,332192.87608050735,-1381182.3261370976,301.3218461898425,1428.4328132192022,0.9238804444120753,85.3
5915000,23660.000002985176,-1712512.7149180062,330993.5849461222,-1381519.129971884,300.23400642941226,1428.4328132192022,0.9238804444120753,85.3
5916000,23664.00000298599,-1711991.6187784206,332305.68795218016,-1379685.9308262405,301.4241743368084,1428.4328132192022,0.9238804444120753,85.3
5917000,23668.000002986806,-1713434.3853103332,331793.08221615164,-1381641.3030941817,300.95920558561164,1428.4328132192022,0.9238804444120753,85.3
5918000,23672.00000298762,-1713159.4607219193,331558.67311930313,-1381600.7876026162,300.74658037022635,1428.4328132192022,0.9238804444120753,85.3
5919000,23676.000002988436,-1714533.781773623,330947.03427294333,-1383586.7475006797,300.1917817587658,1428.4328132192022,0.9238804444120753,85.3
5920000,23680.00000298925,-1712342.6261614058,332239.87502421456,-1380102.7511371912,301.36447747277043,1428.4328132192022,0.9238804444120753,85.3
5921000,23684.000002990066,-1714524.0129453894,332428.5859806724,-1382095.426964717,301.5356513235376,1428.4328132192022,0.9238804444120753,85.3
5922000,23688.00000299088,-1712256.9293105956,330204.1915938689,-1382052.7377167267,299.5179722233888,1428.4328132192022,0.9238804444120753,85.3
5923000,23692.000002991696,-1713480.7175734732,332506.2289848368,-1380974.4885886365,301.60607888247443,1428.4328132192022,0.9238804444120753,85.3
5924000,23696.00000299251,-1713159.9266022164,331171.7661953334,-1381988.160406883,300.395629109592,1428.4328132192022,0.9238804444120753,85.3
5925000,23700.000002993325,-1712915.603377914,333146.8870449471,-1379768.716332967,302.18719992193365,1428.4328132192022,0.9238804444120753,85.3
5926000,23704.00000299414,-1712987.2727934252,330896.15562957444,-1382091.117163851,300.14563132070566,1428.4328132192022,0.9238804444120753,85.3
5927000,23708.000002994955,-1711893.9036686867,330005.2148977247,-1381888.688770962,299.3374866388142,1428.4328132192022,0.9238804444120753,85.3
5928000,23712.00000299577,-1714584.3292510025,332030.45176503365,-1382553.8774859689,301.1745161351402,1428.4328132192022,0.9238804444120753,85.3
5929000,23716.000002996585,-1712479.8494335394,331297.75838098174,-1381182.0910525578,300.5099127102309,1428.4328132192022,0.9238804444120753,85.3
5930000,23720.0000029974,-1711235.1806735415,332221.95214769,-1379013.2285258514,301.34822018782467,1428.4328132192022,0.9238804444120753,85.3
5931000,23724.000002998215,-1711918.080114808,331367.08070139994,-1380550.9994134079,300.57279283522644,1428.4328132192022,0.9238804444120753,85.3
5932000,23728.00000299903,-1712072.5345405545,332500.4000189947,-1379572.1345215598,301.6007916084978,1428.4328132192022,0.9238804444120753,85.3
5933000,23732.000002999845,-1712973.9388662092,332436.7069588971,-1380537.231907312,301.54301761079944,1428.4328132192022,0.9238804444120753,85.3
5934000,23736.00000300066,-1711450.2402820028,332734.48397815245,-1378715.7563038503,301.81312190157655,1428.4328132192022,0.9238804444120753,85.3
5935000,23740.000003001474,-1709768.5323592313,331826.9779159686,-1377941.5544432628,300.9899513227486,1428.4328132192022,0.9238804444120753,85.3
5936000,23744.00000300229,-1711174.8818554971,331276.3485285167,-1379898.5333269804,300.4904924976497,1428.4328132192022,0.9238804444120753,85.3
5937000,23748.000003003104,-1714149.4099646378,332800.75119120587,-1381348.658773432,301.873230833516,1428.4328132192022,0.9238804444120753,85.3
5938000,23752.00000300392,-1711381.3830826133,332470.49038234993,-1378910.8927002633,301.57366150553173,1428.4328132192022,0.9238804444120753,85.3
5939000,23756.000003004734,-1709853.176594546,330487.5549430446,-1379365.6216515014,299.77500232145593,1428.4328132192022,0.9238804444120753,85.3
5940000,23760.00000300555,-1713761.01902817,331294.7226188998,-1382466.2964092703,300.50715906468037,1428.4328132192022,0.9238804444120753,85.3
5941000,23764.000003006364,-1710314.9630785082,329755.68520396546,-1380559.2778745426,299.1111459993344,1428.4328132192022,0.9238804444120753,85.3
5942000,23768.00000300718,-1712511.1914498545,331918.2830016498,-1380592.9084482049,301.07277133174034,1428.4328132192022,0.9238804444120753,85.3
5943000,23772.000003007994,-1710714.141847901,332759.3554633226,-1377954.7863845783,301.83568205373086,1428.4328132192022,0.9238804444120753,85.3
5944000,23776.00000300881,-1713701.5432524644,332965.8723396515,-1380735.670912813,302.02300710169396,1428.4328132192022,0.9238804444120753,85.3
5945000,23780.000003009623,-1712310.654800374,331345.01057121216,-1380965.644229162,300.5527737052189,1428.4328132192022,0.9238804444120753,85.3
5946000,23784.00000301044,-1712361.7856756318,332074.2457316164,-1380287.5399440154,301.21424028280524,1428.4328132192022,0.9238804444120753,85.3
5947000,23788.000003011253,-1711390.5777239092,332006.7868299586,-1379383.7908939505,301.15305040712434,1428.4328132192022,0.9238804444120753,85.3
5948000,23792.00000301207,-1714745.743187612,332189.4166452214,-1382556.3265423905,301.31870824348005,1428.4328132192022,0.9238804444120753,85.3
5949000,23796.000003012883,-1711784.1374216042,332237.32545921666,-1379546.8119623875,301.3621648415027,1428.4328132192022,0.9238804444120753,85.3
5950000,23800.000003013698,-1713616.800615741,332733.3848306651,-1380883.4157850759,301.8121248990097,1428.4328132192022,0.9238804444120753,85.3
5951000,23804.000003014513,-1713519.1188556273,331857.03101225576,-1381662.0878433716,301.01721155350316,1428.4328132192022,0.9238804444120753,85.3
5952000,23808.000003015328,-1714247.2809330542,330889.2009324112,-1383358.080000643,300.1393229307918,1428.4328132192022,0.9238804444120753,85.3
5953000,23812.000003016143,-1712407.7010367122,332283.189865949,-1380124.511170763,301.4037670211582,1428.4328132192022,0.9238804444120753,85.3
5954000,23816.000003016958,-1712540.1068260204,329427.4115833744,-1383112.695242646,298.8133791881402,1428.4328132192022,0.9238804444120753,85.3
5955000,23820.000003017773,-1713396.6986948792,331515.87866619707,-1381880.8200286822,300.7077628502098,1428.4328132192022,0.9238804444120753,85.3
5956000,23824.000003018587,-1712232.4165501595,332249.5478408481,-1379982.8687093114,301.37325138448176,1428.4328132192022,0.9238804444120753,85.3
5957000,23828.000003019402,-1712326.144571051,331941.345059848,-1380384.799511203,301.0936902088553,1428.4328132192022,0.9238804444120753,85.3
5958000,23832.000003020217,-1714185.0263705906,331893.19543998793,-1382291.8309306027,301.0500151833077,1428.4328132192022,0.9238804444120753,85.3
5959000,23836.000003021032,-1712219.3508605696,333702.58341517614,-1378516.7674453934,302.69125484982385,1428.4328132192022,0.9238804444120753,85.3
5960000,23840.000003021847,-1713286.743616892,331236.5335836689,-1382050.210033223,300.45437759708636,1428.4328132192022,0.9238804444120753,85.3
5961000,23844.000003022662,-1713907.6560873408,331490.55375318415,-1382417.1023341566,300.6847914077343,1428.4328132192022,0.9238804444120753,85.3
5962000,23848.000003023477,-1710804.826983817,331143.94740035746,-1379660.8795834593,300.3703955442012,1428.4328132192022,0.9238804444120753,85.3
5963000,23852.00000302429,-1713116.0519572254,330613.24901711993,-1382502.8029401056,299.88901551434066,1428.4328132192022,0.9238804444120753,85.3
5964000,23856.000003025107,-1711664.5567818116,330933.2433605162,-1380731.3134212955,300.1792724501911,1428.4328132192022,0.9238804444120753,85.3
5965000,23860.00000302592,-1712899.5535384808,331443.1299855347,-1381456.4235529462,300.6417747801954,1428.4328132192022,0.9238804444120753,85.3
5966000,23864.000003026737,-1710213.887967823,330375.9105405539,-1379837.977427269,299.6737331495454,1428.4328132192022,0.9238804444120753,85.3
5967000,23868.00000302755,-1712580.5184015073,331121.3869170786,-1381459.1314844287,300.349931630126,1428.4328132192022,0.9238804444120753,85.3
5968000,23872.000003028366,-1710267.4942912348,331433.1718781697,-1378834.322413065,300.63274209011735,1428.4328132192022,0.9238804444120753,85.3
5969000,23876.00000302918,-1713431.4582595471,332184.31307319173,-1381247.1451863553,301.31407895171355,1428.4328132192022,0.9238804444120753,85.3
5970000,23880.000003029996,-1713012.4250014424,331176.72136100155,-1381835.703640441,300.40012378655473,1428.4328132192022,0.9238804444120753,85.3
5971000,23884.00000303081,-1712512.527779365,330950.39853004675,-1381562.1292493183,300.1948333719533,1428.4328132192022,0.9238804444120753,85.3
5972000,23888.000003031626,-1713456.9730211217,331060.160241181,-1382396.8127799407,300.2943948129756,1428.4328132192022,0.9238804444120753,85.3
5973000,23892.00000303244,-1714052.2915832028,332282.99351282336,-1381769.2980703795,301.40358891533305,1428.4328132192022,0.9238804444120753,85.3
5974000,23896.000003033256,-1713422.9217317645,332266.4445379433,-1381156.4771938212,301.3885778539212,1428.4328132192022,0.9238804444120753,85.3
5975000,23900.00000303407,-1713464.0874131303,332880.07432887127,-1380584.0130842591,301.94518238939804,1428.4328132192022,0.9238804444120753,85.3
5976000,23904.000003034886,-1709647.041281145,333744.8991065094,-1375902.1421746355,302.72963809989767,1428.4328132192022,0.9238804444120753,85.3
5977000,23908.0000030357,-1711601.4536801353,331330.1188805308,-1380271.3347996045,300.5392659148594,1428.4328132192022,0.9238804444120753,85.3
5978000,23912.000003036515,-1711233.7021607142,331434.52534431405,-1379799.1768164001,300.6339697772435,1428.4328132192022,0.9238804444120753,85.3
5979000,23916.00000303733,-1713214.185595069,331911.51231485227,-1381302.6732802168,301.0666298519173,1428.4328132192022,0.9238804444120753,85.3
5980000,23920.000003038145,-1712208.177721383,331023.32329183666,-1381184.8544295463,300.2609811596926,1428.4328132192022,0.9238804444120753,85.3
5981000,23924.00000303896,-1709794.8981038798,331670.33349745616,-1378124.5646064235,300.8478640331643,1428.4328132192022,0.9238804444120753,85.3
5982000,23928.000003039775,-1709043.479738893,332669.2042684087,-1376374.2754704843,301.7539087032358,1428.4328132192022,0.9238804444120753,85.3
5983000,23932.00000304059,-1710189.7906641904,330735.39668564557,-1379454.393978545,299.99981187283635,1428.4328132192022,0.9238804444120753,85.3
5984000,23936.000003041405,-1713465.7000776716,332071.3494081993,-1381394.3506694722,301.2116131177393,1428.4328132192022,0.9238804444120753,85.3
5985000,23940.00000304222,-1713197.8131404202,331638.166154595,-1381559.6469858252,300.8186860349714,1428.4328132192022,0.9238804444120753,85.3
5986000,23944.000003043035,-1710763.808969533,331742.23298734066,-1379021.5759821925,300.9130818285839,1428.4328132192022,0.9238804444120753,85.3
5987000,23948.00000304385,-1710395.4486770444,332469.3922477181,-1377926.0564293263,301.57266542169475,1428.4328132192022,0.9238804444120753,85.3
5988000,23952.000003044664,-1712941.7355956174,332867.28171771206,-1380074.4538779054,301.93357860891496,1428.4328132192022,0.9238804444120753,85.3
5989000,23956.00000304548,-1711253.3512995187,332481.2209742839,-1378772.130325235,301.58339489238335,1428.4328132192022,0.9238804444120753,85.3
5990000,23960.000003046294,-1710847.9264011793,332002.50120847847,-1378845.4251927007,301.149163052911,1428.4328132192022,0.9238804444120753,85.3
5991000,23964.00000304711,-1710292.160594551,331737.0024251605,-1378555.1581693904,300.9083373479939,1428.4328132192022,0.9238804444120753,85.3
5992000,23968.000003047924,-1713095.975004131,332146.86837196373,-1380949.1066321672,301.2801140255623,1428.4328132192022,0.9238804444120753,85.3
5993000,23972.00000304874,-1712120.3935792148,331826.377033595,-1380294.0165456198,300.9894062809997,1428.4328132192022,0.9238804444120753,85.3
5994000,23976.000003049554,-1711931.212387193,333174.3953232508,-1378756.817063942,302.21215182728986,1428.4328132192022,0.9238804444120753,85.3
5995000,23980.00000305037,-1715858.9956750516,332413.66589598404,-1383445.3297790675,301.52211777785584,1428.4328132192022,0.9238804444120753,85.3
5996000,23984.000003051184,-1712512.339977596,330351.25218866655,-1382161.0877889295,299.651366323976,1428.4328132192022,0.9238804444120753,85.3
5997000,23988.000003052,-1713131.0665006358,330518.84632958815,-1382612.2201710476,299.80338576686387,1428.4328132192022,0.9238804444120753,85.3
5998000,23992.000003052814,-1712927.3198194467,331668.27841356525,-1381259.0414058813,300.8459999303593,1428.4328132192022,0.9238804444120753,85.3
5999000,23996.00000305363,-1712987.6217541825,330985.5391283165,-1382002.082625866,300.22670831783347,1428.4328132192022,0.9238804444120753,85.3
6000000,24000.000003054443,-1710910.4259527642,331405.9010983595,-1379504.5248544049,300.60800561227234,1428.4328132192022,0.9238804444120753,85.3
6001000,24004.00000305526,-1713509.376735339,331414.73674280336,-1382094.6399925356,300.61602015107735,1428.4328132192022,0.9238804444120753,85.3
6002000,24008.000003056073,-1711170.7646015417,331417.8075076797,-1379752.957093862,300.6188055465761,1428.4328132192022,0.9238804444120753,85.3
6003000,24012.000003056888,-1711892.0906788036,332021.17569275695,-1379870.9149860467,301.1661020979195,1428.4328132192022,0.9238804444120753,85.3
6004000,24016.000003057703,-1712494.610804947,331935.82495015266,-1380558.7858547946,301.08868308870217,1428.4328132192022,0.9238804444120753,85.3
6005000,24020.000003058518,-1714060.6166949682,330607.1207184221,-1383453.495976546,299.8834567248223,1428.4328132192022,0.9238804444120753,85.3
6006000,24024.000003059333,-1712386.9794417843,332103.9639313981,-1380283.0155103863,301.2411967393353,1428.4328132192022,0.9238804444120753,85.3
6007000,24028.000003060148,-1711483.051890036,331608.7390760536,-1379874.3128139824,300.7919936454816,1428.4328132192022,0.9238804444120753,85.3
6008000,24032.000003060963,-1712214.3186855149,331343.6165674769,-1380870.702118038,300.5515092477023,1428.4328132192022,0.9238804444120753,85.3
6009000,24036.000003061778,-1712295.2485361192,331512.48059757426,-1380782.767938545,300.7046805676425,1428.4328132192022,0.9238804444120753,85.3
6010000,24040.000003062592,-1711055.6765578613,332070.8932677179,-1378984.7832901434,301.2111993668678,1428.4328132192022,0.9238804444120753,85.3
6011000,24044.000003063407,-1713470.0792131666,332621.34182586335,-1380848.7373873033,301.71049416731597,1428.4328132192022,0.9238804444120753,85.3
6012000,24048.000003064222,-1710454.5475892313,333228.83976537595,-1377225.7078238553,302.26153669071465,1428.4328132192022,0.9238804444120753,85.3
6013000,24052.000003065037,-1712361.0728143156,331714.4824566326,-1380646.590357683,300.88791018359154,1428.4328132192022,0.9238804444120753,85.3
6014000,24056.000003065852,-1711421.43796115,332670.958203829,-1378750.479757321,301.75549964361113,1428.4328132192022,0.9238804444120753,85.3
6015000,24060.000003066667,-1715384.2816945538,332842.6782922783,-1382541.6034022756,301.91126160542666,1428.4328132192022,0.9238804444120753,85.3
6016000,24064.000003067482,-1713868.2955998983,330737.259656938,-1383131.0359429603,300.00150171626666,1428.4328132192022,0.9238804444120753,85.3
6017000,24068.000003068297,-1712076.9188299496,330942.1277546478,-1381134.7910753018,300.1873312083246,1428.4328132192022,0.9238804444120753,85.3
6018000,24072.00000306911,-1711972.730736602,332669.2250458575,-1379303.5056907446,301.75392754981465,1428.4328132192022,0.9238804444120753,85.3
6019000,24076.000003069927,-1712459.8695493191,331429.1346658029,-1381030.7348835163,300.6290800600998,1428.4328132192022,0.9238804444120753,85.3
6020000,24080.00000307074,-1714187.0576297361,332216.19569205394,-1381970.8619376821,301.3429986856051,1428.4328132192022,0.9238804444120753,85.3
6021000,24084.000003071556,-1711293.072063988,332100.1711664389,-1379192.9008975492,301.23775643997317,1428.4328132192022,0.9238804444120753,85.3
6022000,24088.00000307237,-1713314.777402239,330451.9700315336,-1382862.8073707053,299.74272435282666,1428.4328132192022,0.9238804444120753,85.3
6023000,24092.000003073186,-1712304.0682171378,331834.89063946204,-1380469.1775776758,300.99712870860816,1428.4328132192022,0.9238804444120753,85.3
6024000,24096.000003074,-1713547.3590679523,330802.6839435423,-1382744.67512441,300.0608460557897,1428.4328132192022,0.9238804444120753,85.3
6025000,24100.000003074816,-1711730.7897715624,334252.82313741767,-1377477.9666341448,303.1903602217061,1428.4328132192022,0.9238804444120753,85.3
6026000,24104.00000307563,-1713687.8481575344,331374.55709919415,-1382313.29105834,300.57957444358834,1428.4328132192022,0.9238804444120753,85.3
6027000,24108.000003076446,-1712659.7690031305,330966.700793665,-1381693.0682094656,300.20962064923776,1428.4328132192022,0.9238804444120753,85.3
6028000,24112.00000307726,-1711016.0231659655,330969.4986967632,-1380046.5244692024,300.21215854028753,1428.4328132192022,0.9238804444120753,85.3
6029000,24116.000003078076,-1711025.6777361818,332863.3644186662,-1378162.3133175154,301.93002534854855,1428.4328132192022,0.9238804444120753,85.3
6030000,24120.00000307889,-1714881.4829214867,333809.09616103116,-1381072.3867604556,302.7878692552936,1428.4328132192022,0.9238804444120753,85.3
6031000,24124.000003079705,-1711781.5789428223,331925.0802374455,-1379856.4987053769,301.0789368933355,1428.4328132192022,0.9238804444120753,85.3
6032000,24128.00000308052,-1713964.0988783725,332620.3871828133,-1381343.711695559,301.70962824023866,1428.4328132192022,0.9238804444120753,85.3
6033000,24132.000003081335,-1713531.2525284272,333778.47032724286,-1379752.7822011844,302.76008951213026,1428.4328132192022,0.9238804444120753,85.3
6034000,24136.00000308215,-1710184.1993184388,331604.94211151404,-1378579.2572069247,300.7885495368106,1428.4328132192022,0.9238804444120753,85.3
6035000,24140.000003082965,-1712417.3078372423,329608.4289693277,-1382808.8788679144,298.97757443992117,1428.4328132192022,0.9238804444120753,85.3
6036000,24144.00000308378,-1711394.8778132293,332514.02111253235,-1378880.856700697,301.6131468796292,1428.4328132192022,0.9238804444120753,85.3
6037000,24148.000003084595,-1712736.8899985794,331552.17892256286,-1381184.7110760165,300.74068968595157,1428.4328132192022,0.9238804444120753,85.3
6038000,24152.00000308541,-1712322.747715341,332961.4484033623,-1379361.2993119787,302.0189942864108,1428.4328132192022,0.9238804444120753,85.3
6039000,24156.000003086225,-1713583.7675665133,332542.88299025345,-1381040.8845762599,301.63932659299945,1428.4328132192022,0.9238804444120753,85.3
6040000,24160.00000308704,-1713171.2682213522,332574.4657256988,-1380596.8024956535,301.6679743119524,1428.4328132192022,0.9238804444120753,85.3
6041000,24164.000003087855,-1711795.9838550668,332367.2815000516,-1379428.702355015,301.4800439321381,1428.4328132192022,0.9238804444120753,85.3
6042000,24168.00000308867,-1711170.474339394,331716.8019157037,-1379453.67242369,300.8900140929159,1428.4328132192022,0.9238804444120753,85.3
6043000,24172.000003089484,-1710806.7133095227,330329.17040203017,-1380477.5429074925,299.63133662076575,1428.4328132192022,0.9238804444120753,85.3
6044000,24176.0000030903,-1712025.882439373,332563.7951540197,-1379462.0872853533,301.65829536761083,1428.4328132192022,0.9238804444120753,85.3
6045000,24180.000003091114,-1711908.2775298879,332782.9672100834,-1379125.3103198046,301.85709953627793,1428.4328132192022,0.9238804444120753,85.3
6046000,24184.00000309193,-1712062.5813867114,333142.05291067576,-1378920.5284760357,302.182815028794,1428.4328132192022,0.9238804444120753,85.3
6047000,24188.000003092744,-1711110.9857434127,331850.2169853425,-1379260.7687580702,301.0110307612064,1428.4328132192022,0.9238804444120753,85.3
6048000,24192.00000309356,-1713193.2149517871,333148.6480177378,-1380044.5669340494,302.18879724568916,1428.4328132192022,0.9238804444120753,85.3
6049000,24196.000003094374,-1709937.0472420156,333045.47959011944,-1376891.5676518963,302.0952163674799,1428.4328132192022,0.9238804444120753,85.3
6050000,24200.00000309519,-1714001.4657754712,331639.8140242968,-1382361.6517511744,300.8201807664259,1428.4328132192022,0.9238804444120753,85.3
6051000,24204.000003096004,-1712500.8678655513,332557.58538693446,-1379943.2824786168,301.6526626806471,1428.4328132192022,0.9238804444120753,85.3
6052000,24208.00000309682,-1713609.259722013,332825.40133187047,-1380783.8583901427,301.8955902109402,1428.4328132192022,0.9238804444120753,85.3
6053000,24212.000003097633,-1713019.8863058817,331470.227369963,-1381549.6589359187,300.666353976472,1428.4328132192022,0.9238804444120753,85.3
6054000,24216.00000309845,-1712131.1104121786,332110.6163757408,-1380020.4940364377,301.24723096509797,1428.4328132192022,0.9238804444120753,85.3
6055000,24220.000003099263,-1714125.0421038233,333101.14956397953,-1381023.8925398437,302.1457128726994,1428.4328132192022,0.9238804444120753,85.3
6056000,24224.000003100078,-1711642.1744176596,331987.65239688725,-1379654.5220207723,301.13569415684316,1428.4328132192022,0.9238804444120753,85.3
6057000,24228.000003100893,-1713567.6145051941,330845.94531218376,-1382721.6691930103,300.1000871003947,1428.4328132192022,0.9238804444120753,85.3
6058000,24232.000003101708,-1712305.0194618795,332133.3413736399,-1380171.6780882396,301.26784410527847,1428.4328132192022,0.9238804444120753,85.3
6059000,24236.000003102523,-1711053.0407813005,330579.5138704948,-1380473.5269108056,299.85841541002026,1428.4328132192022,0.9238804444120753,85.3
6060000,24240.000003103338,-1713111.8397753201,331814.62572140805,-1381297.214053912,300.97874703049104,1428.4328132192022,0.9238804444120753,85.3
6061000,24244.000003104153,-1711582.9448441193,333064.0452741445,-1378518.8995699747,302.11205672315583,1428.4328132192022,0.9238804444120753,85.3
6062000,24248.000003104968,-1714071.8986007348,330884.3777586285,-1383187.5208421063,300.13494797957117,1428.4328132192022,0.9238804444120753,85.3
6063000,24252.000003105783,-1715144.2912729923,330494.1297540325,-1384650.1615189598,299.7809661284123,1428.4328132192022,0.9238804444120753,85.3
6064000,24256.000003106597,-1711335.6991107892,331652.37135541264,-1379683.3277553767,300.83157113168505,1428.4328132192022,0.9238804444120753,85.3
6065000,24260.000003107412,-1713898.3699177615,331576.72611263976,-1382321.6438051218,300.76295568009334,1428.4328132192022,0.9238804444120753,85.3
6066000,24264.000003108227,-1712877.018214602,332150.0774185988,-1380726.9407960032,301.2830248521519,1428.4328132192022,0.9238804444120753,85.3
6067000,24268.000003109042,-1713103.084827697,331428.2846326816,-1381674.8001950153,300.6283090214416,1428.4328132192022,0.9238804444120753,85.3
6068000,24272.000003109857,-1713818.34941083,332389.2642467487,-1381429.0851640813,301.49998379929366,1428.4328132192022,0.9238804444120753,85.3
6069000,24276.000003110672,-1714889.906695474,332387.17752678023,-1382502.7291686938,301.49809100038476,1428.4328132192022,0.9238804444120753,85.3
6070000,24280.000003111487,-1710426.4707896076,332305.2175546773,-1378121.2532349303,301.4237476538353,1428.4328132192022,0.9238804444120753,85.3
6071000,24284.0000031123,-1712031.3884655386,332135.44681126834,-1379895.9416542703,301.26975388239566,1428.4328132192022,0.9238804444120753,85.3
6072000,24288.000003113117,-1713404.2238555737,331412.7572941163,-1381991.4665614574,300.614224654618,1428.4328132192022,0.9238804444120753,85.3
6073000,24292.00000311393,-1712684.5254161414,333432.0646336162,-1379252.4607825251,302.44587566032874,1428.4328132192022,0.9238804444120753,85.3
6074000,24296.000003114747,-1710987.8339200113,331946.56585526327,-1379041.268064748,301.0984258303162,1428.4328132192022,0.9238804444120753,85.3
6075000,24300.00000311556,-1711100.053459661,332683.8081230037,-1378416.2453366574,301.7671554064161,1428.4328132192022,0.9238804444120753,85.3
6076000,24304.000003116376,-1710958.6191761605,332411.3681167939,-1378547.2510593666,301.52003353367854,1428.4328132192022,0.9238804444120753,85.3
6077000,24308.00000311719,-1711492.827592373,331154.84797009075,-1380337.979622282,300.3802831126383,1428.4328132192022,0.9238804444120753,85.3
6078000,24312.000003118006,-1712564.4450224806,330946.758495228,-1381617.6865272527,300.1915316093607,1428.4328132192022,0.9238804444120753,85.3
6079000,24316.00000311882,-1713586.157062443,330795.2742738146,-1382790.8827886283,300.05412497438556,1428.4328132192022,0.9238804444120753,85.3
6080000,24320.000003119636,-1714005.3302957732,334006.76795666525,-1379998.562339108,302.9671712051213,1428.4328132192022,0.9238804444120753,85.3
6081000,24324.00000312045,-1711393.3402769454,331468.7749341165,-1379924.5653428289,300.66503651700117,1428.4328132192022,0.9238804444120753,85.3
6082000,24328.000003121266,-1713395.3801733796,330543.9524885183,-1382851.4276848612,299.82615878430136,1428.4328132192022,0.9238804444120753,85.3
6083000,24332.00000312208,-1712883.5837502163,333109.22274989815,-1379774.361000318,302.15303580904384,1428.4328132192022,0.9238804444120753,85.3
6084000,24336.000003122896,-1711078.4494886342,334017.0078329483,-1377061.441655686,302.97645947903845,1428.4328132192022,0.9238804444120753,85.3
6085000,24340.00000312371,-1710886.367183445,332521.16433203267,-1378365.2028514124,301.61962627230304,1428.4328132192022,0.9238804444120753,85.3
6086000,24344.000003124525,-1711180.7944266982,332352.82425549824,-1378827.9701712,301.46693021437557,1428.4328132192022,0.9238804444120753,85.3
6087000,24348.00000312534,-1714039.5896452256,331498.282258183,-1382541.3073870426,300.6918016947158,1428.4328132192022,0.9238804444120753,85.3
6088000,24352.000003126155,-1714690.5310227107,330174.6768926112,-1384515.8541300995,299.4912003540531,1428.4328132192022,0.9238804444120753,85.3
6089000,24356.00000312697,-1712396.421175858,332133.17638099287,-1380263.2447948651,301.26769444556993,1428.4328132192022,0.9238804444120753,85.3
6090000,24360.000003127785,-1712058.3339031115,331350.14029630285,-1380708.1936068088,300.5574267196152,1428.4328132192022,0.9238804444120753,85.3
6091000,24364.0000031286,-1710506.5103808567,331737.2496076197,-1378769.2607732369,300.9085615595298,1428.4328132192022,0.9238804444120753,85.3
6092000,24368.000003129415,-1712434.6445643436,329540.78898935334,-1382893.8555749902,298.91622031372015,1428.4328132192022,0.9238804444120753,85.3
6093000,24372.00000313023,-1712190.6036382709,331346.6068657907,-1380843.9967724802,300.55422165447993,1428.4328132192022,0.9238804444120753,85.3
6094000,24376.000003131045,-1711342.4532563295,330641.7929577093,-1380700.6602986204,299.91490683680786,1428.4328132192022,0.9238804444120753,85.3
6095000,24380.00000313186,-1710043.130365571,331277.2549783905,-1378765.8753871806,300.49131471019285,1428.4328132192022,0.9238804444120753,85.3
6096000,24384.000003132674,-1711669.1808828246,330988.5489415233,-1380680.6319413013,300.2294384259648,1428.4328132192022,0.9238804444120753,85.3
6097000,24388.00000313349,-1710895.813609669,332205.8570200312,-1378689.9565896378,301.3336207971392,1428.4328132192022,0.9238804444120753,85.3
6098000,24392.000003134304,-1713302.996376017,332885.24763597007,-1380417.748740047,301.9498749356811,1428.4328132192022,0.9238804444120753,85.3
6099000,24396.00000313512,-1710377.5376286246,331096.0797045816,-1379281.457924043,300.326976243239,1428.4328132192022,0.9238804444120753,85.3
6100000,24400.000003135934,-1711914.0318098161,333470.62265739404,-1378443.409152422,302.480850446806,1428.4328132192022,0.9238804444120753,85.3
6101000,24404.00000313675,-1710957.352762537,333546.12909635465,-1377411.2236661825,302.5493399937682,1428.4328132192022,0.9238804444120753,85.3
6102000,24408.000003137564,-1711256.0720912628,331931.1837238652,-1379324.8883673977,301.08447317640656,1428.4328132192022,0.9238804444120753,85.3
6103000,24412.00000313838,-1712202.5960931964,331894.28551480925,-1380308.3105783872,301.05100395634076,1428.4328132192022,0.9238804444120753,85.3
6104000,24416.000003139194,-1712645.9289632235,333212.5163276467,-1379433.412635577,302.2467302070513,1428.4328132192022,0.9238804444120753,85.3
6105000,24420.00000314001,-1713952.6542229764,331124.379633479,-1382828.2745894974,300.3526462302749,1428.4328132192022,0.9238804444120753,85.3
6106000,24424.000003140824,-1712760.4696049262,332368.1550145083,-1380392.3145904178,301.4808362699867,1428.4328132192022,0.9238804444120753,85.3
6107000,24428.00000314164,-1711437.8964849059,329726.39774626074,-1381711.498738645,299.0845802555715,1428.4328132192022,0.9238804444120753,85.3
6108000,24432.000003142453,-1714456.6209484637,330556.0208763495,-1383900.6000721143,299.8371056442844,1428.4328132192022,0.9238804444120753,85.3
6109000,24436.00000314327,-1713534.7538841087,331921.35084810515,-1381613.4030360035,301.07555408003003,1428.4328132192022,0.9238804444120753,85.3
6110000,24440.000003144083,-1713082.9418123271,331764.5713236966,-1381318.3704886306,300.93334424008117,1428.4328132192022,0.9238804444120753,85.3
6111000,24444.000003144898,-1713018.228048494,331706.2564846033,-1381311.9715638908,300.88044865970875,1428.4328132192022,0.9238804444120753,85.3
6112000,24448.000003145713,-1712302.4927031156,331311.3123878082,-1380991.1803153073,300.522207129089,1428.4328132192022,0.9238804444120753,85.3
6113000,24452.000003146528,-1711551.747138735,330575.3797021253,-1380976.3674366097,299.8546654342223,1428.4328132192022,0.9238804444120753,85.3
6114000,24456.000003147343,-1710905.482380828,331339.17250234686,-1379566.309878481,300.5474781741725,1428.4328132192022,0.9238804444120753,85.3
6115000,24460.000003148158,-1712563.3256179653,331527.8731445807,-1381035.4524733846,300.7186426692272,1428.4328132192022,0.9238804444120753,85.3
6116000,24464.000003148973,-1713056.8467812017,331599.276646642,-1381457.5701345596,300.78341056948864,1428.4328132192022,0.9238804444120753,85.3
6117000,24468.000003149788,-1716504.3523783851,332559.36781838303,-1383944.984560002,301.65427946888514,1428.4328132192022,0.9238804444120753,85.3
6118000,24472.000003150602,-1713978.9928041156,331324.728530805,-1382654.2642733105,300.5343764959467,1428.4328132192022,0.9238804444120753,85.3
6119000,24476.000003151417,-1715097.5320435911,331261.11315926525,-1383836.4188843258,300.4766729671276,1428.4328132192022,0.9238804444120753,85.3
6120000,24480.000003152232,-1712636.7518683765,332269.8942985157,-1380366.8575698608,301.39170702465134,1428.4328132192022,0.9238804444120753,85.3
6121000,24484.000003153047,-1712007.0631209146,333232.35472378554,-1378774.708397129,302.26472500037903,1428.4328132192022,0.9238804444120753,85.3
6122000,24488.000003153862,-1711798.0879954714,330957.2506042083,-1380840.837391263,300.20104867572786,1428.4328132192022,0.9238804444120753,85.3
6123000,24492.000003154677,-1714172.475154141,331932.8638986999,-1382239.611255441,301.0859972108443,1428.4328132192022,0.9238804444120753,85.3
6124000,24496.000003155492,-1710910.4800405335,331883.79252326296,-1379026.6875172704,301.04148608942535,1428.4328132192022,0.9238804444120753,85.3
6125000,24500.000003156307,-1712606.7243356109,331031.43824009434,-1381575.2860955165,300.26834197735855,1428.4328132192022,0.9238804444120753,85.3
6126000,24504.00000315712,-1713392.1073079072,333164.52012473706,-1380227.58718317,302.20319434125713,1428.4328132192022,0.9238804444120753,85.3
6127000,24508.000003157937,-1716023.931245342,332067.60003824683,-1383956.3312070952,301.20821218064077,1428.4328132192022,0.9238804444120753,85.3
6128000,24512.00000315875,-1714283.5873607062,331985.0810166587,-1382298.5063440474,301.13336173765686,1428.4328132192022,0.9238804444120753,85.3
6129000,24516.000003159566,-1713023.0776271839,331482.3056831708,-1381540.771944013,300.67730983945614,1428.4328132192022,0.9238804444120753,85.3
6130000,24520.00000316038,-1716069.9698101003,331373.59188400663,-1384696.3779260935,300.5786989268533,1428.4328132192022,0.9238804444120753,85.3
6131000,24524.000003161196,-1713917.6169311255,332196.7678979671,-1381720.8490331585,301.3253763366531,1428.4328132192022,0.9238804444120753,85.3
6132000,24528.00000316201,-1714066.009387238,332009.3404255344,-1382056.6689617035,301.1553666944041,1428.4328132192022,0.9238804444120753,85.3
6133000,24532.000003162826,-1714806.5475441124,330990.08436453296,-1383816.4631795795,300.2308311605154,1428.4328132192022,0.9238804444120753,85.3
6134000,24536.00000316364,-1713986.0746006407,331411.5052171581,-1382574.5693834824,300.61308893447534,1428.4328132192022,0.9238804444120753,85.3
6135000,24540.000003164456,-1713902.3900006562,330642.63898814516,-1383259.751012511,299.9156742447544,1428.4328132192022,0.9238804444120753,85.3
6136000,24544.00000316527,-1712909.3218376525,331722.0785944445,-1381187.243243208,300.8948004044067,1428.4328132192022,0.9238804444120753,85.3
6137000,24548.000003166086,-1711649.596796535,332300.11591383256,-1379349.4808827024,301.4191201137867,1428.4328132192022,0.9238804444120753,85.3
6138000,24552.0000031669,-1713818.373076817,332414.98445126764,-1381403.3886255494,301.5233137984239,1428.4328132192022,0.9238804444120753,85.3
6139000,24556.000003167715,-1715134.0820776857,331066.3448377687,-1384067.737239917,300.30000466856234,1428.4328132192022,0.9238804444120753,85.3
6140000,24560.00000316853,-1714760.6399828792,330040.3784095339,-1384720.2615733454,299.36938236885476,1428.4328132192022,0.9238804444120753,85.3
6141000,24564.000003169345,-1712093.9456746448,332164.386367762,-1379929.5593068828,301.2960040557693,1428.4328132192022,0.9238804444120753,85.3
6142000,24568.00000317016,-1715148.8214597814,332396.18943311094,-1382752.6320266705,301.506265420876,1428.4328132192022,0.9238804444120753,85.3
6143000,24572.000003170975,-1715539.8408440258,331488.2958304093,-1384051.5450136166,300.6827433160741,1428.4328132192022,0.9238804444120753,85.3
6144000,24576.00000317179,-1714232.0912877098,332116.976492229,-1382115.1147954809,301.253000029338,1428.4328132192022,0.9238804444120753,85.3
6145000,24580.000003172605,-1712718.535072675,331731.4601810593,-1380987.0748916157,300.90331015040823,1428.4328132192022,0.9238804444120753,85.3
6146000,24584.00000317342,-1714140.0552610792,332341.730730272,-1381798.3245308073,301.4568676220004,1428.4328132192022,0.9238804444120753,85.3
6147000,24588.000003174235,-1714461.608340025,332593.4528336086,-1381868.1555064162,301.6851969281526,1428.4328132192022,0.9238804444120753,85.3
6148000,24592.00000317505,-1711949.7625491284,330772.4363107048,-1381177.3262384236,300.03340936696907,1428.4328132192022,0.9238804444120753,85.3
6149000,24596.000003175865,-1711259.918061642,331820.58180326177,-1379439.3362583802,300.98414960745595,1428.4328132192022,0.9238804444120753,85.3
6150000,24600.00000317668,-1714631.1589184608,332695.77809249057,-1381935.3808259703,301.7780129941741,1428.4328132192022,0.9238804444120753,85.3
6151000,24604.000003177494,-1712674.9833091833,333316.403343565,-1379358.5799656182,302.34096289440157,1428.4328132192022,0.9238804444120753,85.3
6152000,24608.00000317831,-1710973.5310337339,333037.8653030777,-1377935.6657306561,302.0883096840618,1428.4328132192022,0.9238804444120753,85.3
6153000,24612.000003179124,-1713171.5196129307,330649.3984643177,-1382522.121148613,299.92180555576755,1428.4328132192022,0.9238804444120753,85.3
6154000,24616.00000317994,-1713111.1102846581,331341.33656626125,-1381769.773718397,300.5494411293738,1428.4328132192022,0.9238804444120753,85.3
6155000,24620.000003180754,-1711905.499608701,332714.8918943966,-1379190.6077143045,301.7953505305656,1428.4328132192022,0.9238804444120753,85.3
6156000,24624.00000318157,-1712346.6031136718,331300.7822418337,-1381045.8208718381,300.512655560545,1428.4328132192022,0.9238804444120753,85.3
6157000,24628.000003182384,-1711995.6714428216,332136.73155063123,-1379858.9398921905,301.27091922959175,1428.4328132192022,0.9238804444120753,85.3
6158000,24632.0000031832,-1712325.9208147898,331075.9015483906,-1381250.019266399,300.30867326411465,1428.4328132192022,0.9238804444120753,85.3
6159000,24636.000003184014,-1712322.3285754342,332745.7879587542,-1379576.54061668,301.82337539149,1428.4328132192022,0.9238804444120753,85.3
6160000,24640.00000318483,-1713937.6260469835,333633.6842672554,-1380303.941779728,302.6287585714649,1428.4328132192022,0.9238804444120753,85.3
6161000,24644.000003185643,-1715637.6728349533,332267.65482916636,-1383370.018005787,301.38967567152065,1428.4328132192022,0.9238804444120753,85.3
6162000,24648.00000318646,-1712421.798462646,333440.03989154333,-1378981.7585711027,302.453109769232,1428.4328132192022,0.9238804444120753,85.3
6163000,24652.000003187273,-1713074.2650981583,331264.20125086454,-1381810.0638472936,300.4794740791589,1428.4328132192022,0.9238804444120753,85.3
6164000,24656.000003188088,-1712679.1638032533,332475.3473805095,-1380203.8164227437,301.5780671377947,1428.4328132192022,0.9238804444120753,85.3
6165000,24660.000003188903,-1711448.018140085,332487.1078100075,-1378960.9103300776,301.5887346583331,1428.4328132192022,0.9238804444120753,85.3
6166000,24664.000003189718,-1713442.7311091274,330701.2714417061,-1382741.4596674214,299.9688579233512,1428.4328132192022,0.9238804444120753,85.3
6167000,24668.000003190533,-1715026.544658782,332741.3594695673,-1382285.1851892145,301.81935844641464,1428.4328132192022,0.9238804444120753,85.3
6168000,24672.000003191348,-1712301.0007466935,330985.3582539209,-1381315.6424927725,300.2265442522839,1428.4328132192022,0.9238804444120753,85.3
6169000,24676.000003192163,-1713344.5973016098,332763.1235933442,-1380581.4737082657,301.83910000750575,1428.4328132192022,0.9238804444120753,85.3
6170000,24680.000003192978,-1714032.367918063,333158.97712481243,-1380873.3907932504,302.1981664580875,1428.4328132192022,0.9238804444120753,85.3
6171000,24684.000003193793,-1711686.3876723163,332116.43292884936,-1379569.9547434668,301.25250697986934,1428.4328132192022,0.9238804444120753,85.3
6172000,24688.000003194607,-1710512.7347687893,331308.8672047473,-1379203.867564042,300.51998917943604,1428.4328132192022,0.9238804444120753,85.3
6173000,24692.000003195422,-1711212.4982773662,331210.5158746229,-1380001.9824027433,300.43077774083457,1428.4328132192022,0.9238804444120753,85.3
6174000,24696.000003196237,-1713370.6668889914,332791.84191922145,-1380578.82496977,301.86514950945445,1428.4328132192022,0.9238804444120753,85.3
6175000,24700.000003197052,-1714875.3100441713,332615.8528856417,-1382259.4571585297,301.7055153200248,1428.4328132192022,0.9238804444120753,85.3
6176000,24704.000003197867,-1712856.766465269,329854.8184212707,-1383001.9480439983,299.2010666635268,1428.4328132192022,0.9238804444120753,85.3
6177000,24708.000003198682,-1710668.800429076,332203.87863165804,-1378464.921797418,301.3318262624577,1428.4328132192022,0.9238804444120753,85.3
6178000,24712.000003199497,-1715514.4129267,333101.04497544694,-1382413.367951253,302.145618003688,1428.4328132192022,0.9238804444120753,85.3
6179000,24716.00000320031,-1712275.4276937097,331335.4583695767,-1380939.969324133,300.5441091996282,1428.4328132192022,0.9238804444120753,85.3
6180000,24720.000003201127,-1715097.6434905287,332272.4514206985,-1382825.1920698301,301.39402651080695,1428.4328132192022,0.9238804444120753,85.3
6181000,24724.00000320194,-1712456.7434470952,330710.36014513666,-1381746.3833019584,299.97710200410785,1428.4328132192022,0.9238804444120753,85.3
6182000,24728.000003202756,-1713201.8121550344,331407.97960464173,-1381793.8325503927,300.60989096080135,1428.4328132192022,0.9238804444120753,85.3
6183000,24732.00000320357,-1713213.7605290972,331197.8074846655,-1382015.9530444317,300.4192503547893,1428.4328132192022,0.9238804444120753,85.3
6184000,24736.000003204386,-1714232.2771957535,331105.4291972545,-1383126.847998499,300.3354568778221,1428.4328132192022,0.9238804444120753,85.3
6185000,24740.0000032052,-1713820.5490646232,331909.52315864665,-1381911.0259059765,301.0648255500692,1428.4328132192022,0.9238804444120753,85.3
6186000,24744.000003206016,-1711606.1558591481,332310.007727893,-1379296.148131255,301.42809267126603,1428.4328132192022,0.9238804444120753,85.3
6187000,24748.00000320683,-1710960.544097023,331971.04104456585,-1378989.5030524572,301.1206265147906,1428.4328132192022,0.9238804444120753,85.3
6188000,24752.000003207646,-1710684.9706307035,331601.7619491362,-1379083.2086815673,300.78566491023406,1428.4328132192022,0.9238804444120753,85.3
6189000,24756.00000320846,-1713400.4281670135,331127.10576247063,-1382273.322404543,300.3551190172606,1428.4328132192022,0.9238804444120753,85.3
6190000,24760.000003209276,-1712078.3913829867,332559.2802615602,-1379519.1111214263,301.654200048809,1428.4328132192022,0.9238804444120753,85.3
6191000,24764.00000321009,-1713427.5548034403,330489.1372746829,-1382938.4175287574,299.7764376053674,1428.4328132192022,0.9238804444120753,85.3
6192000,24768.000003210906,-1714349.6624352578,331389.4514122265,-1382960.2110230313,300.59308461260093,1428.4328132192022,0.9238804444120753,85.3
6193000,24772.00000321172,-1712715.4083048087,332072.9630416394,-1380642.4452631692,301.2130767945435,1428.4328132192022,0.9238804444120753,85.3
6194000,24776.000003212535,-1713124.7436842322,331164.584823283,-1381960.1588609493,300.3891151099243,1428.4328132192022,0.9238804444120753,85.3
6195000,24780.00000321335,-1712129.280035045,330389.19957521337,-1381740.0804598317,299.6857872203759,1428.4328132192022,0.9238804444120753,85.3
6196000,24784.000003214165,-1712492.382647965,331773.35705664183,-1380719.0255913232,300.94131350571513,1428.4328132192022,0.9238804444120753,85.3
6197000,24788.00000321498,-1709799.9644041788,331768.46784789517,-1378031.4965562837,300.9368786562285,1428.4328132192022,0.9238804444120753,85.3
6198000,24792.000003215795,-1714186.8584352583,332119.7409880711,-1382067.1174471872,301.2555076177028,1428.4328132192022,0.9238804444120753,85.3
6199000,24796.00000321661,-1712887.6100487355,331883.5242996133,-1381004.0857491223,301.0412427920788,1428.4328132192022,0.9238804444120753,85.3
6200000,24800.000003217425,-1712984.446015736,331647.5715949057,-1381336.8744208305,300.82721741792005,1428.4328132192022,0.9238804444120753,85.3
6201000,24804.00000321824,-1714955.789324589,330863.56403693446,-1384092.2252876547,300.11606849870776,1428.4328132192022,0.9238804444120753,85.3
6202000,24808.000003219055,-1714072.2674644273,331465.6367032005,-1382606.6307612266,300.66218992515206,1428.4328132192022,0.9238804444120753,85.3
6203000,24812.00000321987,-1712353.9163806885,333046.5048149002,-1379307.4115657883,302.0961463170542,1428.4328132192022,0.9238804444120753,85.3
6204000,24816.000003220684,-1713406.6290047988,331218.41001424444,-1382188.2189905543,300.43793826984086,1428.4328132192022,0.9238804444120753,85.3
6205000,24820.0000032215,-1717270.921263909,331225.7615158917,-1386045.1597480173,300.44460658878484,1428.4328132192022,0.9238804444120753,85.3
6206000,24824.000003222314,-1713928.5984244812,332396.2896518661,-1381532.3087726152,301.5063563261978,1428.4328132192022,0.9238804444120753,85.3
6207000,24828.00000322313,-1712863.8113219813,332676.3606365768,-1380187.4506854045,301.760400022658,1428.4328132192022,0.9238804444120753,85.3
6208000,24832.000003223944,-1714075.7856941428,332572.08206853527,-1381503.7036256075,301.6658121705312,1428.4328132192022,0.9238804444120753,85.3
6209000,24836.00000322476,-1713028.5730544142,330870.626324164,-1382157.9467302503,300.122474480231,1428.4328132192022,0.9238804444120753,85.3
6210000,24840.000003225574,-1712263.4157283865,331687.49838052853,-1380575.917347858,300.8634337657787,1428.4328132192022,0.9238804444120753,85.3
6211000,24844.00000322639,-1711631.2462595701,331573.336779856,-1380057.909479714,300.7598813215346,1428.4328132192022,0.9238804444120753,85.3
6212000,24848.000003227204,-1713522.7568480056,331740.1514880951,-1381782.6053599105,300.9111937652308,1428.4328132192022,0.9238804444120753,85.3
6213000,24852.00000322802,-1711455.9129884262,332844.7392717751,-1378611.173716651,301.9131310559527,1428.4328132192022,0.9238804444120753,85.3
6214000,24856.000003228834,-1712522.515158033,333348.3014287455,-1379174.2137292875,302.36989665731033,1428.4328132192022,0.9238804444120753,85.3
6215000,24860.00000322965,-1712774.26448098,331693.50715637085,-1381080.7573246092,300.868884139825,1428.4328132192022,0.9238804444120753,85.3
6216000,24864.000003230463,-1713355.0147318393,333252.7160745001,-1380102.298657339,302.2831941495692,1428.4328132192022,0.9238804444120753,85.3
6217000,24868.00000323128,-1713270.456680689,331261.5347631197,-1382008.9219175694,300.4770553908968,1428.4328132192022,0.9238804444120753,85.3
6218000,24872.000003232093,-1712641.850054916,330582.32635439676,-1382059.5237005192,299.8609665268645,1428.4328132192022,0.9238804444120753,85.3
6219000,24876.000003232908,-1712148.9917204343,331983.223368792,-1380165.7683516424,301.13167672294077,1428.4328132192022,0.9238804444120753,85.3
6220000,24880.000003233723,-1713687.383545434,331809.75151555776,-1381877.6320298763,300.974325789666,1428.4328132192022,0.9238804444120753,85.3
6221000,24884.000003234538,-1710535.0129602104,331388.8749659273,-1379146.137994283,300.5925617360566,1428.4328132192022,0.9238804444120753,85.3
6222000,24888.000003235353,-1711108.2950219214,333832.3575619106,-1377275.9374600109,302.8089689499668,1428.4328132192022,0.9238804444120753,85.3
6223000,24892.000003236168,-1712302.430307515,332909.3777223566,-1379393.0525851585,301.9717625880128,1428.4328132192022,0.9238804444120753,85.3
6224000,24896.000003236983,-1710078.4592309743,332311.90420733823,-1377766.5550236362,301.42981290890157,1428.4328132192022,0.9238804444120753,85.3
6225000,24900.000003237798,-1711987.508587176,331457.228805205,-1380530.279781971,300.65456338187255,1428.4328132192022,0.9238804444120753,85.3
6226000,24904.000003238612,-1713257.4148102012,331938.6283527483,-1381318.786457453,301.09122596817537,1428.4328132192022,0.9238804444120753,85.3
6227000,24908.000003239427,-1712506.1703284718,331311.33484471095,-1381194.8354837608,300.5222274990483,1428.4328132192022,0.9238804444120753,85.3
6228000,24912.000003240242,-1712988.7654322758,330183.76810481044,-1382804.9973274653,299.49944671043585,1428.4328132192022,0.9238804444120753,85.3
6229000,24916.000003241057,-1713549.5058151763,330842.6916821421,-1382706.814133034,300.09713583358086,1428.4328132192022,0.9238804444120753,85.3
6230000,24920.000003241872,-1711409.4403039087,329315.02766432264,-1382094.412639586,298.7114392237126,1428.4328132192022,0.9238804444120753,85.3
6231000,24924.000003242687,-1712386.4689218123,331853.32849332964,-1380533.1404284826,301.0138531135163,1428.4328132192022,0.9238804444120753,85.3
6232000,24928.000003243502,-1711846.849668758,332248.6527831946,-1379598.1968855634,301.3724395054681,1428.4328132192022,0.9238804444120753,85.3
6233000,24932.000003244317,-1714310.0456259213,331171.80098266323,-1383138.2446432582,300.39566066409907,1428.4328132192022,0.9238804444120753,85.3
6234000,24936.00000324513,-1712053.4527315367,332932.7326577626,-1379120.720073774,301.99294712495174,1428.4328132192022,0.9238804444120753,85.3
6235000,24940.000003245947,-1712312.5989489723,333084.45568475703,-1379228.1432642152,302.13057037305657,1428.4328132192022,0.9238804444120753,85.3
6236000,24944.00000324676,-1710344.347995501,331525.90697131807,-1378818.4410241828,300.7168592144933,1428.4328132192022,0.9238804444120753,85.3
6237000,24948.000003247576,-1712124.9369307682,331309.99873259827,-1380814.93819817,300.52101555322565,1428.4328132192022,0.9238804444120753,85.3
6238000,24952.00000324839,-1710809.8602393568,332407.4978717761,-1378402.3623675806,301.5165229545604,1428.4328132192022,0.9238804444120753,85.3
6239000,24956.000003249206,-1714284.7828099765,331632.7416987089,-1382652.0411112676,300.8137656794194,1428.4328132192022,0.9238804444120753,85.3
6240000,24960.00000325002,-1713116.1667180322,331383.3725525217,-1381732.7941655105,300.5875706676585,1428.4328132192022,0.9238804444120753,85.3
6241000,24964.000003250836,-1711268.183397729,332722.53887292533,-1378545.6445248036,301.8022868674168,1428.4328132192022,0.9238804444120753,85.3
6242000,24968.00000325165,-1710899.3770677894,331155.7960107552,-1379743.5810570342,300.3811430508966,1428.4328132192022,0.9238804444120753,85.3
6243000,24972.000003252466,-1711263.0710853897,330000.94464955246,-1381262.1264358372,299.3336132292513,1428.4328132192022,0.9238804444120753,85.3
6244000,24976.00000325328,-1710878.6107363421,332308.4046407115,-1378570.2060956308,301.4266385606456,1428.4328132192022,0.9238804444120753,85.3
6245000,24980.000003254096,-1713014.69633618,332110.5125913053,-1380904.1837448748,301.24713682545814,1428.4328132192022,0.9238804444120753,85.3
6246000,24984.00000325491,-1712685.1539045144,332019.9691850379,-1380665.1847194764,301.1650077122191,1428.4328132192022,0.9238804444120753,85.3
6247000,24988.000003255725,-1711717.6692823544,333147.46379079384,-1378570.2054915605,302.18772307018827,1428.4328132192022,0.9238804444120753,85.3
6248000,24992.00000325654,-1713043.2769799624,332169.8954460203,-1380873.3815339422,301.3010011696484,1428.4328132192022,0.9238804444120753,85.3
6249000,24996.000003257355,-1712972.656039875,332072.96141076647,-1380899.6946291085,301.2130753152293,1428.4328132192022,0.9238804444120753,85.3
6250000,25000.00000325817,-1711894.3617306072,331367.8972607771,-1380526.46446983,300.5735335108904,1428.4328132192022,0.9238804444120753,85.3
6251000,25004.000003258985,-1711540.8313233051,330921.77240252437,-1380619.0589207807,300.16886750027027,1428.4328132192022,0.9238804444120753,85.3
6252000,25008.0000032598,-1715191.5786352959,332530.696962597,-1382660.8816726988,301.6282730255826,1428.4328132192022,0.9238804444120753,85.3
6253000,25012.000003260615,-1712289.779601261,331708.09293088195,-1380581.686670379,300.8821144431224,1428.4328132192022,0.9238804444120753,85.3
6254000,25016.00000326143,-1713523.2019109353,331029.14286972635,-1382494.059041209,300.26625991814905,1428.4328132192022,0.9238804444120753,85.3
6255000,25020.000003262245,-1712815.1926504355,330691.1321079903,-1382124.0605424452,299.95966084847583,1428.4328132192022,0.9238804444120753,85.3
6256000,25024.00000326306,-1712574.6166842058,332588.3488144532,-1379986.2678697526,301.68056723081213,1428.4328132192022,0.9238804444120753,85.3
6257000,25028.000003263875,-1710463.6127808318,331452.9667645699,-1379010.6460162618,300.65069741711176,1428.4328132192022,0.9238804444120753,85.3
6258000,25032.00000326469,-1711584.7339681536,333653.2224327615,-1377931.5115353921,302.6464810349052,1428.4328132192022,0.9238804444120753,85.3
6259000,25036.000003265504,-1712118.2169695497,332088.1194958343,-1380030.0974737154,301.22682474366746,1428.4328132192022,0.9238804444120753,85.3
6260000,25040.00000326632,-1713959.9770854693,330737.20695618377,-1383222.7701292855,300.0014539130484,1428.4328132192022,0.9238804444120753,85.3
6261000,25044.000003267134,-1711945.3126907777,331333.4090597032,-1380611.9036310746,300.5422503342552,1428.4328132192022,0.9238804444120753,85.3
6262000,25048.00000326795,-1712440.2039595079,330807.8092506885,-1381632.3947088195,300.0654950628057,1428.4328132192022,0.9238804444120753,85.3
6263000,25052.000003268764,-1713137.7113479823,329878.738930379,-1383258.9724176032,299.2227642148149,1428.4328132192022,0.9238804444120753,85.3
6264000,25056.00000326958,-1710782.79797329,331891.42484201415,-1378891.3731312759,301.0484091288473,1428.4328132192022,0.9238804444120753,85.3
6265000,25060.000003270394,-1713691.0595365483,333325.9272603009,-1380365.1322762475,302.34960174363783,1428.4328132192022,0.9238804444120753,85.3
6266000,25064.00000327121,-1710953.5505606234,330955.7443002233,-1379997.8062604,300.19968235414075,1428.4328132192022,0.9238804444120753,85.3
6267000,25068.000003272024,-1712965.246379314,331943.0867985357,-1381022.1595807783,301.09527008595313,1428.4328132192022,0.9238804444120753,85.3
6268000,25072.00000327284,-1712664.033986671,329452.83217875205,-1383211.201807919,298.83643742111855,1428.4328132192022,0.9238804444120753,85.3
6269000,25076.000003273653,-1713441.9704110269,331429.2056336467,-1382012.76477738,300.629144432828,1428.4328132192022,0.9238804444120753,85.3
6270000,25080.00000327447,-1714899.6872111838,333921.4199358742,-1380978.2672753097,302.88975466477626,1428.4328132192022,0.9238804444120753,85.3
6271000,25084.000003275283,-1713792.0219617616,332674.17519030644,-1381117.8467714551,301.7584176721854,1428.4328132192022,0.9238804444120753,85.3
6272000,25088.000003276098,-1713945.9126059953,331803.4635210254,-1382142.44908497,300.9686221450133,1428.4328132192022,0.9238804444120753,85.3
6273000,25092.000003276913,-1711919.5653109737,332394.36094338604,-1379525.2043675876,301.50460685460524,1428.4328132192022,0.9238804444120753,85.3
6274000,25096.000003277728,-1713186.0012095924,332028.5764882746,-1381157.4247213178,301.17281512980315,1428.4328132192022,0.9238804444120753,85.3
6275000,25100.000003278543,-1714151.384433983,332472.12273792934,-1381679.2616960537,301.57514216460737,1428.4328132192022,0.9238804444120753,85.3
6276000,25104.000003279358,-1714048.7492010202,330438.7115269536,-1383610.0376740666,299.7306979748835,1428.4328132192022,0.9238804444120753,85.3
6277000,25108.000003280173,-1711947.3877039272,331378.7252780004,-1380568.662425927,300.58335526919774,1428.4328132192022,0.9238804444120753,85.3
6278000,25112.000003280988,-1713966.6019155625,332736.2969900596,-1381230.304925503,301.81476642839925,1428.4328132192022,0.9238804444120753,85.3
6279000,25116.000003281802,-1713417.6186290924,332363.01705139125,-1381054.601577701,301.4761757831323,1428.4328132192022,0.9238804444120753,85.3
6280000,25120.000003282617,-1712782.003654061,330455.84821624786,-1382326.1554378131,299.746242133797,1428.4328132192022,0.9238804444120753,85.3
6281000,25124.000003283432,-1714512.1499962658,331893.1949023055,-1382618.9550939603,301.0500146955926,1428.4328132192022,0.9238804444120753,85.3
6282000,25128.000003284247,-1713533.9637906943,331174.6630346265,-1382359.3007560677,300.39825674259305,1428.4328132192022,0.9238804444120753,85.3
6283000,25132.000003285062,-1711277.2726766039,331365.92164936574,-1379911.3510272382,300.5717414951047,1428.4328132192022,0.9238804444120753,85.3
6284000,25136.000003285877,-1715182.592656292,331823.198470786,-1383359.394185506,300.98652310534237,1428.4328132192022,0.9238804444120753,85.3
6285000,25140.000003286692,-1712368.156994626,330649.56048579584,-1381718.59650883,299.921952520421,1428.4328132192022,0.9238804444120753,85.3
6286000,25144.000003287507,-1712924.117329333,332207.1398032395,-1380716.9775260934,301.3347843699682,1428.4328132192022,0.9238804444120753,85.3
6287000,25148.00000328832,-1713324.1424366962,331077.65607993817,-1382246.486356758,300.31026474521843,1428.4328132192022,0.9238804444120753,85.3
6288000,25152.000003289137,-1712022.6213128902,332343.57168636075,-1379679.0496265294,301.4585374961228,1428.4328132192022,0.9238804444120753,85.3
6289000,25156.00000328995,-1714235.5954139587,331248.75512903533,-1382986.8402849233,300.46546338151546,1428.4328132192022,0.9238804444120753,85.3
6290000,25160.000003290766,-1714228.287528718,331093.6430570343,-1383134.6444716835,300.3247660358856,1428.4328132192022,0.9238804444120753,85.3
6291000,25164.00000329158,-1716451.1864813492,331713.05412462226,-1384738.132356727,300.8866145879623,1428.4328132192022,0.9238804444120753,85.3
6292000,25168.000003292396,-1713645.949553255,331708.85558413074,-1381937.0939691244,300.88280622221066,1428.4328132192022,0.9238804444120753,85.3
6293000,25172.00000329321,-1715036.6022563446,332178.39708571316,-1382858.2051706314,301.3087127431117,1428.4328132192022,0.9238804444120753,85.3
6294000,25176.000003294026,-1712836.2769628726,330266.5174160067,-1382569.759546866,299.57450604197476,1428.4328132192022,0.9238804444120753,85.3
6295000,25180.00000329484,-1711501.6509772576,331117.8432677053,-1380383.8077095523,300.346717295779,1428.4328132192022,0.9238804444120753,85.3
6296000,25184.000003295656,-1714874.5834144894,332412.595309992,-1382461.9881044975,301.52114668253483,1428.4328132192022,0.9238804444120753,85.3
6297000,25188.00000329647,-1711715.9995923433,332727.1703142127,-1378988.8292781305,301.8064879040425,1428.4328132192022,0.9238804444120753,85.3
6298000,25192.000003297286,-1712952.2775674332,331572.912288704,-1381379.3652787292,300.75949627878737,1428.4328132192022,0.9238804444120753,85.3
6299000,25196.0000032981,-1712646.8672403991,331576.75848680944,-1381070.1087535897,300.76298504569775,1428.4328132192022,0.9238804444120753,85.3
6300000,25200.000003298916,-1714275.3880667444,332637.5164980296,-1381637.8715687147,301.72516571035493,1428.4328132192022,0.9238804444120753,85.3
6301000,25204.00000329973,-1713516.3105933499,329842.85729605594,-1383673.453297294,299.1902170981335,1428.4328132192022,0.9238804444120753,85.3
6302000,25208.000003300545,-1714096.189578496,333042.9655736049,-1381053.224004891,302.09293598113794,1428.4328132192022,0.9238804444120753,85.3
6303000,25212.00000330136,-1711972.7970179636,330544.0698794755,-1381428.727138488,299.82626526599466,1428.4328132192022,0.9238804444120753,85.3
6304000,25216.000003302175,-1712012.6743526198,333385.5836625095,-1378627.0906901103,302.40371421426823,1428.4328132192022,0.9238804444120753,85.3
6305000,25220.00000330299,-1710739.5245308988,331049.9531325846,-1379689.571398314,300.28513626160986,1428.4328132192022,0.9238804444120753,85.3
6306000,25224.000003303805,-1710557.2728624474,331513.3791131311,-1379043.8937493162,300.705495583213,1428.4328132192022,0.9238804444120753,85.3
6307000,25228.00000330462,-1713158.9677673,330955.8886144124,-1382203.0791528877,300.199813257062,1428.4328132192022,0.9238804444120753,85.3
6308000,25232.000003305435,-1714092.0405363906,331461.23541602696,-1382630.8051203636,300.65819765417865,1428.4328132192022,0.9238804444120753,85.3
6309000,25236.00000330625,-1713999.5024855733,331647.71598689957,-1382351.7864986737,300.82734839141557,1428.4328132192022,0.9238804444120753,85.3
6310000,25240.000003307065,-1711939.5579087343,333297.33577650087,-1378642.2221322334,302.3236672962,1428.4328132192022,0.9238804444120753,85.3
6311000,25244.00000330788,-1712869.599894397,332365.0369564941,-1380504.5629379028,301.4780079763506,1428.4328132192022,0.9238804444120753,85.3
6312000,25248.000003308694,-1710317.7237974629,331811.2736486825,-1378506.4501487804,300.9757064693744,1428.4328132192022,0.9238804444120753,85.3
6313000,25252.00000330951,-1711560.6909690704,332126.64496348577,-1379434.0460055848,301.2617699994931,1428.4328132192022,0.9238804444120753,85.3
6314000,25256.000003310324,-1711844.7330441996,332434.87548192416,-1379409.8575622756,301.5413563348887,1428.4328132192022,0.9238804444120753,85.3
6315000,25260.00000331114,-1712543.5609536786,332694.2865238154,-1379849.274429863,301.77666003852914,1428.4328132192022,0.9238804444120753,85.3
6316000,25264.000003311954,-1714133.1442405544,333759.05419725104,-1380374.0900433033,302.7424777433168,1428.4328132192022,0.9238804444120753,85.3
6317000,25268.00000331277,-1713034.0806223918,331756.736077259,-1381277.3445451327,300.92623713125397,1428.4328132192022,0.9238804444120753,85.3
6318000,25272.000003313584,-1710929.5359192137,330980.5764324662,-1379948.9594867474,300.2222068104763,1428.4328132192022,0.9238804444120753,85.3
6319000,25276.0000033144,-1715581.5124384407,334036.7195196457,-1381544.792918795,302.994339338165,1428.4328132192022,0.9238804444120753,85.3
6320000,25280.000003315214,-1710821.5596610103,332768.0997791724,-1378053.459881838,301.8436137512032,1428.4328132192022,0.9238804444120753,85.3
6321000,25284.00000331603,-1711117.5941055175,330191.92679897783,-1380925.6673065396,299.5068472086585,1428.4328132192022,0.9238804444120753,85.3
6322000,25288.000003316844,-1715652.6966890376,330000.41760456696,-1385652.2790844706,299.3331351631051,1428.4328132192022,0.9238804444120753,85.3
6323000,25292.00000331766,-1712827.4850299973,331646.0159100454,-1381181.4691199518,300.8258063044738,1428.4328132192022,0.9238804444120753,85.3
6324000,25296.000003318473,-1714319.0984201934,331116.6957783441,-1383202.4026418494,300.345676443799,1428.4328132192022,0.9238804444120753,85.3
6325000,25300.00000331929,-1715648.663120523,332815.0261064816,-1382833.6370140414,301.88617916605057,1428.4328132192022,0.9238804444120753,85.3
6326000,25304.000003320103,-1713945.7614128292,331147.56211426225,-1382798.199298567,300.37367433897884,1428.4328132192022,0.9238804444120753,85.3
6327000,25308.000003320918,-1713246.233251119,332138.50243089785,-1381107.7308202211,301.2725255401112,1428.4328132192022,0.9238804444120753,85.3
6328000,25312.000003321733,-1712990.5903025325,329527.46124546166,-1383463.129057071,298.90413113094667,1428.4328132192022,0.9238804444120753,85.3
6329000,25316.000003322548,-1713735.551996747,331860.7856259862,-1381874.7663707607,301.0206172470699,1428.4328132192022,0.9238804444120753,85.3
6330000,25320.000003323363,-1712982.658380255,331299.75630539097,-1381682.9020748641,300.5117249654443,1428.4328132192022,0.9238804444120753,85.3
6331000,25324.000003324178,-1713647.2083625644,332649.0127373027,-1380998.1956252619,301.7355935921412,1428.4328132192022,0.9238804444120753,85.3
6332000,25328.000003324993,-1712392.5941848326,331559.5747973473,-1380833.0193874855,300.7473982543909,1428.4328132192022,0.9238804444120753,85.3
6333000,25332.000003325807,-1713994.1945379525,331057.8925447427,-1382936.3019932099,300.2923378559287,1428.4328132192022,0.9238804444120753,85.3
6334000,25336.000003326622,-1713984.3759071305,330637.73798635486,-1383346.6379207757,299.91122869816394,1428.4328132192022,0.9238804444120753,85.3
6335000,25340.000003327437,-1714679.2925452553,331418.0110139762,-1383261.281531279,300.61899014082053,1428.4328132192022,0.9238804444120753,85.3
6336000,25344.000003328252,-1713692.6106682383,333687.47909645236,-1380005.131571786,302.67755419116736,1428.4328132192022,0.9238804444120753,85.3
6337000,25348.000003329067,-1713228.3562310692,333043.8539626708,-1380184.5022683984,302.0937418112828,1428.4328132192022,0.9238804444120753,85.3
6338000,25352.000003329882,-1712868.8497416414,330206.8821354548,-1382661.9676061866,299.52041273014345,1428.4328132192022,0.9238804444120753,85.3
6339000,25356.000003330697,-1714570.871051874,332932.5820639919,-1381638.288987882,301.992810526017,1428.4328132192022,0.9238804444120753,85.3
6340000,25360.000003331512,-1713399.3031904995,332645.2993842509,-1380754.0038062488,301.7322253248553,1428.4328132192022,0.9238804444120753,85.3
6341000,25364.000003332327,-1711032.3692203965,332877.48504983017,-1378154.8841705662,301.9428337347545,1428.4328132192022,0.9238804444120753,85.3
6342000,25368.00000333314,-1711614.3479963318,330568.9813305962,-1381045.3666657356,299.8488616700221,1428.4328132192022,0.9238804444120753,85.3
6343000,25372.000003333957,-1712468.509202946,331335.73140690656,-1381132.7777960394,300.5443568633147,1428.4328132192022,0.9238804444120753,85.3
6344000,25376.00000333477,-1712849.927826997,332569.737286129,-1380280.1905408679,301.6636852911956,1428.4328132192022,0.9238804444120753,85.3
6345000,25380.000003335586,-1711183.405370934,332838.15640326275,-1378345.2489676713,301.90715994026596,1428.4328132192022,0.9238804444120753,85.3
6346000,25384.0000033364,-1712238.040127864,330777.3274108388,-1381460.7127170253,300.0378459320744,1428.4328132192022,0.9238804444120753,85.3
6347000,25388.000003337216,-1712674.223229533,331493.48369345994,-1381180.739536073,300.6874490656093,1428.4328132192022,0.9238804444120753,85.3
6348000,25392.00000333803,-1713968.0069324616,331705.8619729961,-1382262.1449594656,300.880090810476,1428.4328132192022,0.9238804444120753,85.3
6349000,25396.000003338846,-1712583.4626241103,330455.9336275914,-1382127.5289965188,299.7463196077755,1428.4328132192022,0.9238804444120753,85.3
6350000,25400.00000333966,-1716291.6742986534,331931.5363959366,-1384360.1379027166,301.08479307429513,1428.4328132192022,0.9238804444120753,85.3
6351000,25404.000003340476,-1713118.6179555394,332560.4107401585,-1380558.2072153809,301.655225470854,1428.4328132192022,0.9238804444120753,85.3
6352000,25408.00000334129,-1713552.270423334,332938.6546868021,-1380613.615736532,301.99831881366595,1428.4328132192022,0.9238804444120753,85.3
6353000,25412.000003342106,-1715977.4019876085,332760.5764912335,-1383216.825496375,301.8367896102465,1428.4328132192022,0.9238804444120753,85.3
6354000,25416.00000334292,-1715669.7988577336,331567.5650952547,-1384102.233762479,300.7546460055934,1428.4328132192022,0.9238804444120753,85.3
6355000,25420.000003343735,-1713901.4372008499,333124.28798535257,-1380777.1492154973,302.16670101647986,1428.4328132192022,0.9238804444120753,85.3
6356000,25424.00000334455,-1713822.242203312,331938.9575576021,-1381883.28464571,301.0915245796793,1428.4328132192022,0.9238804444120753,85.3
6357000,25428.000003345365,-1711917.071057517,332141.9328884618,-1379775.1381690553,301.27563720168155,1428.4328132192022,0.9238804444120753,85.3
6358000,25432.00000334618,-1713125.5164434593,331023.27775787696,-1382102.2386855823,300.26093985725123,1428.4328132192022,0.9238804444120753,85.3
6359000,25436.000003346995,-1711451.2082558125,333259.7591457723,-1378191.4491100402,302.2895827008941,1428.4328132192022,0.9238804444120753,85.3
6360000,25440.00000334781,-1711983.5959482472,331278.5950255693,-1380705.000922678,300.49253022539193,1428.4328132192022,0.9238804444120753,85.3
6361000,25444.000003348625,-1713070.712390937,333416.7428478891,-1379653.9695430477,302.431977744104,1428.4328132192022,0.9238804444120753,85.3
6362000,25448.00000334944,-1712825.3154449873,332382.42150305986,-1380442.8939419275,301.49377695890126,1428.4328132192022,0.9238804444120753,85.3
6363000,25452.000003350255,-1712921.4016677365,330855.4005346507,-1382066.0011330857,300.108663639192,1428.4328132192022,0.9238804444120753,85.3
6364000,25456.00000335107,-1713426.5644606166,331751.0419547843,-1381675.5225058324,300.9210721695102,1428.4328132192022,0.9238804444120753,85.3
6365000,25460.000003351885,-1712883.4121584855,331542.9382974851,-1381340.4738610005,300.7323078017847,1428.4328132192022,0.9238804444120753,85.3
6366000,25464.0000033527,-1713118.2748624012,333173.6603061388,-1379944.6145562623,302.2114851160834,1428.4328132192022,0.9238804444120753,85.3
6367000,25468.000003353514,-1710989.6455239188,331079.6899031118,-1379909.9556208071,300.31210956308666,1428.4328132192022,0.9238804444120753,85.3
6368000,25472.00000335433,-1712401.8874370698,332716.9946941888,-1379684.892742881,301.79725791498345,1428.4328132192022,0.9238804444120753,85.3
6369000,25476.000003355144,-1710203.7350294925,332356.88108413375,-1377846.8539453587,301.47061003770153,1428.4328132192022,0.9238804444120753,85.3
6370000,25480.00000335596,-1711673.6276316345,331351.57812261884,-1380322.0495090156,300.5587309272345,1428.4328132192022,0.9238804444120753,85.3
6371000,25484.000003356774,-1715247.476325564,332285.2801229905,-1382962.1962025736,301.40566302843627,1428.4328132192022,0.9238804444120753,85.3
6372000,25488.00000335759,-1714404.1273149606,333046.1837411361,-1381357.9435738246,302.09585508100935,1428.4328132192022,0.9238804444120753,85.3
6373000,25492.000003358404,-1714217.9512141421,331380.1639553434,-1382837.7872587987,300.58466024875713,1428.4328132192022,0.9238804444120753,85.3
6374000,25496.00000335922,-1712547.7573630232,332069.8455008771,-1380477.911862146,301.21024897009056,1428.4328132192022,0.9238804444120753,85.3
6375000,25500.000003360034,-1714301.9540128224,330462.3764789545,-1383839.577533868,299.75216371825235,1428.4328132192022,0.9238804444120753,85.3
6376000,25504.00000336085,-1714072.2696513142,330961.7975529663,-1383110.472098348,300.20517307180296,1428.4328132192022,0.9238804444120753,85.3
6377000,25508.000003361663,-1713806.7570447885,331523.36565945327,-1382283.3913853352,300.7145540693864,1428.4328132192022,0.9238804444120753,85.3
6378000,25512.00000336248,-1713682.332397556,331447.7149383384,-1382234.6174592176,300.64593364856074,1428.4328132192022,0.9238804444120753,85.3
6379000,25516.000003363293,-1714850.8276725877,330376.0677036957,-1384474.759968892,299.6738757073527,1428.4328132192022,0.9238804444120753,85.3
6380000,25520.000003364108,-1713773.9412267767,332683.58568917256,-1381090.355537604,301.76695364359256,1428.4328132192022,0.9238804444120753,85.3
6381000,25524.000003364923,-1713043.283339383,331965.551763343,-1381077.7315760402,301.11564735818786,1428.4328132192022,0.9238804444120753,85.3
6382000,25528.000003365738,-1713638.427295139,332380.8546283177,-1381257.5726668213,301.4923556954605,1428.4328132192022,0.9238804444120753,85.3
6383000,25532.000003366553,-1710647.2206870783,330883.6498475018,-1379763.5708395764,300.13428771398344,1428.4328132192022,0.9238804444120753,85.3
6384000,25536.000003367368,-1713866.9712082446,331304.45050323714,-1382562.5207050075,300.51598292659645,1428.4328132192022,0.9238804444120753,85.3
6385000,25540.000003368183,-1713696.114616042,332265.4619011494,-1381430.6527148925,301.38768653458783,1428.4328132192022,0.9238804444120753,85.3
6386000,25544.000003368998,-1712555.2448211815,332512.91227039194,-1380042.3325507897,301.61214108334354,1428.4328132192022,0.9238804444120753,85.3
6387000,25548.000003369812,-1711459.279163424,330675.13381777087,-1380784.145345653,299.9451492960257,1428.4328132192022,0.9238804444120753,85.3
6388000,25552.000003370627,-1713037.4834110048,331739.41373160447,-1381298.0696794004,300.9105245692191,1428.4328132192022,0.9238804444120753,85.3
6389000,25556.000003371442,-1712798.5041710269,330549.29271724954,-1382249.2114537773,299.8310027400157,1428.4328132192022,0.9238804444120753,85.3
6390000,25560.000003372257,-1713555.6893063188,331881.2909310075,-1381674.3983753114,301.03921697274313,1428.4328132192022,0.9238804444120753,85.3
6391000,25564.000003373072,-1712536.2033710405,331423.83911705186,-1381112.3642539887,300.62427663220853,1428.4328132192022,0.9238804444120753,85.3
6392000,25568.000003373887,-1712333.888520049,332073.09917400207,-1380260.7893460467,301.2132002759839,1428.4328132192022,0.9238804444120753,85.3
6393000,25572.000003374702,-1713061.096410215,333305.482171534,-1379755.6142386808,302.3310566382597,1428.4328132192022,0.9238804444120753,85.3
6394000,25576.000003375517,-1713720.8475561496,332686.3846519628,-1381034.462904187,301.7694924958561,1428.4328132192022,0.9238804444120753,85.3
6395000,25580.00000337633,-1710276.0347855669,330199.6580482699,-1380076.376737297,299.5138599849032,1428.4328132192022,0.9238804444120753,85.3
6396000,25584.000003377147,-1712164.3263585903,331201.15237411583,-1380963.1739844745,300.42228440018,1428.4328132192022,0.9238804444120753,85.3
6397000,25588.00000337796,-1712171.0686160922,331663.0872153316,-1380507.9814007606,300.84129115558324,1428.4328132192022,0.9238804444120753,85.3
6398000,25592.000003378776,-1710034.556598097,332810.2448113477,-1377224.3117867494,301.88184220165226,1428.4328132192022,0.9238804444120753,85.3
6399000,25596.00000337959,-1712659.1239263061,331109.71341382264,-1381549.4105124834,300.33934295768336,1428.4328132192022,0.9238804444120753,85.3
6400000,25600.000003380406,-1714290.1598256342,332520.68238945596,-1381769.4774361784,301.61918911715185,1428.4328132192022,0.9238804444120753,85.3
6401000,25604.00000338122,-1712685.409192562,331570.19853437645,-1381115.2106581856,300.7570347164753,1428.4328132192022,0.9238804444120753,85.3
6402000,25608.000003382036,-1710960.147281142,330584.1227319388,-1380376.0245492032,299.86259596517095,1428.4328132192022,0.9238804444120753,85.3
6403000,25612.00000338285,-1714680.4340009522,331478.62748854444,-1383201.8065124077,300.67397346328653,1428.4328132192022,0.9238804444120753,85.3
6404000,25616.000003383666,-1713805.3000392336,332291.8521082578,-1381513.4479309758,301.4116242722692,1428.4328132192022,0.9238804444120753,85.3
6405000,25620.00000338448,-1716014.9466954935,331943.3728086185,-1384071.573886875,301.0955295168211,1428.4328132192022,0.9238804444120753,85.3
6406000,25624.000003385296,-1713236.3019685484,330474.70887639007,-1382761.5930921584,299.76335005315235,1428.4328132192022,0.9238804444120753,85.3
6407000,25628.00000338611,-1713734.826594673,332475.4397198141,-1381259.386874859,301.57815089591156,1428.4328132192022,0.9238804444120753,85.3
6408000,25632.000003386926,-1713069.6783563644,331280.8114447581,-1381788.8669116064,300.4945406704375,1428.4328132192022,0.9238804444120753,85.3
6409000,25636.00000338774,-1713628.388090646,330432.20474625507,-1383196.1833443907,299.7247958760909,1428.4328132192022,0.9238804444120753,85.3
6410000,25640.000003388555,-1712362.2705823258,332397.10965725186,-1379965.160925074,301.50710012762926,1428.4328132192022,0.9238804444120753,85.3
6411000,25644.00000338937,-1712261.278842004,331876.52502496913,-1380384.753817035,301.0348939673157,1428.4328132192022,0.9238804444120753,85.3
6412000,25648.000003390185,-1711747.3677366078,331545.0859167006,-1380202.2818199072,300.7342558405102,1428.4328132192022,0.9238804444120753,85.3
6413000,25652.000003391,-1712697.0842521787,330313.5913998648,-1382383.492852314,299.6172053914942,1428.4328132192022,0.9238804444120753,85.3
6414000,25656.000003391815,-1710962.5051268358,330590.997026049,-1380371.5081007867,299.86883142397124,1428.4328132192022,0.9238804444120753,85.3
6415000,25660.00000339263,-1711935.7134132981,330928.87180285616,-1381006.841610442,300.17530714593653,1428.4328132192022,0.9238804444120753,85.3
6416000,25664.000003393445,-1713971.191899415,332522.0271425127,-1381449.1647569025,301.62040890090674,1428.4328132192022,0.9238804444120753,85.3
6417000,25668.00000339426,-1712002.0749584362,331313.82780068525,-1380688.247157751,300.524488782028,1428.4328132192022,0.9238804444120753,85.3
6418000,25672.000003395075,-1711515.2156427372,332123.86383721855,-1379391.3518055186,301.25924732618586,1428.4328132192022,0.9238804444120753,85.3
6419000,25676.00000339589,-1712077.9540657196,331091.9158567568,-1380986.038208963,300.32319934612843,1428.4328132192022,0.9238804444120753,85.3
6420000,25680.000003396704,-1711347.178179793,333365.16503220267,-1377982.0131475904,302.38519310853803,1428.4328132192022,0.9238804444120753,85.3
6421000,25684.00000339752,-1709880.8811023906,334208.04038158467,-1375672.8407208058,303.1497391740055,1428.4328132192022,0.9238804444120753,85.3
6422000,25688.000003398334,-1712991.7529584784,333328.4025493,-1379663.3504091785,302.35184700145265,1428.4328132192022,0.9238804444120753,85.3
6423000,25692.00000339915,-1710948.191647889,331269.88135008235,-1379678.3102978067,300.4846263208416,1428.4328132192022,0.9238804444120753,85.3
6424000,25696.000003399964,-1712096.1206356045,332039.84077270515,-1380056.2798628993,301.1830326125519,1428.4328132192022,0.9238804444120753,85.3
6425000,25700.00000340078,-1711106.5375860948,331688.3022676594,-1379418.2353184354,300.8641629468414,1428.4328132192022,0.9238804444120753,85.3
6426000,25704.000003401594,-1710628.6967326552,331799.9338422979,-1378828.7628903573,300.9654204830054,1428.4328132192022,0.9238804444120753,85.3
6427000,25708.00000340241,-1708627.9249541424,331051.04192271724,-1377576.883031425,300.28612386934174,1428.4328132192022,0.9238804444120753,85.3
6428000,25712.000003403224,-1709601.9930509944,332189.03001992154,-1377412.9630310729,301.3183575476719,1428.4328132192022,0.9238804444120753,85.3
6429000,25716.00000340404,-1713456.0227722488,332566.3703155803,-1380889.6524566687,301.660631216726,1428.4328132192022,0.9238804444120753,85.3
6430000,25720.000003404853,-1711842.308613427,332232.01888612215,-1379610.2897273048,301.35735141377165,1428.4328132192022,0.9238804444120753,85.3
6431000,25724.00000340567,-1711660.5966537949,332063.8992997104,-1379596.6973540843,301.20485535559015,1428.4328132192022,0.9238804444120753,85.3
6432000,25728.000003406483,-1710355.9712777454,331815.78535064514,-1378540.1859271002,300.9797988941756,1428.4328132192022,0.9238804444120753,85.3
6433000,25732.0000034073,-1712972.2291392237,332371.7818348515,-1380600.4473043722,301.4841260461387,1428.4328132192022,0.9238804444120753,85.3
6434000,25736.000003408113,-1713668.111067852,333016.73853743484,-1380651.372530417,302.0691462507497,1428.4328132192022,0.9238804444120753,85.3
6435000,25740.000003408928,-1713318.6771991923,331183.0279379541,-1382135.6492612383,300.405844286744,1428.4328132192022,0.9238804444120753,85.3
6436000,25744.000003409743,-1713536.7709815074,331897.574035784,-1381639.1969457234,301.05398687163694,1428.4328132192022,0.9238804444120753,85.3
6437000,25748.000003410558,-1713644.0760868583,331347.77385817165,-1382296.3022286866,300.55528019704377,1428.4328132192022,0.9238804444120753,85.3
6438000,25752.000003411373,-1713447.1514230464,330130.6821148856,-1383316.4693081607,299.4512940568338,1428.4328132192022,0.9238804444120753,85.3
6439000,25756.000003412188,-1714248.5282010399,332597.3512595377,-1381651.1769415021,301.6887330693006,1428.4328132192022,0.9238804444120753,85.3
6440000,25760.000003413003,-1712144.7376236003,329786.0664867307,-1382358.6711368696,299.1387039178558,1428.4328132192022,0.9238804444120753,85.3
6441000,25764.000003413817,-1713518.603765441,332559.82001095155,-1380958.7837544896,301.65468963872735,1428.4328132192022,0.9238804444120753,85.3
6442000,25768.000003414632,-1712393.2545375172,331899.2926848594,-1380493.9618526578,301.05554580486415,1428.4328132192022,0.9238804444120753,85.3
6443000,25772.000003415447,-1714363.6527193226,331821.301005767,-1382542.3517135556,300.98480197372345,1428.4328132192022,0.9238804444120753,85.3
6444000,25776.000003416262,-1711245.3236151766,332287.50914413773,-1378957.814471039,301.4076849043272,1428.4328132192022,0.9238804444120753,85.3
6445000,25780.000003417077,-1711655.856039809,332414.44191236154,-1379241.4141274476,301.5228216782233,1428.4328132192022,0.9238804444120753,85.3
6446000,25784.000003417892,-1710585.0266508833,333709.97440615593,-1376875.0522447273,302.6979589883155,1428.4328132192022,0.9238804444120753,85.3
6447000,25788.000003418707,-1711468.0790685043,332466.94169484085,-1379001.1373736635,301.57044260124815,1428.4328132192022,0.9238804444120753,85.3
6448000,25792.00000341952,-1714547.713358149,332569.07496220304,-1381978.638395946,301.6630845177217,1428.4328132192022,0.9238804444120753,85.3
6449000,25796.000003420337,-1714171.2552108802,331801.67000411596,-1382369.5852067643,300.96699530149783,1428.4328132192022,0.9238804444120753,85.3
6450000,25800.00000342115,-1714316.293705294,332110.425097696,-1382205.868607598,301.24705746272105,1428.4328132192022,0.9238804444120753,85.3
6451000,25804.000003421967,-1711637.4071322419,332083.6552526595,-1379553.7518795824,301.22277536725954,1428.4328132192022,0.9238804444120753,85.3
6452000,25808.00000342278,-1713042.469193995,332718.97640440345,-1380323.4927895917,301.7990554628043,1428.4328132192022,0.9238804444120753,85.3
6453000,25812.000003423596,-1714465.9224910531,331857.1917478683,-1382608.7307431847,301.01735735178784,1428.4328132192022,0.9238804444120753,85.3
6454000,25816.00000342441,-1712568.1617145296,330014.9663760082,-1382553.1953385214,299.3463319020664,1428.4328132192022,0.9238804444120753,85.3
6455000,25820.000003425226,-1712134.2718933467,330844.8498489178,-1381289.422044429,300.0990934396708,1428.4328132192022,0.9238804444120753,85.3
6456000,25824.00000342604,-1715082.1958489716,330896.93303640967,-1384185.2628125618,300.1463364823142,1428.4328132192022,0.9238804444120753,85.3
6457000,25828.000003426856,-1712559.1243101526,333179.74820798385,-1379379.3761021688,302.21700726287065,1428.4328132192022,0.9238804444120753,85.3
6458000,25832.00000342767,-1713259.1349814963,331160.2649534253,-1382098.8700280709,300.38519669007087,1428.4328132192022,0.9238804444120753,85.3
6459000,25836.000003428486,-1711875.9412310664,331605.93008424185,-1380270.0111468246,300.78944569620404,1428.4328132192022,0.9238804444120753,85.3
6460000,25840.0000034293,-1714432.8454120085,330788.56028593064,-1383644.285126078,300.048034924387,1428.4328132192022,0.9238804444120753,85.3
6461000,25844.000003430116,-1713730.993048748,331436.2731475561,-1382294.719901192,300.6355551553103,1428.4328132192022,0.9238804444120753,85.3
6462000,25848.00000343093,-1712741.9031534716,331924.096029475,-1380817.8071239968,301.07804414883657,1428.4328132192022,0.9238804444120753,85.3
6463000,25852.000003431745,-1711409.7684752122,332408.589152936,-1379001.1793222763,301.51751282182573,1428.4328132192022,0.9238804444120753,85.3
6464000,25856.00000343256,-1710591.8419693634,330957.5124750441,-1379634.3294943194,300.20128621063424,1428.4328132192022,0.9238804444120753,85.3
6465000,25860.000003433375,-1712828.48664397,332034.75532023853,-1380793.7313237316,301.1784197564786,1428.4328132192022,0.9238804444120753,85.3
6466000,25864.00000343419,-1710529.706417717,331926.6473742338,-1378603.0590434833,301.0803583944702,1428.4328132192022,0.9238804444120753,85.3
6467000,25868.000003435005,-1712150.3742241487,331628.6952227334,-1380521.6790014151,300.81009524666996,1428.4328132192022,0.9238804444120753,85.3
6468000,25872.00000343582,-1712366.2151779383,330331.58664886287,-1382034.6285290755,299.6335283232642,1428.4328132192022,0.9238804444120753,85.3
6469000,25876.000003436635,-1710665.7128425613,331571.9840424494,-1379093.728800112,300.75865429542375,1428.4328132192022,0.9238804444120753,85.3
6470000,25880.00000343745,-1712334.452990491,331997.9706719676,-1380336.4823185233,301.14505354387575,1428.4328132192022,0.9238804444120753,85.3
6471000,25884.000003438265,-1712954.9822125211,332530.18585744593,-1380424.7963550752,301.6278094179654,1428.4328132192022,0.9238804444120753,85.3
6472000,25888.00000343908,-1713129.6799785662,333391.09965786454,-1379738.5803207017,302.40871760243107,1428.4328132192022,0.9238804444120753,85.3
6473000,25892.000003439894,-1712316.2322445326,332086.04480312014,-1380230.1874414124,301.22494285430764,1428.4328132192022,0.9238804444120753,85.3
6474000,25896.00000344071,-1712904.9295037463,332806.2878558718,-1380098.6416478746,301.87825297016917,1428.4328132192022,0.9238804444120753,85.3
6475000,25900.000003441524,-1712001.048354337,334601.50761747715,-1377399.54073686,303.50664108994425,1428.4328132192022,0.9238804444120753,85.3
6476000,25904.00000344234,-1713449.9154037666,331859.44844044134,-1381590.4669633252,301.0194043275701,1428.4328132192022,0.9238804444120753,85.3
6477000,25908.000003443154,-1711602.037374217,332744.10984456557,-1378857.9275296514,301.82185322620035,1428.4328132192022,0.9238804444120753,85.3
6478000,25912.00000344397,-1711462.329815017,332541.75855700363,-1378920.5712580134,301.6383066545024,1428.4328132192022,0.9238804444120753,85.3
6479000,25916.000003444784,-1712744.8249857407,334159.1717258126,-1378585.653259928,303.10541193330187,1428.4328132192022,0.9238804444120753,85.3
6480000,25920.0000034456,-1711472.668456018,329707.56991810014,-1381765.0985379177,299.0675021170875,1428.4328132192022,0.9238804444120753,85.3
6481000,25924.000003446414,-1713400.6480986644,332814.1798229105,-1380586.4682757538,301.88541152849297,1428.4328132192022,0.9238804444120753,85.3
6482000,25928.00000344723,-1713290.513935171,332840.62051120406,-1380449.893423967,301.9093950560904,1428.4328132192022,0.9238804444120753,85.3
6483000,25932.000003448044,-1712964.6311170608,332065.03978602693,-1380899.591331034,301.20588985532567,1428.4328132192022,0.9238804444120753,85.3
6484000,25936.00000344886,-1710032.9971224181,332911.0485274771,-1377121.948594941,301.9732781234736,1428.4328132192022,0.9238804444120753,85.3
6485000,25940.000003449673,-1711954.4656732138,331716.34840115363,-1380238.1172720601,300.88960272394525,1428.4328132192022,0.9238804444120753,85.3
6486000,25944.00000345049,-1714333.0580732953,332445.58728834323,-1381887.470784952,301.55107268198293,1428.4328132192022,0.9238804444120753,85.3
6487000,25948.000003451303,-1712675.8924465608,332547.1458687345,-1380128.7465778263,301.6431933177443,1428.4328132192022,0.9238804444120753,85.3
6488000,25952.000003452118,-1713668.2587108202,332154.47236974613,-1381513.7863410742,301.28701137591264,1428.4328132192022,0.9238804444120753,85.3
6489000,25956.000003452933,-1712322.9049588628,331470.0134985633,-1380852.8914602995,300.6661599803642,1428.4328132192022,0.9238804444120753,85.3
6490000,25960.000003453748,-1711713.295653019,332559.75933244487,-1379153.536320574,301.65463459913747,1428.4328132192022,0.9238804444120753,85.3
6491000,25964.000003454563,-1711343.9476478212,332455.8460220881,-1378888.101625733,301.56037806091837,1428.4328132192022,0.9238804444120753,85.3
6492000,25968.000003455378,-1714199.7034763768,333274.6017412039,-1380925.1017351728,302.3030459584764,1428.4328132192022,0.9238804444120753,85.3
6493000,25972.000003456193,-1712341.4333738647,329208.0737496105,-1383133.3596242543,298.6144246476671,1428.4328132192022,0.9238804444120753,85.3
6494000,25976.000003457008,-1712851.754227437,332106.94204948226,-1380744.8121779547,301.2438980978048,1428.4328132192022,0.9238804444120753,85.3
6495000,25980.000003457822,-1711840.0934439916,330490.566468607,-1381349.5269753847,299.77773398281187,1428.4328132192022,0.9238804444120753,85.3
6496000,25984.000003458637,-1713285.3535732944,332395.04922073736,-1380890.304352557,301.5052311696256,1428.4328132192022,0.9238804444120753,85.3
6497000,25988.000003459452,-1715942.1789227128,331236.9198575728,-1384705.25906514,300.45472797415425,1428.4328132192022,0.9238804444120753,85.3
6498000,25992.000003460267,-1711818.2725868374,330341.7641554174,-1381476.50843142,299.64276002353665,1428.4328132192022,0.9238804444120753,85.3
6499000,25996.000003461082,-1713372.919808695,331471.6142989284,-1381901.3055097666,300.6676120166844,1428.4328132192022,0.9238804444120753,85.3
6500000,26000.000003461897,-1712937.294849744,331645.5450812105,-1381291.7497685335,300.8253792302528,1428.4328132192022,0.9238804444120753,85.3
6501000,26004.000003462712,-1712565.733468905,331402.56601151044,-1381163.1674573948,300.60498045851705,1428.4328132192022,0.9238804444120753,85.3
6502000,26008.000003463527,-1709630.389959829,333420.30365284235,-1376210.0863069866,302.4352076397451,1428.4328132192022,0.9238804444120753,85.3
6503000,26012.00000346434,-1711257.382705612,330790.0897544802,-1380467.292951132,300.0494222578317,1428.4328132192022,0.9238804444120753,85.3
6504000,26016.000003465157,-1711377.4883471392,332021.5892223313,-1379355.899124808,301.16647719775983,1428.4328132192022,0.9238804444120753,85.3
6505000,26020.00000346597,-1712010.2941988409,332142.5719543098,-1379867.722244531,301.2762168784748,1428.4328132192022,0.9238804444120753,85.3
6506000,26024.000003466786,-1712390.7968080845,332043.0908771693,-1380347.7059309152,301.1859806814238,1428.4328132192022,0.9238804444120753,85.3
6507000,26028.0000034676,-1713572.9773305021,331114.2231619981,-1382458.754168504,300.34343361026475,1428.4328132192022,0.9238804444120753,85.3
6508000,26032.000003468416,-1714243.9767293725,331407.1479948843,-1382836.8287344882,300.60913663340466,1428.4328132192022,0.9238804444120753,85.3
6509000,26036.00000346923,-1713716.7034621667,331503.11444517534,-1382213.5890169914,300.69618482153913,1428.4328132192022,0.9238804444120753,85.3
6510000,26040.000003470046,-1712377.615218619,332268.10771896446,-1380109.5074996543,301.3900864737982,1428.4328132192022,0.9238804444120753,85.3
6511000,26044.00000347086,-1711652.922446644,331699.93574524176,-1379952.986701402,300.87471531323797,1428.4328132192022,0.9238804444120753,85.3
6512000,26048.000003471676,-1709735.832517041,332395.41312120063,-1377340.4193958403,301.50556125243986,1428.4328132192022,0.9238804444120753,85.3
6513000,26052.00000347249,-1711104.437172573,332706.66522705357,-1378397.7719455194,301.7878883759853,1428.4328132192022,0.9238804444120753,85.3
6514000,26056.000003473306,-1710827.8589195088,332984.94318709685,-1377842.915732412,302.0403056754275,1428.4328132192022,0.9238804444120753,85.3
6515000,26060.00000347412,-1710394.9197670352,331915.74025632505,-1378479.17951071,301.0704648863864,1428.4328132192022,0.9238804444120753,85.3
6516000,26064.000003474936,-1711746.439386351,334404.85480868065,-1377341.5845776703,303.3282634314462,1428.4328132192022,0.9238804444120753,85.3
6517000,26068.00000347575,-1711917.6815839112,331553.3898026104,-1380364.2917813007,300.7417880376554,1428.4328132192022,0.9238804444120753,85.3
6518000,26072.000003476565,-1714460.9183696192,332027.36142348126,-1382433.556946138,301.17171298224633,1428.4328132192022,0.9238804444120753,85.3
6519000,26076.00000347738,-1712311.5001862962,332374.79732869373,-1379936.7028576024,301.48686130699815,1428.4328132192022,0.9238804444120753,85.3
6520000,26080.000003478195,-1711456.0753172617,331655.90238594566,-1379800.172931316,300.83477401987375,1428.4328132192022,0.9238804444120753,85.3
6521000,26084.00000347901,-1713969.045250468,333042.6513237043,-1380926.3939267637,302.0926509348078,1428.4328132192022,0.9238804444120753,85.3
6522000,26088.000003479825,-1712411.3080282286,332066.4207258878,-1380344.8873023407,301.2071424630073,1428.4328132192022,0.9238804444120753,85.3
6523000,26092.00000348064,-1711087.7910166252,330984.2269369259,-1380103.5640796993,300.22551806975525,1428.4328132192022,0.9238804444120753,85.3
6524000,26096.000003481455,-1711752.847826641,333741.3775962449,-1378011.4702303961,302.7264438472491,1428.4328132192022,0.9238804444120753,85.3
6525000,26100.00000348227,-1715413.2932428215,331985.9899022646,-1383427.3033405568,301.134186159577,1428.4328132192022,0.9238804444120753,85.3
6526000,26104.000003483085,-1712240.4984237254,332707.08983909746,-1379533.4085846278,301.78827352838977,1428.4328132192022,0.9238804444120753,85.3
6527000,26108.0000034839,-1708504.1892674621,332801.18485413253,-1375703.0044133295,301.87362419569536,1428.4328132192022,0.9238804444120753,85.3
6528000,26112.000003484714,-1712023.3525924738,332406.4363900554,-1379616.9162024185,301.5155601174413,1428.4328132192022,0.9238804444120753,85.3
6529000,26116.00000348553,-1713201.0262928903,332378.3467702262,-1380822.679522664,301.4900808952329,1428.4328132192022,0.9238804444120753,85.3
6530000,26120.000003486344,-1715334.0779229272,331477.71161435806,-1383856.3663085692,300.673142702242,1428.4328132192022,0.9238804444120753,85.3
6531000,26124.00000348716,-1713425.4174795616,330894.0592974832,-1382531.3581820785,300.1437298029386,1428.4328132192022,0.9238804444120753,85.3
6532000,26128.000003487974,-1714848.97714133,331332.24784443027,-1383516.7292968999,300.5411970319268,1428.4328132192022,0.9238804444120753,85.3
6533000,26132.00000348879,-1713570.4534330796,330937.09680091665,-1382633.356632163,300.1827677863625,1428.4328132192022,0.9238804444120753,85.3
6534000,26136.000003489604,-1713472.4345796127,331354.36680894444,-1382118.0677706683,300.5612604580359,1428.4328132192022,0.9238804444120753,85.3
6535000,26140.00000349042,-1711539.369259689,332148.26303909736,-1379391.1062205916,301.2813790848269,1428.4328132192022,0.9238804444120753,85.3
6536000,26144.000003491234,-1713157.9073287975,331572.6164863207,-1381585.2908424768,300.75922796562753,1428.4328132192022,0.9238804444120753,85.3
6537000,26148.00000349205,-1711013.7654319666,331492.08659503935,-1379521.6788369273,300.6861818009997,1428.4328132192022,0.9238804444120753,85.3
6538000,26152.000003492863,-1712675.2958375514,331234.8300599003,-1381440.465777651,300.4528323835555,1428.4328132192022,0.9238804444120753,85.3
6539000,26156.00000349368,-1712846.3662310056,331471.5204219101,-1381374.8458090955,300.6675268637552,1428.4328132192022,0.9238804444120753,85.3
6540000,26160.000003494493,-1714404.5435891394,332588.60763784,-1381815.9359512995,301.6808020014721,1428.4328132192022,0.9238804444120753,85.3
6541000,26164.00000349531,-1713718.4470815193,332680.5464194288,-1381037.9006620906,301.76419681635093,1428.4328132192022,0.9238804444120753,85.3
6542000,26168.000003496123,-1714997.911038315,330849.56674691825,-1384148.3442913967,300.1033719914283,1428.4328132192022,0.9238804444120753,85.3
6543000,26172.000003496938,-1712835.5326783974,332690.91427770513,-1380144.6184006922,301.77360117876145,1428.4328132192022,0.9238804444120753,85.3
6544000,26176.000003497753,-1711660.6483506262,333045.34935390804,-1378615.2989967181,302.09509823425526,1428.4328132192022,0.9238804444120753,85.3
6545000,26180.000003498568,-1712290.2113177925,330757.18913365685,-1381533.0221841356,300.01957912596123,1428.4328132192022,0.9238804444120753,85.3
6546000,26184.000003499383,-1713532.4058931544,331410.63887121103,-1382121.7670219433,300.61230309895933,1428.4328132192022,0.9238804444120753,85.3
6547000,26188.000003500198,-1713734.9917203728,332215.59917335014,-1381519.3925470226,301.3424576020056,1428.4328132192022,0.9238804444120753,85.3
6548000,26192.000003501013,-1713229.6070486363,332242.5585756579,-1380987.0484729784,301.3669116389837,1428.4328132192022,0.9238804444120753,85.3
6549000,26196.000003501827,-1711067.0640584994,333387.7708520868,-1377679.2932064126,302.4056981460405,1428.4328132192022,0.9238804444120753,85.3
6550000,26200.000003502642,-1711006.3231696822,332184.2521678079,-1378822.0710018743,301.31402370633043,1428.4328132192022,0.9238804444120753,85.3
6551000,26204.000003503457,-1713219.413555419,331311.4048227363,-1381908.0087326828,300.5222909739429,1428.4328132192022,0.9238804444120753,85.3
6552000,26208.000003504272,-1712075.4136762246,332775.88106838864,-1379299.532607836,301.85067191710976,1428.4328132192022,0.9238804444120753,85.3
6553000,26212.000003505087,-1713973.6737274434,330796.8712838795,-1383176.802443564,300.0555735726422,1428.4328132192022,0.9238804444120753,85.3
6554000,26216.000003505902,-1713099.0515297316,330695.81049435615,-1382403.2410353755,299.9639044675251,1428.4328132192022,0.9238804444120753,85.3
6555000,26220.000003506717,-1710241.173662899,330921.20733976236,-1379319.9663231368,300.16835494937914,1428.4328132192022,0.9238804444120753,85.3
6556000,26224.00000350753,-1710919.3624639735,333092.4176261595,-1377826.944837814,302.1377924029536,1428.4328132192022,0.9238804444120753,85.3
6557000,26228.000003508347,-1713075.7026502993,332631.19771725,-1380444.5049330494,301.719434140453,1428.4328132192022,0.9238804444120753,85.3
6558000,26232.00000350916,-1714114.3784613088,330955.8303650081,-1383158.5480963006,300.19976042083545,1428.4328132192022,0.9238804444120753,85.3
6559000,26236.000003509977,-1712308.9589404147,332103.3179797487,-1380205.640960666,301.2406108166453,1428.4328132192022,0.9238804444120753,85.3
6560000,26240.00000351079,-1712723.9604353756,333520.20571494376,-1379203.7547204318,302.52582569918616,1428.4328132192022,0.9238804444120753,85.4
6561000,26244.000003511606,-1712557.1364344005,330990.3017184549,-1381566.8347159456,300.231028315511,1428.4328132192022,0.9238804444120753,85.4
6562000,26248.00000351242,-1711285.6158303749,331780.83701508166,-1379504.7788152932,300.9480983438282,1428.4328132192022,0.9238804444120753,85.4
6563000,26252.000003513236,-1712609.6949763596,332423.61906999996,-1380186.0759063596,301.5311459930461,1428.4328132192022,0.9238804444120753,85.4
6564000,26256.00000351405,-1713992.8000995237,331483.3788380376,-1382509.4212614861,300.6782832649236,1428.4328132192022,0.9238804444120753,85.4
6565000,26260.000003514866,-1714050.3128706906,332490.2123328908,-1381560.1005377998,301.5915506746721,1428.4328132192022,0.9238804444120753,85.4
6566000,26264.00000351568,-1712892.049891252,330780.10253835574,-1382111.9473528964,300.04036316410145,1428.4328132192022,0.9238804444120753,85.4
6567000,26268.000003516496,-1712644.4621522035,331911.7938151079,-1380732.6683370955,301.066885192061,1428.4328132192022,0.9238804444120753,85.4
6568000,26272.00000351731,-1711595.8609650843,330797.75185354747,-1380798.1091115368,300.0563723100539,1428.4328132192022,0.9238804444120753,85.4
6569000,26276.000003518126,-1713636.0735376347,331975.51905839145,-1381660.5544792432,301.12468838212834,1428.4328132192022,0.9238804444120753,85.4
6570000,26280.00000351894,-1713181.6025799718,330609.1162415872,-1382572.4863383844,299.8852668019417,1428.4328132192022,0.9238804444120753,85.4
6571000,26284.000003519755,-1712431.327242393,331728.380753509,-1380702.946488884,300.9005168972668,1428.4328132192022,0.9238804444120753,85.4
6572000,26288.00000352057,-1713169.6403961927,332538.72611358465,-1380630.914282608,301.6355560192081,1428.4328132192022,0.9238804444120753,85.4
6573000,26292.000003521385,-1712532.3487624861,331847.4590149406,-1380684.8897475456,301.0085290918659,1428.4328132192022,0.9238804444120753,85.4
6574000,26296.0000035222,-1713174.5104207247,331861.31974538823,-1381313.1906753364,301.0211017301997,1428.4328132192022,0.9238804444120753,85.4
6575000,26300.000003523015,-1712031.3429671805,333318.6330487713,-1378712.7099184091,302.34298539078117,1428.4328132192022,0.9238804444120753,85.4
6576000,26304.00000352383,-1712443.3053249437,332765.93575292313,-1379677.3695720206,301.84165083016666,1428.4328132192022,0.9238804444120753,85.4
6577000,26308.000003524645,-1710928.3500418812,331144.02446268767,-1379784.3255791934,300.37046544504886,1428.4328132192022,0.9238804444120753,85.4
6578000,26312.00000352546,-1712265.4730077982,332374.504897683,-1379890.9681101153,301.4865960519057,1428.4328132192022,0.9238804444120753,85.4
6579000,26316.000003526275,-1713128.0315634906,332916.898559019,-1380211.1330044717,301.9785845054926,1428.4328132192022,0.9238804444120753,85.4
6580000,26320.00000352709,-1711278.8124823738,331388.7412463663,-1379890.0712360074,300.5924404431936,1428.4328132192022,0.9238804444120753,85.4
6581000,26324.000003527904,-1714289.6929697525,332074.26998483384,-1382215.4229849186,301.2142622821459,1428.4328132192022,0.9238804444120753,85.4
6582000,26328.00000352872,-1712577.8582250215,331265.1501568062,-1381312.7080682153,300.4803348022833,1428.4328132192022,0.9238804444120753,85.4
6583000,26332.000003529534,-1713021.5941103715,332574.77853958035,-1380446.8155707913,301.6682580557142,1428.4328132192022,0.9238804444120753,85.4
6584000,26336.00000353035,-1714431.7050287854,331929.6854433215,-1382502.019585464,301.08311413263397,1428.4328132192022,0.9238804444120753,85.4
6585000,26340.000003531164,-1712274.6268999632,332028.8262111766,-1380245.8006887867,301.17304164569583,1428.4328132192022,0.9238804444120753,85.4
6586000,26344.00000353198,-1712953.679715665,331304.8649455802,-1381648.8147700848,300.516358854381,1428.4328132192022,0.9238804444120753,85.4
6587000,26348.000003532794,-1712212.1955739483,332389.82948105346,-1379822.366092895,301.5004965057859,1428.4328132192022,0.9238804444120753,85.4
6588000,26352.00000353361,-1710555.962229289,331718.23514479847,-1378837.7270844907,300.8913141305385,1428.4328132192022,0.9238804444120753,85.4
6589000,26356.000003534424,-1713266.2395603824,333252.14269784576,-1380014.0968625366,302.2826740574044,1428.4328132192022,0.9238804444120753,85.4
6590000,26360.00000353524,-1712044.109197922,329885.6243465774,-1382158.4848513447,299.22900976211616,1428.4328132192022,0.9238804444120753,85.4
6591000,26364.000003536054,-1711313.8372470718,331106.5462933253,-1380207.2909537465,300.3364701609918,1428.4328132192022,0.9238804444120753,85.4
6592000,26368.00000353687,-1712514.5864204932,332964.44284927315,-1379550.14357122,302.02171045534504,1428.4328132192022,0.9238804444120753,85.4
6593000,26372.000003537683,-1710617.7309125382,333570.4421066654,-1377047.288805873,302.5713935707134,1428.4328132192022,0.9238804444120753,85.4
6594000,26376.0000035385,-1711872.880139824,331371.3339062644,-1380501.5462335595,300.57665078533387,1428.4328132192022,0.9238804444120753,85.4
6595000,26380.000003539313,-1712917.2777651828,332596.7280649901,-1380320.5497001926,301.6881677888712,1428.4328132192022,0.9238804444120753,85.4
6596000,26384.000003540128,-1712512.170327656,331488.0751102505,-1381024.0952174054,300.6825431076695,1428.4328132192022,0.9238804444120753,85.4
6597000,26388.000003540943,-1711214.0697559956,330969.52740667836,-1380244.5423493173,300.2121845821604,1428.4328132192022,0.9238804444120753,85.4
6598000,26392.000003541758,-1712677.6085649114,331913.33417941484,-1380764.2743854965,301.0682824087089,1428.4328132192022,0.9238804444120753,85.4
6599000,26396.000003542573,-1714593.2941500228,331051.68613603374,-1383541.608013989,300.2867082152439,1428.4328132192022,0.9238804444120753,85.4
6600000,26400.000003543388,-1711875.4196718,331731.40506480273,-1380144.0146069974,300.90326015616273,1428.4328132192022,0.9238804444120753,85.4
6601000,26404.000003544203,-1711001.9544204734,330935.53907443944,-1380066.4153460339,300.18135482102895,1428.4328132192022,0.9238804444120753,85.4
6602000,26408.000003545018,-1713769.9499622248,330430.82727536117,-1383339.1226868636,299.7235464150015,1428.4328132192022,0.9238804444120753,85.4
6603000,26412.000003545832,-1713507.2190234791,331769.0774378458,-1381738.1415856334,300.9374315963502,1428.4328132192022,0.9238804444120753,85.4
6604000,26416.000003546647,-1711493.3575715125,333771.12300237786,-1377722.2345691347,302.7534249818158,1428.4328132192022,0.9238804444120753,85.4
6605000,26420.000003547462,-1712142.2679928467,332422.3536241873,-1379719.9143686593,301.5299981464305,1428.4328132192022,0.9238804444120753,85.4
6606000,26424.000003548277,-1714564.808186015,331681.3158706776,-1382883.4923153375,300.8578258030061,1428.4328132192022,0.9238804444120753,85.4
6607000,26428.000003549092,-1712402.5241730325,330660.0081949736,-1381742.5159780588,299.93142931310547,1428.4328132192022,0.9238804444120753,85.4
6608000,26432.000003549907,-1710504.8079926465,331883.4664664283,-1378621.3415262182,301.0411903333919,1428.4328132192022,0.9238804444120753,85.4
6609000,26436.000003550722,-1713477.6171476636,331008.4238657901,-1382469.1932818736,300.2474663528235,1428.4328132192022,0.9238804444120753,85.4
6610000,26440.000003551537,-1712184.4789380748,332501.79207433824,-1379682.6868637365,301.6020542986887,1428.4328132192022,0.9238804444120753,85.4
6611000,26444.00000355235,-1714080.1781735383,332264.2529735594,-1381815.925199979,301.38658995389767,1428.4328132192022,0.9238804444120753,85.4
6612000,26448.000003553167,-1712300.5533594675,331121.8942637429,-1381178.6590957246,300.35039182853643,1428.4328132192022,0.9238804444120753,85.4
6613000,26452.00000355398,-1710117.5522350203,332293.43022844556,-1377824.1220065746,301.4130557361045,1428.4328132192022,0.9238804444120753,85.4
6614000,26456.000003554796,-1712222.6619199961,331290.03342387953,-1380932.6284961165,300.5029056414362,1428.4328132192022,0.9238804444120753,85.4
6615000,26460.00000355561,-1711843.8695631232,332116.3647405666,-1379727.5048225566,301.25244512839464,1428.4328132192022,0.9238804444120753,85.4
6616000,26464.000003556426,-1713212.1088358406,331535.62716329563,-1381676.481672545,300.72567609890865,1428.4328132192022,0.9238804444120753,85.4
6617000,26468.00000355724,-1711133.9890499264,331957.66763619485,-1379176.3214137317,301.10849591118546,1428.4328132192022,0.9238804444120753,85.4
6618000,26472.000003558056,-1713478.6564788297,332216.9792434558,-1381261.6772353738,301.3437094207593,1428.4328132192022,0.9238804444120753,85.4
6619000,26476.00000355887,-1712079.6072167046,331995.97095697426,-1380083.6362597304,301.1432396644791,1428.4328132192022,0.9238804444120753,85.4
6620000,26480.000003559686,-1713681.2788079027,328865.8231051247,-1384815.455702778,298.30397971196317,1428.4328132192022,0.9238804444120753,85.4
6621000,26484.0000035605,-1712468.100360494,331452.14964223467,-1381015.9507182594,300.649956230806,1428.4328132192022,0.9238804444120753,85.4
6622000,26488.000003561316,-1713323.47367947,331819.9355626867,-1381503.5381167831,300.98356342269045,1428.4328132192022,0.9238804444120753,85.4
6623000,26492.00000356213,-1712802.798019478,331592.29719974124,-1381210.5008197369,300.7770797298561,1428.4328132192022,0.9238804444120753,85.4
6624000,26496.000003562945,-1712437.2564530969,332061.00489088375,-1380376.251562213,301.2022299271897,1428.4328132192022,0.9238804444120753,85.4
6625000,26500.00000356376,-1712054.7798783258,332595.9820437425,-1379458.7978345833,301.68749109615504,1428.4328132192022,0.9238804444120753,85.4
6626000,26504.000003564575,-1713922.8997471184,331297.63238259626,-1382625.267364522,300.5097984210065,1428.4328132192022,0.9238804444120753,85.4
6627000,26508.00000356539,-1712686.5707063656,330917.4108200533,-1381769.1598863122,300.1649112442,1428.4328132192022,0.9238804444120753,85.4
6628000,26512.000003566205,-1713213.3195833005,332146.7690378837,-1381066.5505454168,301.28002392270173,1428.4328132192022,0.9238804444120753,85.4
6629000,26516.00000356702,-1711028.3646096662,331727.09643439285,-1379301.2681752732,300.8993519312635,1428.4328132192022,0.9238804444120753,85.4
6630000,26520.000003567835,-1713330.0174729452,333006.92893767974,-1380323.0885352655,302.0602482673147,1428.4328132192022,0.9238804444120753,85.4
6631000,26524.00000356865,-1712816.8568702787,331765.2970668624,-1381051.5598034163,300.93400253917883,1428.4328132192022,0.9238804444120753,85.4
6632000,26528.000003569465,-1711880.402819626,330917.4679539391,-1380962.934865687,300.1649630685743,1428.4328132192022,0.9238804444120753,85.4
6633000,26532.00000357028,-1712238.5812978186,333585.11375891767,-1378653.467538901,302.5847017710441,1428.4328132192022,0.9238804444120753,85.4
6634000,26536.000003571095,-1712010.8653017972,332823.5926366118,-1379187.2726651854,301.89394959961527,1428.4328132192022,0.9238804444120753,85.4
6635000,26540.00000357191,-1713383.802954765,331284.31289623794,-1382099.490058527,300.4977167283852,1428.4328132192022,0.9238804444120753,85.4
6636000,26544.000003572724,-1713769.5514258202,331804.6556878753,-1381964.8957379449,300.9697035225564,1428.4328132192022,0.9238804444120753,85.4
6637000,26548.00000357354,-1712318.4413588569,331505.3030694713,-1380813.1382893855,300.6981700547003,1428.4328132192022,0.9238804444120753,85.4
6638000,26552.000003574354,-1710494.617110338,330425.1313188644,-1380069.4857914736,299.7183797896733,1428.4328132192022,0.9238804444120753,85.4
6639000,26556.00000357517,-1710876.55071304,331600.23428930144,-1379276.3164237384,300.78427921741854,1428.4328132192022,0.9238804444120753,85.4
6640000,26560.000003575984,-1713191.0611003302,331579.0230623757,-1381612.0380379544,300.7650391718985,1428.4328132192022,0.9238804444120753,85.4
6641000,26564.0000035768,-1711558.4344244413,332372.4646509771,-1379185.9697734641,301.48474540745076,1428.4328132192022,0.9238804444120753,85.4
6642000,26568.000003577614,-1710167.625905713,331715.23812251166,-1378452.3877832014,300.88859562465365,1428.4328132192022,0.9238804444120753,85.4
6643000,26572.00000357843,-1711387.0524758045,332744.22040834074,-1378642.8320674638,301.8219535151688,1428.4328132192022,0.9238804444120753,85.4
6644000,26576.000003579244,-1711074.3178430814,332499.8836905342,-1378574.4341525473,301.6003232629788,1428.4328132192022,0.9238804444120753,85.4
6645000,26580.00000358006,-1710649.132184429,332065.9209476317,-1378583.2112367973,301.206689129665,1428.4328132192022,0.9238804444120753,85.4
6646000,26584.000003580873,-1712116.7522226889,329570.87447080755,-1382545.8777518813,298.94350992005445,1428.4328132192022,0.9238804444120753,85.4
6647000,26588.00000358169,-1713369.7151534632,333534.314295047,-1379835.4008584162,302.538623154249,1428.4328132192022,0.9238804444120753,85.4
6648000,26592.000003582503,-1711042.3632196654,334360.1399954635,-1376682.223224202,303.28770401238336,1428.4328132192022,0.9238804444120753,85.4
6649000,26596.000003583318,-1713530.478861848,332557.33461916674,-1380973.144242681,301.65243521698915,1428.4328132192022,0.9238804444120753,85.4
6650000,26600.000003584133,-1711130.6984771136,331946.5711164533,-1379184.1273606603,301.0984306025784,1428.4328132192022,0.9238804444120753,85.4
6651000,26604.000003584948,-1709367.9733134843,329438.07515285775,-1379929.8981606266,298.82305178100734,1428.4328132192022,0.9238804444120753,85.4
6652000,26608.000003585763,-1711585.7229472399,329996.7717449468,-1381588.9512022932,299.3298281170159,1428.4328132192022,0.9238804444120753,85.4
6653000,26612.000003586578,-1713468.5371933747,330659.73192323954,-1382808.8052701352,299.9311787155914,1428.4328132192022,0.9238804444120753,85.4
6654000,26616.000003587393,-1711602.0022231117,331834.68129956344,-1379767.3209235482,300.9969388228844,1428.4328132192022,0.9238804444120753,85.4
6655000,26620.000003588208,-1711731.0374980494,332501.50133399,-1379229.5361640593,301.6017905771438,1428.4328132192022,0.9238804444120753,85.4
6656000,26624.000003589023,-1712426.4990214389,332841.15676808445,-1379585.3422533544,301.90988147806047,1428.4328132192022,0.9238804444120753,85.4
6657000,26628.000003589837,-1715212.6251126882,331513.69655069656,-1383698.9285619915,300.705783520975,1428.4328132192022,0.9238804444120753,85.4
6658000,26632.000003590652,-1714605.6984344982,333402.10570098547,-1381203.5927335126,302.41870084250405,1428.4328132192022,0.9238804444120753,85.4
6659000,26636.000003591467,-1713564.6621578503,331199.02513647184,-1382365.6370213786,300.42035484894535,1428.4328132192022,0.9238804444120753,85.4
6660000,26640.000003592282,-1712099.3866179604,332610.45875143603,-1379488.9278665243,301.7006224683279,1428.4328132192022,0.9238804444120753,85.4
6661000,26644.000003593097,-1714069.5928204674,331552.3834963765,-1382517.209324091,300.74087524850773,1428.4328132192022,0.9238804444120753,85.4
6662000,26648.000003593912,-1714555.8752024528,332194.51320472907,-1382361.3619977236,301.32333117440555,1428.4328132192022,0.9238804444120753,85.4
6663000,26652.000003594727,-1709963.077160813,330756.9830654781,-1379206.0940953349,300.0193922079129,1428.4328132192022,0.9238804444120753,85.4
6664000,26656.00000359554,-1712635.7144790292,332297.11075513886,-1380338.6037238904,301.41639422761966,1428.4328132192022,0.9238804444120753,85.4
6665000,26660.000003596357,-1714254.0896380823,331459.4691858152,-1382794.6204522671,300.6565955615797,1428.4328132192022,0.9238804444120753,85.4
6666000,26664.00000359717,-1711955.9403173588,333162.195875679,-1378793.7444416797,302.2010860870843,1428.4328132192022,0.9238804444120753,85.4
6667000,26668.000003597987,-1713073.8981920592,333140.7058484042,-1379933.192343655,302.181593150422,1428.4328132192022,0.9238804444120753,85.4
6668000,26672.0000035988,-1712693.019521227,332009.0829764111,-1380683.936544816,301.155133170296,1428.4328132192022,0.9238804444120753,85.4
6669000,26676.000003599616,-1713371.6652902607,332665.44652105466,-1380706.218769206,301.7505001672564,1428.4328132192022,0.9238804444120753,85.4
6670000,26680.00000360043,-1712408.1584096346,332330.42989410076,-1380077.7285155337,301.44661698430224,1428.4328132192022,0.9238804444120753,85.4
6671000,26684.000003601246,-1712900.4904780313,331466.83057539904,-1381433.6599026322,300.663272849564,1428.4328132192022,0.9238804444120753,85.4
6672000,26688.00000360206,-1713689.6378855146,332942.12518640107,-1380747.5126991137,302.0014667961233,1428.4328132192022,0.9238804444120753,85.4
6673000,26692.000003602876,-1712798.7092224304,331461.1525406629,-1381337.5566817676,300.6581224805085,1428.4328132192022,0.9238804444120753,85.4
6674000,26696.00000360369,-1714178.8786202203,332081.34738718346,-1382097.531233037,301.22068197412545,1428.4328132192022,0.9238804444120753,85.4
6675000,26700.000003604506,-1713365.674866436,331432.38776526635,-1381933.2871011696,300.63203084564265,1428.4328132192022,0.9238804444120753,85.4
6676000,26704.00000360532,-1711066.2787617985,332741.50829155836,-1378324.7704702402,301.8194934382231,1428.4328132192022,0.9238804444120753,85.4
6677000,26708.000003606136,-1712362.4241433423,331624.20036072924,-1380738.223782613,300.8060180968724,1428.4328132192022,0.9238804444120753,85.4
6678000,26712.00000360695,-1712786.5857649408,331013.72900162695,-1381772.856763314,300.2522784768627,1428.4328132192022,0.9238804444120753,85.4
6679000,26716.000003607765,-1713702.0326217115,332601.6658451214,-1381100.3667765902,301.6926466959532,1428.4328132192022,0.9238804444120753,85.4
6680000,26720.00000360858,-1714283.795085203,331888.91863290174,-1382394.8764523012,301.0461358243575,1428.4328132192022,0.9238804444120753,85.4
6681000,26724.000003609395,-1712183.2377599664,331837.54034254974,-1380345.6974174166,300.99953217202875,1428.4328132192022,0.9238804444120753,85.4
6682000,26728.00000361021,-1712208.6435898524,332224.1684803667,-1379984.4751094857,301.3502305543978,1428.4328132192022,0.9238804444120753,85.4
6683000,26732.000003611025,-1714301.8147356398,332414.3486840688,-1381887.466051571,301.5227371137329,1428.4328132192022,0.9238804444120753,85.4
6684000,26736.00000361184,-1712291.8179009743,331454.2405885873,-1380837.577312387,300.6518528633368,1428.4328132192022,0.9238804444120753,85.4
6685000,26740.000003612655,-1712182.3485186268,331053.7474694442,-1381128.6010491825,300.288577986794,1428.4328132192022,0.9238804444120753,85.4
6686000,26744.00000361347,-1711454.5932886284,331133.9592787591,-1380320.6340098693,300.36133562914375,1428.4328132192022,0.9238804444120753,85.4
6687000,26748.000003614285,-1713476.786793474,333230.9852814344,-1380245.8015120397,302.2634828217316,1428.4328132192022,0.9238804444120753,85.4
6688000,26752.0000036151,-1713617.5151432343,331924.51186212606,-1381693.003281108,301.07842133772635,1428.4328132192022,0.9238804444120753,85.4
6689000,26756.000003615914,-1714779.546410475,331363.8592000198,-1383415.687210455,300.5698707113241,1428.4328132192022,0.9238804444120753,85.4
6690000,26760.00000361673,-1712877.3587727435,333034.20592175936,-1379843.1528509841,302.08499037286,1428.4328132192022,0.9238804444120753,85.4
6691000,26764.000003617544,-1714753.423219137,332855.4159226258,-1381898.007296511,301.9228155145221,1428.4328132192022,0.9238804444120753,85.4
6692000,26768.00000361836,-1709890.690454308,330739.48102022894,-1379151.209434079,300.0035166459538,1428.4328132192022,0.9238804444120753,85.4
6693000,26772.000003619174,-1712450.4505867157,330895.54718562757,-1381554.9034010882,300.1450794200884,1428.4328132192022,0.9238804444120753,85.4
6694000,26776.00000361999,-1713590.2861022279,331760.0661576545,-1381830.2199445735,300.9292577438107,1428.4328132192022,0.9238804444120753,85.4
6695000,26780.000003620804,-1711174.114129886,331099.0661302911,-1380075.0479995948,300.32968513729753,1428.4328132192022,0.9238804444120753,85.4
6696000,26784.00000362162,-1713513.1855835803,331535.0204872771,-1381978.1650963032,300.72512580192426,1428.4328132192022,0.9238804444120753,85.4
6697000,26788.000003622434,-1710517.4651265908,332358.9992003533,-1378158.4659262374,301.47253131517516,1428.4328132192022,0.9238804444120753,85.4
6698000,26792.00000362325,-1713258.2915497161,330661.8658228442,-1382596.425726872,299.93311430968373,1428.4328132192022,0.9238804444120753,85.4
6699000,26796.000003624064,-1712942.2775008492,331949.9524321277,-1380992.3250687215,301.1014976890662,1428.4328132192022,0.9238804444120753,85.4
6700000,26800.00000362488,-1712247.6501313113,332018.92100469227,-1380228.729126619,301.16405694036445,1428.4328132192022,0.9238804444120753,85.4
6701000,26804.000003625693,-1714159.6708907858,332549.49834039,-1381610.1725503958,301.6453271717591,1428.4328132192022,0.9238804444120753,85.4
6702000,26808.00000362651,-1711463.1406743117,331801.57400895155,-1379661.5666653602,300.966908227264,1428.4328132192022,0.9238804444120753,85.4
6703000,26812.000003627323,-1712147.71443972,331980.553029222,-1380167.161410498,301.1292545408077,1428.4328132192022,0.9238804444120753,85.4
6704000,26816.000003628138,-1714124.5984586999,331223.3342684843,-1382901.2641902156,300.44240490800655,1428.4328132192022,0.9238804444120753,85.4
6705000,26820.000003628953,-1713939.8306305595,331639.60020168475,-1382300.2304288747,300.81998681457185,1428.4328132192022,0.9238804444120753,85.4
6706000,26824.000003629768,-1714911.3885522857,330436.73709004885,-1384474.651462237,299.7289070244563,1428.4328132192022,0.9238804444120753,85.4
6707000,26828.000003630583,-1714249.9390903227,331127.5972847684,-1383122.3418055542,300.35556486187943,1428.4328132192022,0.9238804444120753,85.4
6708000,26832.000003631398,-1713282.8230398465,332605.68697425554,-1380677.136065591,301.69629413736965,1428.4328132192022,0.9238804444120753,85.4
6709000,26836.000003632213,-1714750.4008387234,330891.0991499277,-1383859.3016887957,300.1410447449778,1428.4328132192022,0.9238804444120753,85.4
6710000,26840.000003633028,-1713448.8190759514,331626.35272780864,-1381822.4663481428,300.8079704422378,1428.4328132192022,0.9238804444120753,85.4
6711000,26844.000003633842,-1712290.051781239,331313.67315122235,-1380976.3786300167,300.52434850430075,1428.4328132192022,0.9238804444120753,85.4
6712000,26848.000003634657,-1713406.02625205,329665.6566819621,-1383740.3695700879,299.0294839216285,1428.4328132192022,0.9238804444120753,85.4
6713000,26852.000003635472,-1715754.6828104276,331277.8048031139,-1384476.8780073137,300.49181343913216,1428.4328132192022,0.9238804444120753,85.4
6714000,26856.000003636287,-1714161.8314734679,332163.7812910695,-1381998.0501823984,301.2954552094839,1428.4328132192022,0.9238804444120753,85.4
6715000,26860.000003637102,-1712779.0437849797,331323.29703829956,-1381455.7467466802,300.5330780335304,1428.4328132192022,0.9238804444120753,85.4
6716000,26864.000003637917,-1711854.74768316,330629.09786368033,-1381225.6498194798,299.9033915110866,1428.4328132192022,0.9238804444120753,85.4
6717000,26868.000003638732,-1711636.7834108192,331445.08111389686,-1380191.7022969224,300.6435445881672,1428.4328132192022,0.9238804444120753,85.4
6718000,26872.000003639547,-1712374.015694404,332019.0641489442,-1380354.9515454597,301.1641867820721,1428.4328132192022,0.9238804444120753,85.4
6719000,26876.00000364036,-1711458.376535941,332693.6534498474,-1378764.7230860936,301.77608579678423,1428.4328132192022,0.9238804444120753,85.4
6720000,26880.000003641177,-1712082.0698206294,332044.1280635975,-1380037.941757032,301.1869214810372,1428.4328132192022,0.9238804444120753,85.4
6721000,26884.00000364199,-1714582.0432476308,332211.88932265516,-1382370.1539249755,301.3390925115988,1428.4328132192022,0.9238804444120753,85.4
6722000,26888.000003642806,-1714626.4437780343,333579.4828373911,-1381046.9609406432,302.5795941369185,1428.4328132192022,0.9238804444120753,85.4
6723000,26892.00000364362,-1712248.0421636235,331111.28412673075,-1381136.7580368929,300.3407677026053,1428.4328132192022,0.9238804444120753,85.4
6724000,26896.000003644436,-1714131.9246441424,332038.49299892515,-1382093.4316452174,301.18181008879276,1428.4328132192022,0.9238804444120753,85.4
6725000,26900.00000364525,-1712428.506432429,330507.9092311823,-1381920.5972012468,299.79346506440186,1428.4328132192022,0.9238804444120753,85.4
6726000,26904.000003646066,-1710563.891551122,333178.6870237434,-1377385.2045273785,302.2160446955867,1428.4328132192022,0.9238804444120753,85.4
6727000,26908.00000364688,-1714201.649226373,333028.15311793645,-1381173.4961084365,302.0795000623991,1428.4328132192022,0.9238804444120753,85.4
6728000,26912.000003647696,-1711985.7918163687,333020.767906766,-1378965.0239096028,302.0728011665931,1428.4328132192022,0.9238804444120753,85.4
6729000,26916.00000364851,-1713481.508214729,330603.81140556606,-1382877.6968091629,299.880454949856,1428.4328132192022,0.9238804444120753,85.4
6730000,26920.000003649326,-1713660.2994421981,331477.1402478786,-1382183.1591943195,300.67262443344447,1428.4328132192022,0.9238804444120753,85.4
6731000,26924.00000365014,-1713897.3756303806,330769.8850648395,-1383127.4905655412,300.03109521103863,1428.4328132192022,0.9238804444120753,85.4
6732000,26928.000003650955,-1713676.4761811756,332259.8065694871,-1381416.6696116885,301.3825567587858,1428.4328132192022,0.9238804444120753,85.4
6733000,26932.00000365177,-1711951.077821117,332042.0645664178,-1379909.013254699,301.18504974679917,1428.4328132192022,0.9238804444120753,85.4
6734000,26936.000003652585,-1714795.8977486957,331783.262558794,-1383012.6351899016,300.9502984792375,1428.4328132192022,0.9238804444120753,85.4
6735000,26940.0000036534,-1715258.457174506,331676.00389757106,-1383582.453276935,300.8530074770918,1428.4328132192022,0.9238804444120753,85.4
6736000,26944.000003654215,-1712543.4988775328,332296.9850484769,-1380246.513829056,301.4162802030087,1428.4328132192022,0.9238804444120753,85.4
6737000,26948.00000365503,-1711796.3125763778,330709.3356668523,-1381086.9769095255,299.97617273165724,1428.4328132192022,0.9238804444120753,85.4
6738000,26952.000003655845,-1712923.1819535326,332451.24937959376,-1380471.9325739387,301.5562085891976,1428.4328132192022,0.9238804444120753,85.4
6739000,26956.00000365666,-1714478.9770101942,332010.2317412802,-1382468.745268914,301.15617517924954,1428.4328132192022,0.9238804444120753,85.4
6740000,26960.000003657475,-1714975.2493762337,332685.98570510815,-1382289.2636711255,301.7691306235481,1428.4328132192022,0.9238804444120753,85.4
6741000,26964.00000365829,-1713326.2063846998,333321.0221622885,-1380005.1842224114,302.3451524814914,1428.4328132192022,0.9238804444120753,85.4
6742000,26968.000003659105,-1714753.0796631314,333215.9508034184,-1381537.128859713,302.2498455134133,1428.4328132192022,0.9238804444120753,85.4
6743000,26972.00000365992,-1713416.2905036472,332134.00420321047,-1381282.2863004366,301.2684453374069,1428.4328132192022,0.9238804444120753,85.4
6744000,26976.000003660734,-1711878.1031168792,331466.4418405546,-1380411.6612763247,300.6629202402534,1428.4328132192022,0.9238804444120753,85.4
6745000,26980.00000366155,-1714273.7068892978,331908.6725885413,-1382365.0343007566,301.06405402432944,1428.4328132192022,0.9238804444120753,85.4
6746000,26984.000003662364,-1712970.0523308814,331812.4151841401,-1381157.6371467412,300.9767419207532,1428.4328132192022,0.9238804444120753,85.4
6747000,26988.00000366318,-1712189.5385269336,332737.58108202973,-1379451.957444904,301.8159311883655,1428.4328132192022,0.9238804444120753,85.4
6748000,26992.000003663994,-1712732.9579186495,332407.0213596561,-1380325.9365589935,301.5160907252079,1428.4328132192022,0.9238804444120753,85.4
6749000,26996.00000366481,-1712079.0499171875,331630.3847254228,-1380448.6651917647,300.81162774211504,1428.4328132192022,0.9238804444120753,85.4
6750000,27000.000003665624,-1711349.6756095644,333085.4265063601,-1378264.2491032043,302.13145097519714,1428.4328132192022,0.9238804444120753,85.4
6751000,27004.00000366644,-1711880.5229029264,334116.7982450769,-1377763.7246578494,303.06697626425495,1428.4328132192022,0.9238804444120753,85.4
6752000,27008.000003667254,-1712634.6180212125,330702.67785142676,-1381931.9401697856,299.970133633952,1428.4328132192022,0.9238804444120753,85.4
6753000,27012.00000366807,-1712415.9269419443,332315.5472262623,-1380100.379715682,301.4331173782835,1428.4328132192022,0.9238804444120753,85.4
6754000,27016.000003668883,-1715153.9385378994,331435.33876475674,-1383718.5997731427,300.63470760567753,1428.4328132192022,0.9238804444120753,85.4
6755000,27020.0000036697,-1712473.8163159192,331686.00494046224,-1380787.8113754569,300.86207911265296,1428.4328132192022,0.9238804444120753,85.4
6756000,27024.000003670513,-1715481.0129490588,332127.1484472445,-1383353.8645018144,301.2622266939818,1428.4328132192022,0.9238804444120753,85.4
6757000,27028.000003671328,-1710522.4949274212,331099.0065585599,-1379423.4883688614,300.32963110162933,1428.4328132192022,0.9238804444120753,85.4
6758000,27032.000003672143,-1711961.9284385126,332183.972185869,-1379777.9562526436,301.3137697434047,1428.4328132192022,0.9238804444120753,85.4
6759000,27036.000003672958,-1711849.035736369,332571.4491295831,-1379277.586606786,301.6652380512549,1428.4328132192022,0.9238804444120753,85.4
6760000,27040.000003673773,-1712160.4496055245,332262.6744721011,-1379897.7751334235,301.38515814422357,1428.4328132192022,0.9238804444120753,85.4
6761000,27044.000003674588,-1710569.9342571422,333777.7079080137,-1376792.2263491284,302.759397945314,1428.4328132192022,0.9238804444120753,85.4
6762000,27048.000003675403,-1710857.6695233341,332116.1884815725,-1378741.4810417616,301.2522852493324,1428.4328132192022,0.9238804444120753,85.4
6763000,27052.000003676218,-1711303.2242987044,332246.2886938038,-1379056.9356049006,301.3702951133662,1428.4328132192022,0.9238804444120753,85.4
6764000,27056.000003677033,-1711602.3367899694,331160.51382234215,-1380441.822967627,300.3854224313401,1428.4328132192022,0.9238804444120753,85.4
6765000,27060.000003677847,-1713395.6088948268,331691.68734987034,-1381703.9215449565,300.86723344983756,1428.4328132192022,0.9238804444120753,85.4
6766000,27064.000003678662,-1712719.80121582,330125.1877311568,-1382594.6134846632,299.4463102719063,1428.4328132192022,0.9238804444120753,85.4
6767000,27068.000003679477,-1711353.9689515494,331205.0152197634,-1380148.953731786,300.4257882675591,1428.4328132192022,0.9238804444120753,85.4
6768000,27072.000003680292,-1713643.8436793033,332611.5453512039,-1381032.2983280993,301.70160808924777,1428.4328132192022,0.9238804444120753,85.4
6769000,27076.000003681107,-1711862.0548568256,330908.91185933125,-1380953.1429974944,300.15720210074795,1428.4328132192022,0.9238804444120753,85.4
6770000,27080.000003681922,-1711246.3625379298,331905.3789927648,-1379340.983545165,301.06106650583814,1428.4328132192022,0.9238804444120753,85.4
6771000,27084.000003682737,-1712520.9962439872,331417.2356237573,-1381103.7606202299,300.6182868084221,1428.4328132192022,0.9238804444120753,85.4
6772000,27088.00000368355,-1712039.3431395348,332053.4757761966,-1379985.8673633384,301.1954005009706,1428.4328132192022,0.9238804444120753,85.4
6773000,27092.000003684367,-1711539.4802117478,332032.0836762554,-1379507.3965354925,301.1759963911528,1428.4328132192022,0.9238804444120753,85.4
6774000,27096.00000368518,-1710215.8993238285,333716.91520203254,-1376498.984121796,302.7042547688038,1428.4328132192022,0.9238804444120753,85.4
6775000,27100.000003685996,-1714486.6022885405,333059.64800241817,-1381426.9542861222,302.10806809447,1428.4328132192022,0.9238804444120753,85.4
6776000,27104.00000368681,-1710348.469327787,330454.8705928528,-1379893.598734934,299.74535536196214,1428.4328132192022,0.9238804444120753,85.4
6777000,27108.000003687626,-1713793.892709326,332650.1630931091,-1381143.7296162168,301.73663704418465,1428.4328132192022,0.9238804444120753,85.4
6778000,27112.00000368844,-1713161.9212615583,330130.45923530275,-1383031.4620262557,299.4510918896827,1428.4328132192022,0.9238804444120753,85.4
6779000,27116.000003689256,-1714666.288019348,331403.3082287328,-1383262.9797906152,300.60565370072,1428.4328132192022,0.9238804444120753,85.4
6780000,27120.00000369007,-1714069.2369768862,331648.17884853843,-1382421.0581283476,300.8277682388404,1428.4328132192022,0.9238804444120753,85.4
6781000,27124.000003690886,-1712792.2864089422,332629.61875329533,-1380162.6676556468,301.71800191126283,1428.4328132192022,0.9238804444120753,85.4
6782000,27128.0000036917,-1716685.1495225076,331693.4133059559,-1384991.7362165516,300.8687990110268,1428.4328132192022,0.9238804444120753,85.4
6783000,27132.000003692516,-1714398.9721416477,331131.305527069,-1383267.6666145786,300.3589284933616,1428.4328132192022,0.9238804444120753,85.4
6784000,27136.00000369333,-1714026.5907010324,331694.66240611515,-1382331.9282949173,300.8699320310076,1428.4328132192022,0.9238804444120753,85.4
6785000,27140.000003694146,-1713538.353692172,330935.26876431855,-1382603.0849278537,300.181109631109,1428.4328132192022,0.9238804444120753,85.4
6786000,27144.00000369496,-1713758.1126043908,330909.4131004488,-1382848.699503942,300.1576567610065,1428.4328132192022,0.9238804444120753,85.4
6787000,27148.000003695775,-1714278.5378138088,330254.7405994192,-1384023.7972143895,299.56382365721606,1428.4328132192022,0.9238804444120753,85.4
6788000,27152.00000369659,-1711984.121075837,333005.0741238813,-1378979.0469519557,302.058565823294,1428.4328132192022,0.9238804444120753,85.4
6789000,27156.000003697405,-1712745.2504713982,331358.6642427427,-1381386.5862286557,300.56515852683634,1428.4328132192022,0.9238804444120753,85.4
6790000,27160.00000369822,-1712812.0050372146,329492.2224777808,-1383319.782559434,298.872167138641,1428.4328132192022,0.9238804444120753,85.4
6791000,27164.000003699035,-1714506.660247825,331190.11231707723,-1383316.5479307477,300.4122703071381,1428.4328132192022,0.9238804444120753,85.4
6792000,27168.00000369985,-1712291.0810053963,331044.1557489085,-1381246.925256488,300.2798776348357,1428.4328132192022,0.9238804444120753,85.4
6793000,27172.000003700665,-1713581.919302659,332487.9766463585,-1381093.9426563005,301.5895227528173,1428.4328132192022,0.9238804444120753,85.4
6794000,27176.00000370148,-1712901.9938549083,332052.87313881476,-1380849.1207160936,301.1948538673082,1428.4328132192022,0.9238804444120753,85.4
6795000,27180.000003702295,-1712879.5218719952,331088.8727769105,-1381790.6490950848,300.32043906286106,1428.4328132192022,0.9238804444120753,85.4
6796000,27184.00000370311,-1712331.3624709044,331976.78129445156,-1380354.5811764528,301.12583331727706,1428.4328132192022,0.9238804444120753,85.4
6797000,27188.000003703924,-1709830.9426830541,332250.37948053394,-1377580.5632025201,301.3740057390257,1428.4328132192022,0.9238804444120753,85.4
6798000,27192.00000370474,-1711906.3393912427,328879.62249944825,-1383026.7168917945,298.3164967142027,1428.4328132192022,0.9238804444120753,85.4
6799000,27196.000003705554,-1709985.2948280796,332091.1881285381,-1377894.1066995417,301.2296082051387,1428.4328132192022,0.9238804444120753,85.4
6800000,27200.00000370637,-1714426.3493502736,331561.19773113535,-1382865.1516191382,300.74887036725204,1428.4328132192022,0.9238804444120753,85.4
6801000,27204.000003707184,-1713012.8202909492,331395.3551729193,-1381617.4651180299,300.5984397306649,1428.4328132192022,0.9238804444120753,85.4
6802000,27208.000003708,-1710666.439351786,331164.38264837535,-1379502.0567034106,300.38893172334133,1428.4328132192022,0.9238804444120753,85.4
6803000,27212.000003708814,-1712443.5682929624,332524.86014981684,-1379918.7081431455,301.62297863389205,1428.4328132192022,0.9238804444120753,85.4
6804000,27216.00000370963,-1711011.4704856481,332621.9639775886,-1378389.5065080596,301.7110585018335,1428.4328132192022,0.9238804444120753,85.4
6805000,27220.000003710444,-1710947.8755039833,332341.95182714553,-1378605.9236768377,301.45706817211124,1428.4328132192022,0.9238804444120753,85.4
6806000,27224.00000371126,-1713117.2335352618,332174.0281610772,-1380943.2053741845,301.3047498271916,1428.4328132192022,0.9238804444120753,85.4
6807000,27228.000003712074,-1714410.1470842864,331609.93037755886,-1382800.2167067276,300.7930742380975,1428.4328132192022,0.9238804444120753,85.4
6808000,27232.00000371289,-1714372.9134290144,332544.2262214798,-1381828.6872075344,301.64054499634926,1428.4328132192022,0.9238804444120753,85.4
6809000,27236.000003713703,-1713157.63459876,331228.4897968726,-1381929.1448018872,300.4470813277732,1428.4328132192022,0.9238804444120753,85.4
6810000,27240.00000371452,-1711245.4327437952,332444.715593989,-1378800.7171498062,301.55028199509275,1428.4328132192022,0.9238804444120753,85.4
6811000,27244.000003715333,-1712086.2285849378,331966.8346894025,-1380119.3938955353,301.1168110605927,1428.4328132192022,0.9238804444120753,85.4
6812000,27248.000003716148,-1713385.0898786131,332702.7751797945,-1380682.3146988186,301.7843598348688,1428.4328132192022,0.9238804444120753,85.4
6813000,27252.000003716963,-1712555.3544136006,332542.0896218607,-1380013.2647917399,301.6386069531576,1428.4328132192022,0.9238804444120753,85.4
6814000,27256.000003717778,-1711167.9991828185,331370.5736105853,-1379797.4255722333,300.575961144724,1428.4328132192022,0.9238804444120753,85.4
6815000,27260.000003718593,-1713703.23755287,331603.76092776604,-1382099.476625104,300.78747812169826,1428.4328132192022,0.9238804444120753,85.4
6816000,27264.000003719408,-1711239.0353731178,331791.3485377796,-1379447.6868353381,300.95763301977604,1428.4328132192022,0.9238804444120753,85.4
6817000,27268.000003720223,-1713351.0315113328,331766.21910107095,-1381584.812410262,300.93483888778826,1428.4328132192022,0.9238804444120753,85.4
6818000,27272.000003721038,-1713236.7498971112,331916.13152539416,-1381320.6183717172,301.07081979441347,1428.4328132192022,0.9238804444120753,85.4
6819000,27276.000003721852,-1712546.2025906928,332109.2534024977,-1380436.9491881952,301.2459946543776,1428.4328132192022,0.9238804444120753,85.4
6820000,27280.000003722667,-1711878.6493811999,332444.22132365964,-1379434.4280575402,301.54983365781976,1428.4328132192022,0.9238804444120753,85.4
6821000,27284.000003723482,-1713510.290014008,331743.1685038243,-1381767.121510184,300.9139304065466,1428.4328132192022,0.9238804444120753,85.4
6822000,27288.000003724297,-1712003.6827736367,331681.4032792167,-1380322.27949442,300.8579050885787,1428.4328132192022,0.9238804444120753,85.4
6823000,27292.000003725112,-1713151.8754903972,332390.10638154356,-1380761.7691088538,301.50074767362514,1428.4328132192022,0.9238804444120753,85.4
6824000,27296.000003725927,-1712090.5750093255,331665.7936964527,-1380424.781312873,300.84374612059537,1428.4328132192022,0.9238804444120753,85.4
6825000,27300.000003726742,-1713213.8431677353,331314.1578116882,-1381899.685356047,300.52478812476477,1428.4328132192022,0.9238804444120753,85.4
6826000,27304.000003727557,-1713781.118453076,332575.7746189445,-1381205.3438341315,301.6691615683858,1428.4328132192022,0.9238804444120753,85.4
6827000,27308.00000372837,-1712527.2724127825,331173.51729643776,-1381353.755116345,300.3972174790473,1428.4328132192022,0.9238804444120753,85.4
6828000,27312.000003729187,-1713170.5027245395,332409.57238883903,-1380760.9303357005,301.51840468459244,1428.4328132192022,0.9238804444120753,85.4
6829000,27316.00000373,-1714913.4891735371,331252.3482682496,-1383661.1409052876,300.468722606561,1428.4328132192022,0.9238804444120753,85.4
6830000,27320.000003730816,-1714676.5278039537,331285.42760758556,-1383391.100196368,300.49872784844655,1428.4328132192022,0.9238804444120753,85.4
6831000,27324.00000373163,-1714674.2291253917,331641.90258974023,-1383032.3265356515,300.8220752393078,1428.4328132192022,0.9238804444120753,85.4
6832000,27328.000003732446,-1714767.4426983409,333148.2636211865,-1381619.1790771545,302.18844857150964,1428.4328132192022,0.9238804444120753,85.4
6833000,27332.00000373326,-1713212.1320351884,331344.10941457725,-1381868.0226206111,300.55195629400845,1428.4328132192022,0.9238804444120753,85.4
6834000,27336.000003734076,-1713342.3333972562,331012.7985776984,-1382329.5348195578,300.2514345181987,1428.4328132192022,0.9238804444120753,85.4
6835000,27340.00000373489,-1714708.3942558542,329513.3719262197,-1385195.0223296345,298.8913511468133,1428.4328132192022,0.9238804444120753,85.4
6836000,27344.000003735706,-1716830.8968125526,332524.3664229032,-1384306.5303896493,301.6225307895346,1428.4328132192022,0.9238804444120753,85.4
6837000,27348.00000373652,-1713939.8745019082,331778.02075996064,-1382161.8537419476,300.9455438062281,1428.4328132192022,0.9238804444120753,85.4
6838000,27352.000003737336,-1711333.4953185376,332275.5985033554,-1379057.8968151822,301.3968811317954,1428.4328132192022,0.9238804444120753,85.4
6839000,27356.00000373815,-1714780.3194184098,329880.5450456427,-1384899.7743727672,299.2244024859064,1428.4328132192022,0.9238804444120753,85.4
6840000,27360.000003738965,-1714479.677055724,331387.129707448,-1383092.547348276,300.5909786662652,1428.4328132192022,0.9238804444120753,85.4
6841000,27364.00000373978,-1713343.0511884727,331288.67425792984,-1382054.3769305428,300.50167278419354,1428.4328132192022,0.9238804444120753,85.4
6842000,27368.000003740595,-1711880.812468093,330539.8518527675,-1381340.9606153253,299.82243922490085,1428.4328132192022,0.9238804444120753,85.4
6843000,27372.00000374141,-1713194.9492865521,331590.9082266347,-1381604.0410599173,300.77581983546673,1428.4328132192022,0.9238804444120753,85.4
6844000,27376.000003742225,-1714403.4395869896,331469.6560252365,-1382933.783561753,300.66583572740586,1428.4328132192022,0.9238804444120753,85.4
6845000,27380.00000374304,-1713710.9899078645,332116.6462427698,-1381594.3436650946,301.252700470305,1428.4328132192022,0.9238804444120753,85.4
6846000,27384.000003743855,-1711792.909324875,330863.51203318423,-1380929.3972916908,300.1160213277202,1428.4328132192022,0.9238804444120753,85.4
6847000,27388.00000374467,-1712254.6167079676,331710.5976289448,-1380544.0190790228,300.88438637698613,1428.4328132192022,0.9238804444120753,85.4
6848000,27392.000003745485,-1710947.9532985985,332749.0700845728,-1378198.8832140258,301.8263525059386,1428.4328132192022,0.9238804444120753,85.4
6849000,27396.0000037463,-1711688.5536182653,331837.05774738634,-1379851.495870879,300.99909442493646,1428.4328132192022,0.9238804444120753,85.4
6850000,27400.000003747115,-1712595.7097121254,331779.7287642587,-1380815.9809478666,300.9470930839082,1428.4328132192022,0.9238804444120753,85.4
6851000,27404.00000374793,-1712722.6232668962,333414.9551997857,-1379307.6680671105,302.43035622400043,1428.4328132192022,0.9238804444120753,85.4
6852000,27408.000003748744,-1710113.3302162234,334060.32046315214,-1376053.0097530712,303.0157470214155,1428.4328132192022,0.9238804444120753,85.4
6853000,27412.00000374956,-1712714.7955308966,332694.0362965236,-1380020.759234373,301.7764330651201,1428.4328132192022,0.9238804444120753,85.4
6854000,27416.000003750374,-1708538.2122147437,330979.11591753666,-1377559.096297207,300.22088202272,1428.4328132192022,0.9238804444120753,85.4
6855000,27420.00000375119,-1712541.1762235723,332068.00874581526,-1380473.1674777572,301.20858290658924,1428.4328132192022,0.9238804444120753,85.4
6856000,27424.000003752004,-1713033.2631198224,331373.3360383285,-1381659.927081494,300.57846685718044,1428.4328132192022,0.9238804444120753,85.4
6857000,27428.00000375282,-1712724.0774881672,330647.6405768581,-1382076.4369113091,299.92021103062,1428.4328132192022,0.9238804444120753,85.4
6858000,27432.000003753634,-1708946.0015622787,331892.6938789261,-1377053.3076833526,301.0495602328376,1428.4328132192022,0.9238804444120753,85.4
6859000,27436.00000375445,-1710808.6141154263,332007.1058537826,-1378801.5082616438,301.1533397837322,1428.4328132192022,0.9238804444120753,85.4
6860000,27440.000003755264,-1712248.2143402267,332125.8370249558,-1380122.377315271,301.26103714353195,1428.4328132192022,0.9238804444120753,85.4
6861000,27444.00000375608,-1711350.4293571021,331615.8251679924,-1379734.6041891098,300.79842121951776,1428.4328132192022,0.9238804444120753,85.4
6862000,27448.000003756893,-1713084.6690746564,331630.0648769832,-1381454.6041976733,300.81133761752403,1428.4328132192022,0.9238804444120753,85.4
6863000,27452.00000375771,-1714376.2485733237,332565.0098538838,-1381811.2387194398,301.6593971841517,1428.4328132192022,0.9238804444120753,85.4
6864000,27456.000003758523,-1712396.7438554931,332478.8494625776,-1379917.8943929155,301.58124376772946,1428.4328132192022,0.9238804444120753,85.4
6865000,27460.000003759338,-1712629.1954004671,331021.61671933817,-1381607.578681129,300.2594331807535,1428.4328132192022,0.9238804444120753,85.4
6866000,27464.000003760153,-1710709.521959832,330646.0281272052,-1380063.4938326268,299.9187484275924,1428.4328132192022,0.9238804444120753,85.4
6867000,27468.000003760968,-1710185.577443527,331624.45312536805,-1378561.124318159,300.80624737183007,1428.4328132192022,0.9238804444120753,85.4
6868000,27472.000003761783,-1711722.899137698,330653.3646128735,-1381069.5345248245,299.925403126008,1428.4328132192022,0.9238804444120753,85.4
6869000,27476.000003762598,-1711394.702002136,331340.87780146394,-1380053.824200672,300.54902499806684,1428.4328132192022,0.9238804444120753,85.4
6870000,27480.000003763413,-1710772.7532142214,330966.83921267255,-1379805.914001549,300.20974620482275,1428.4328132192022,0.9238804444120753,85.4
6871000,27484.000003764228,-1712697.2118255403,331331.8961685144,-1381365.315657026,300.54087803761996,1428.4328132192022,0.9238804444120753,85.4
6872000,27488.000003765042,-1714213.8091728296,331360.3066722439,-1382853.5025005857,300.5666483236537,1428.4328132192022,0.9238804444120753,85.4
6873000,27492.000003765857,-1711755.9931911808,331417.1347351121,-1380338.8584560687,300.6181952954638,1428.4328132192022,0.9238804444120753,85.4
6874000,27496.000003766672,-1714058.529256694,331492.4158748857,-1382566.1133818084,300.68648048052705,1428.4328132192022,0.9238804444120753,85.4
6875000,27500.000003767487,-1714135.1813150644,331145.2538044737,-1382989.9275105908,300.3715805428225,1428.4328132192022,0.9238804444120753,85.4
6876000,27504.000003768302,-1713984.6560316216,331647.2222081779,-1382337.4338234437,300.8269005000647,1428.4328132192022,0.9238804444120753,85.4
6877000,27508.000003769117,-1714042.3157048915,331540.69684483693,-1382501.6188600545,300.73027464966515,1428.4328132192022,0.9238804444120753,85.4
6878000,27512.000003769932,-1714269.9519506376,332725.83121576934,-1381544.1207348683,301.8052732494119,1428.4328132192022,0.9238804444120753,85.4
6879000,27516.000003770747,-1711686.7539942767,332844.7861156693,-1378841.9678786076,301.913173546595,1428.4328132192022,0.9238804444120753,85.4
6880000,27520.00000377156,-1712203.202000536,332448.1522368381,-1379755.049763698,301.55339926714333,1428.4328132192022,0.9238804444120753,85.4
6881000,27524.000003772377,-1712962.7399002202,332943.6777931624,-1380019.0621070578,302.00287511752157,1428.4328132192022,0.9238804444120753,85.4
6882000,27528.00000377319,-1713484.5657315534,331965.78277087945,-1381518.7829606738,301.1158568979534,1428.4328132192022,0.9238804444120753,85.4
6883000,27532.000003774006,-1711937.889714893,331378.98336801596,-1380558.906346877,300.5835893746394,1428.4328132192022,0.9238804444120753,85.4
6884000,27536.00000377482,-1713207.1674842797,331400.5050409536,-1381806.662443326,300.6031110161002,1428.4328132192022,0.9238804444120753,85.4
6885000,27540.000003775636,-1711079.397818353,331957.3212804652,-1379122.0765378878,301.10818174265444,1428.4328132192022,0.9238804444120753,85.4
6886000,27544.00000377645,-1711741.8359040506,332323.6805147613,-1379418.1553892894,301.440494831813,1428.4328132192022,0.9238804444120753,85.4
6887000,27548.000003777266,-1712923.9080555458,332366.9550532332,-1380556.9530023127,301.4797478223624,1428.4328132192022,0.9238804444120753,85.4
6888000,27552.00000377808,-1715210.1661583614,332023.73256621626,-1383186.433592145,301.1684213584657,1428.4328132192022,0.9238804444120753,85.4
6889000,27556.000003778896,-1715677.2184781842,332566.1718718755,-1383111.0466063088,301.6604512146013,1428.4328132192022,0.9238804444120753,85.4
6890000,27560.00000377971,-1711907.5269184355,330438.5053072612,-1381469.0216111743,299.73051091940187,1428.4328132192022,0.9238804444120753,85.4
6891000,27564.000003780526,-1712495.468036687,332630.269001442,-1379865.199035245,301.7185917311721,1428.4328132192022,0.9238804444120753,85.4
6892000,27568.00000378134,-1714436.5022950768,332399.4701251026,-1382037.0321699742,301.50924123474465,1428.4328132192022,0.9238804444120753,85.4
6893000,27572.000003782156,-1712405.9992468506,331639.0832567127,-1380766.915990138,300.81951790983436,1428.4328132192022,0.9238804444120753,85.4
6894000,27576.00000378297,-1712273.9445070922,332462.2563089835,-1379811.6881981087,301.5661926331775,1428.4328132192022,0.9238804444120753,85.4
6895000,27580.000003783785,-1710850.6868900098,331581.72510352364,-1379268.9617864862,300.7674901095489,1428.4328132192022,0.9238804444120753,85.4
6896000,27584.0000037846,-1712350.3711691163,332210.7865447406,-1380139.5846243757,301.3380922159842,1428.4328132192022,0.9238804444120753,85.4
6897000,27588.000003785415,-1713293.2935859691,331575.4630911479,-1381717.8304948213,300.76181003250394,1428.4328132192022,0.9238804444120753,85.4
6898000,27592.00000378623,-1715118.1055019647,331423.665723854,-1383694.4397781107,300.6241193526211,1428.4328132192022,0.9238804444120753,85.4
6899000,27596.000003787045,-1713134.907427663,331401.1240473592,-1381733.7833803038,300.6036724975959,1428.4328132192022,0.9238804444120753,85.4
6900000,27600.00000378786,-1712645.7782169115,330669.7797941551,-1381975.9984227563,299.94029282739973,1428.4328132192022,0.9238804444120753,85.4
6901000,27604.000003788675,-1714415.654036453,332936.11321422766,-1381479.5408222254,301.9960135227843,1428.4328132192022,0.9238804444120753,85.4
6902000,27608.00000378949,-1712961.3347419072,331520.2374974119,-1381441.0972444953,300.7117166107009,1428.4328132192022,0.9238804444120753,85.4
6903000,27612.000003790305,-1713312.8003375717,330241.6966121697,-1383071.103725402,299.5519918612845,1428.4328132192022,0.9238804444120753,85.4
6904000,27616.00000379112,-1715351.78972001,332068.2998230413,-1383283.4898969687,301.2088469337056,1428.4328132192022,0.9238804444120753,85.4
6905000,27620.000003791934,-1711252.0942434743,333100.469093553,-1378151.6251499213,302.14509563909814,1428.4328132192022,0.9238804444120753,85.4
6906000,27624.00000379275,-1713935.6423754059,333786.64545328345,-1380148.9969221223,302.767504915195,1428.4328132192022,0.9238804444120753,85.4
6907000,27628.000003793564,-1714544.7852588408,332619.6437787082,-1381925.1414801325,301.70895392145115,1428.4328132192022,0.9238804444120753,85.4
6908000,27632.00000379438,-1714846.6130374055,332301.57868668286,-1382545.0343507226,301.4204469496328,1428.4328132192022,0.9238804444120753,85.4
6909000,27636.000003795194,-1712036.8428037632,332905.4838011265,-1379131.3590026367,301.96823053293735,1428.4328132192022,0.9238804444120753,85.4
6910000,27640.00000379601,-1713740.663561657,331076.2377194887,-1382664.4258421683,300.3089781944825,1428.4328132192022,0.9238804444120753,85.4
6911000,27644.000003796824,-1710204.0993301999,330446.79917568987,-1379757.30015451,299.73803403000096,1428.4328132192022,0.9238804444120753,85.4
6912000,27648.00000379764,-1712494.8376733884,331352.72860786837,-1381142.10906552,300.5597744966918,1428.4328132192022,0.9238804444120753,85.4
6913000,27652.000003798454,-1715031.3850189485,331728.7776669715,-1383302.607351977,300.9008769251479,1428.4328132192022,0.9238804444120753,85.4
6914000,27656.00000379927,-1712401.0780770127,330627.5345856637,-1381773.543491349,299.9019735101239,1428.4328132192022,0.9238804444120753,85.4
6915000,27660.000003800084,-1712187.0742402766,330592.2738044199,-1381594.8004358567,299.8699895499986,1428.4328132192022,0.9238804444120753,85.4
6916000,27664.0000038009,-1710269.8167496547,332398.10435013135,-1377871.7123995232,301.5080023826637,1428.4328132192022,0.9238804444120753,85.4
6917000,27668.000003801713,-1712580.5576945003,333354.1200122407,-1379226.4376822596,302.37517451378244,1428.4328132192022,0.9238804444120753,85.4
6918000,27672.00000380253,-1711611.7729976904,330524.0409265675,-1381087.7320711229,299.80809762453674,1428.4328132192022,0.9238804444120753,85.4
6919000,27676.000003803343,-1712838.8303683642,331131.67596420395,-1381707.1544041603,300.35926450538784,1428.4328132192022,0.9238804444120753,85.4
6920000,27680.000003804158,-1712865.2955754064,332487.7638911529,-1380377.5316842534,301.5893297691745,1428.4328132192022,0.9238804444120753,85.4
6921000,27684.000003804973,-1713308.3651993573,333039.06089816056,-1380269.3043011967,302.0893941712486,1428.4328132192022,0.9238804444120753,85.4
6922000,27688.000003805788,-1711712.8173480593,331421.3349054231,-1380291.482442636,300.6220051395741,1428.4328132192022,0.9238804444120753,85.4
6923000,27692.000003806603,-1713699.9611701127,330892.83699087997,-1382807.1241792329,300.14262108656084,1428.4328132192022,0.9238804444120753,85.4
6924000,27696.000003807418,-1714103.762152532,330379.70166743157,-1383724.0604851006,299.67717196305455,1428.4328132192022,0.9238804444120753,85.4
6925000,27700.000003808233,-1712914.0430645216,330738.89628314355,-1382175.146781378,300.00298624909465,1428.4328132192022,0.9238804444120753,85.4
6926000,27704.000003809047,-1714219.1610425003,332367.8164467038,-1381851.3445957964,301.4805291656408,1428.4328132192022,0.9238804444120753,85.4
6927000,27708.000003809862,-1712644.2282150239,331172.14962828776,-1381472.0785867362,300.39597690972266,1428.4328132192022,0.9238804444120753,85.4
6928000,27712.000003810677,-1713000.0121213365,333505.58318344643,-1379494.42893789,302.5125620547675,1428.4328132192022,0.9238804444120753,85.4
6929000,27716.000003811492,-1712615.3943054937,333446.3092398064,-1379169.0850656873,302.45879650043264,1428.4328132192022,0.9238804444120753,85.4
6930000,27720.000003812307,-1713848.0332303103,332554.8947609758,-1381293.1384693345,301.65022209736054,1428.4328132192022,0.9238804444120753,85.4
6931000,27724.000003813122,-1712024.9147402924,331642.2389392866,-1380382.6758010057,300.8223803315406,1428.4328132192022,0.9238804444120753,85.4
6932000,27728.000003813937,-1715509.5228915215,331103.58064916026,-1384405.9422423611,300.33378011722715,1428.4328132192022,0.9238804444120753,85.4
6933000,27732.000003814752,-1713396.5968873575,331172.79978150764,-1382223.79710585,300.39656664352674,1428.4328132192022,0.9238804444120753,85.4
6934000,27736.000003815567,-1714353.8204954062,333236.5288473828,-1381117.2916480233,302.26851121832385,1428.4328132192022,0.9238804444120753,85.4
6935000,27740.00000381638,-1714925.4866771512,331801.5274664903,-1383123.9592106608,300.96686601004217,1428.4328132192022,0.9238804444120753,85.4
6936000,27744.000003817197,-1711504.788604578,332550.0579574625,-1378954.7306471155,301.6458347830344,1428.4328132192022,0.9238804444120753,85.4
6937000,27748.00000381801,-1712669.4189562183,330473.87641088164,-1382195.5425453368,299.7625949495305,1428.4328132192022,0.9238804444120753,85.4
6938000,27752.000003818826,-1711915.1853944734,331699.5205093647,-1380215.6648851086,300.8743386656634,1428.4328132192022,0.9238804444120753,85.4
6939000,27756.00000381964,-1715385.6806272436,330760.3926461479,-1384625.2879810957,300.0224849327006,1428.4328132192022,0.9238804444120753,85.4
6940000,27760.000003820456,-1716163.7016867585,330434.6412293215,-1385729.060457437,299.72700593424884,1428.4328132192022,0.9238804444120753,85.4
6941000,27764.00000382127,-1713028.060168445,330043.8083479267,-1382984.2518205184,299.37249355950115,1428.4328132192022,0.9238804444120753,85.4
6942000,27768.000003822086,-1715188.0052685887,330427.20414844604,-1384760.8011201427,299.7202599890434,1428.4328132192022,0.9238804444120753,85.4
6943000,27772.0000038229,-1712372.29475075,332938.73986516515,-1379433.5548855849,301.99839607631503,1428.4328132192022,0.9238804444120753,85.4
6944000,27776.000003823716,-1713119.911226865,332986.16062261455,-1380133.7506042505,302.0414099733948,1428.4328132192022,0.9238804444120753,85.4
6945000,27780.00000382453,-1712948.2923132312,331793.97844840086,-1381154.3138648304,300.96001853006464,1428.4328132192022,0.9238804444120753,85.4
6946000,27784.000003825346,-1712074.9539131857,332679.27231402317,-1379395.6815991625,301.7630411148874,1428.4328132192022,0.9238804444120753,85.4
6947000,27788.00000382616,-1710833.0415888485,332775.68641829083,-1378057.3551705577,301.85049535604827,1428.4328132192022,0.9238804444120753,85.4
6948000,27792.000003826975,-1712717.731886033,332437.16350159596,-1380280.568384437,301.5434317265099,1428.4328132192022,0.9238804444120753,85.4
6949000,27796.00000382779,-1712789.8181822896,331472.23042443144,-1381317.5877578582,300.66817088500284,1428.4328132192022,0.9238804444120753,85.4
6950000,27800.000003828605,-1711786.883331079,331773.68851383275,-1380013.1948172464,300.9416141602441,1428.4328132192022,0.9238804444120753,85.4
6951000,27804.00000382942,-1712732.7547211535,331612.60754581983,-1381120.1471753337,300.7955026143243,1428.4328132192022,0.9238804444120753,85.4
6952000,27808.000003830235,-1712472.3834750727,331669.16270092817,-1380803.2207741444,300.84680203997675,1428.4328132192022,0.9238804444120753,85.4
6953000,27812.00000383105,-1713777.582276605,331611.9713932632,-1382165.6108833419,300.7949255800871,1428.4328132192022,0.9238804444120753,85.4
6954000,27816.000003831865,-1711778.9321765192,330652.4129676963,-1381126.5192088229,299.9245399182081,1428.4328132192022,0.9238804444120753,85.4
6955000,27820.00000383268,-1713196.4671290014,330078.6713394419,-1383117.7957895594,299.4041166969115,1428.4328132192022,0.9238804444120753,85.4
6956000,27824.000003833495,-1710938.7368273921,331394.7815438418,-1379543.9552835503,300.5979194095349,1428.4328132192022,0.9238804444120753,85.4
6957000,27828.00000383431,-1714670.5946296714,331416.4416830163,-1383254.1529466552,300.61756664942095,1428.4328132192022,0.9238804444120753,85.4
6958000,27832.000003835125,-1712982.3534888998,331447.36430772184,-1381534.989181178,300.6456156024125,1428.4328132192022,0.9238804444120753,85.4
6959000,27836.00000383594,-1711996.2611643523,331822.95046694716,-1380173.3106974051,300.9862981487585,1428.4328132192022,0.9238804444120753,85.4
6960000,27840.000003836754,-1714862.5179123953,332410.0234193859,-1382452.4944930095,301.5188138004009,1428.4328132192022,0.9238804444120753,85.4
6961000,27844.00000383757,-1713018.517193796,330018.5458613794,-1382999.9713324166,299.3495787421348,1428.4328132192022,0.9238804444120753,85.4
6962000,27848.000003838384,-1714171.209378628,331173.41709294816,-1382997.7922856798,300.39712658757236,1428.4328132192022,0.9238804444120753,85.4
6963000,27852.0000038392,-1713173.3880626895,331845.88875433325,-1381327.499308356,301.00710475721195,1428.4328132192022,0.9238804444120753,85.4
6964000,27856.000003840014,-1711013.2283399347,331498.43228002056,-1379514.7960599142,300.6919377748678,1428.4328132192022,0.9238804444120753,85.4
6965000,27860.00000384083,-1714396.0939710941,331073.87018066744,-1383322.2237904267,300.3068306735093,1428.4328132192022,0.9238804444120753,85.4
6966000,27864.000003841644,-1711948.8590702657,332113.00905012025,-1379835.8500201455,301.2494012857558,1428.4328132192022,0.9238804444120753,85.4
6967000,27868.00000384246,-1713293.7787419185,331609.7862775804,-1381683.992464338,300.79294352948017,1428.4328132192022,0.9238804444120753,85.4
6968000,27872.000003843274,-1713327.1054059658,331459.5906882038,-1381867.514717762,300.65670577262483,1428.4328132192022,0.9238804444120753,85.4
6969000,27876.00000384409,-1716648.619015932,330190.4811929198,-1386458.1378230122,299.50553594427674,1428.4328132192022,0.9238804444120753,85.4
6970000,27880.000003844903,-1711598.5228035282,330924.7331041776,-1380673.7896993507,300.1715530608359,1428.4328132192022,0.9238804444120753,85.4
6971000,27884.00000384572,-1712598.6831657644,331533.10945411527,-1381065.573711649,300.72339236306414,1428.4328132192022,0.9238804444120753,85.4
6972000,27888.000003846533,-1712678.8484583143,330038.6452068576,-1382640.2032514568,299.367810234508,1428.4328132192022,0.9238804444120753,85.4
6973000,27892.000003847348,-1714612.860009715,331495.3924375363,-1383117.4675721787,300.68918042811106,1428.4328132192022,0.9238804444120753,85.4
6974000,27896.000003848163,-1712875.8953364883,331058.21536910447,-1381817.6799673839,300.2926306798864,1428.4328132192022,0.9238804444120753,85.4
6975000,27900.000003848978,-1713129.4646226298,330803.11894907535,-1382326.3456735546,300.0612406358056,1428.4328132192022,0.9238804444120753,85.4
6976000,27904.000003849793,-1715154.7842919063,333932.85756361485,-1381221.9267282914,302.90012938186084,1428.4328132192022,0.9238804444120753,85.4
6977000,27908.000003850608,-1712162.9732219018,331218.69296644937,-1380944.2802554525,300.43819492700277,1428.4328132192022,0.9238804444120753,85.4
6978000,27912.000003851423,-1711884.4136781655,333110.44436084013,-1378773.9693173254,302.15414389440895,1428.4328132192022,0.9238804444120753,85.4
6979000,27916.000003852238,-1711302.2834115643,332149.6007037624,-1379152.682707802,301.28259243892165,1428.4328132192022,0.9238804444120753,85.4
6980000,27920.000003853052,-1711458.528040599,332976.8185983995,-1378481.7094421997,302.03293611321806,1428.4328132192022,0.9238804444120753,85.4
6981000,27924.000003853867,-1711488.074395176,332158.2600790631,-1379329.814316113,301.29044708945855,1428.4328132192022,0.9238804444120753,85.4
6982000,27928.000003854682,-1713095.9435875453,332350.9766673759,-1380744.9669201695,301.4652543245413,1428.4328132192022,0.9238804444120753,85.4
6983000,27932.000003855497,-1709721.780972954,331244.8384123747,-1378476.9425605792,300.4619106494127,1428.4328132192022,0.9238804444120753,85.4
6984000,27936.000003856312,-1714367.7141048051,333267.7951996421,-1381099.9189051632,302.29687195590964,1428.4328132192022,0.9238804444120753,85.4
6985000,27940.000003857127,-1711341.1311592013,332265.0653368473,-1379076.065822354,301.3873268234193,1428.4328132192022,0.9238804444120753,85.4
6986000,27944.000003857942,-1711589.1993979272,330965.6427161903,-1380623.5566817368,300.2086609000046,1428.4328132192022,0.9238804444120753,85.4
6987000,27948.000003858757,-1711979.7789237667,332985.085245844,-1378994.6936779227,302.04043453250733,1428.4328132192022,0.9238804444120753,85.4
6988000,27952.00000385957,-1710645.8863335326,331304.9973707681,-1379340.8889627645,300.5164789731583,1428.4328132192022,0.9238804444120753,85.4
6989000,27956.000003860387,-1712615.1124671362,330588.25903473014,-1382026.8534324062,299.86634787703673,1428.4328132192022,0.9238804444120753,85.4
6990000,27960.0000038612,-1711621.269826645,332018.3409795566,-1379602.9288470885,301.1635308175687,1428.4328132192022,0.9238804444120753,85.4
6991000,27964.000003862016,-1712949.7958987933,332032.6496558001,-1380917.1462429932,301.17650977362905,1428.4328132192022,0.9238804444120753,85.4
6992000,27968.00000386283,-1713580.0333703365,332396.37342854025,-1381183.6599417962,301.50643231741844,1428.4328132192022,0.9238804444120753,85.4
6993000,27972.000003863646,-1714609.6149024367,332347.5479190694,-1382262.0669833673,301.46214421338533,1428.4328132192022,0.9238804444120753,85.4
6994000,27976.00000386446,-1713157.9846255016,331264.25556542265,-1381893.729060079,300.4795233462085,1428.4328132192022,0.9238804444120753,85.4
6995000,27980.000003865276,-1713535.1686291955,332502.56394234044,-1381032.604686855,301.6027544361937,1428.4328132192022,0.9238804444120753,85.4
6996000,27984.00000386609,-1712186.306860244,332089.03190067236,-1380097.2749595717,301.2276523577738,1428.4328132192022,0.9238804444120753,85.4
6997000,27988.000003866906,-1713013.5568057913,330742.0793996481,-1382271.4774061432,300.00587355526784,1428.4328132192022,0.9238804444120753,85.4
6998000,27992.00000386772,-1712365.796684144,332094.2847769707,-1380271.5119071733,301.2324170788079,1428.4328132192022,0.9238804444120753,85.4
6999000,27996.000003868536,-1712560.7321590446,331773.6158220574,-1380787.1163369871,300.94154822379113,1428.4328132192022,0.9238804444120753,85.4
7000000,28000.00000386935,-1711290.9880539682,332217.4245713295,-1379073.5634826387,301.34411336384994,1428.4328132192022,0.9238804444120753,85.4
7001000,28004.000003870166,-1712895.2258854508,332226.48652142915,-1380668.7393640217,301.3523331774905,1428.4328132192022,0.9238804444120753,85.4
7002000,28008.00000387098,-1710353.289814854,332240.4501687583,-1378112.8396460959,301.36499916853285,1428.4328132192022,0.9238804444120753,85.4
7003000,28012.000003871795,-1713312.9671748504,333537.5854939477,-1379775.3816809026,302.54159035722955,1428.4328132192022,0.9238804444120753,85.4
7004000,28016.00000387261,-1714289.5309557337,331032.39122569485,-1383257.1397300388,300.26920640101486,1428.4328132192022,0.9238804444120753,85.4
7005000,28020.000003873425,-1712288.9234695882,332119.55115664715,-1380169.3723129411,301.25533542751083,1428.4328132192022,0.9238804444120753,85.4
7006000,28024.00000387424,-1713738.7622747999,331027.9578343043,-1382710.8044404956,300.2651850093028,1428.4328132192022,0.9238804444120753,85.4
7007000,28028.000003875055,-1711642.6927461047,332557.8534863568,-1379084.8392597479,301.65290586531097,1428.4328132192022,0.9238804444120753,85.4
7008000,28032.00000387587,-1715264.5833127797,333605.9136060712,-1381658.6697067085,302.6035686667425,1428.4328132192022,0.9238804444120753,85.4
7009000,28036.000003876685,-1713908.392113531,331654.1946085508,-1382254.1975049803,300.8332249480105,1428.4328132192022,0.9238804444120753,85.4
7010000,28040.0000038775,-1712976.3078130968,331959.0545659538,-1381017.253247143,301.1097539521176,1428.4328132192022,0.9238804444120753,85.4
7011000,28044.000003878315,-1711658.1758644208,329869.8006823228,-1381788.375182098,299.2146566074581,1428.4328132192022,0.9238804444120753,85.4
7012000,28048.00000387913,-1713427.6298504956,331924.02940267266,-1381503.6004478228,301.07798371373235,1428.4328132192022,0.9238804444120753,85.4
7013000,28052.000003879944,-1712721.8706206214,331632.68994892726,-1381089.1806716942,300.81371873879885,1428.4328132192022,0.9238804444120753,85.4
7014000,28056.00000388076,-1713029.0408651326,332176.0921484178,-1380852.9487167147,301.30662200603933,1428.4328132192022,0.9238804444120753,85.4
7015000,28060.000003881574,-1710168.0411801692,331313.7089433438,-1378854.3322368255,300.52438097022304,1428.4328132192022,0.9238804444120753,85.4
7016000,28064.00000388239,-1711018.473886937,331901.18327567057,-1379117.2906112664,301.0572607011025,1428.4328132192022,0.9238804444120753,85.4
7017000,28068.000003883204,-1714000.5781881586,331582.2254996625,-1382418.352688496,300.7679440033535,1428.4328132192022,0.9238804444120753,85.4
7018000,28072.00000388402,-1712135.767766023,329670.67550832883,-1382465.0922576943,299.03403634323485,1428.4328132192022,0.9238804444120753,85.4
7019000,28076.000003884834,-1714091.3098708075,331292.18163220386,-1382799.1282386035,300.5048542145241,1428.4328132192022,0.9238804444120753,85.4
7020000,28080.00000388565,-1712664.4922378846,331993.54337607767,-1380670.948861807,301.1410376812031,1428.4328132192022,0.9238804444120753,85.4
7021000,28084.000003886464,-1710675.9836341515,332350.8177759274,-1378325.165858224,301.4651101990406,1428.4328132192022,0.9238804444120753,85.4
7022000,28088.00000388728,-1712243.0377563424,332721.5174169735,-1379521.5203393688,301.8013603364302,1428.4328132192022,0.9238804444120753,85.4
7023000,28092.000003888093,-1710875.0169947632,330315.58461276756,-1380559.4323819955,299.61901337304636,1428.4328132192022,0.9238804444120753,85.4
7024000,28096.00000388891,-1713354.0734968912,330423.42388295336,-1382930.6496139378,299.7168310275594,1428.4328132192022,0.9238804444120753,85.4
7025000,28100.000003889723,-1713173.884192545,331235.52959663986,-1381938.3545959052,300.45346691161745,1428.4328132192022,0.9238804444120753,85.4
7026000,28104.00000389054,-1713503.675238952,332716.75060635916,-1380786.9246325928,301.79703651049,1428.4328132192022,0.9238804444120753,85.4
7027000,28108.000003891353,-1711496.8669378497,331838.2852156761,-1379658.5817221736,301.0002078233199,1428.4328132192022,0.9238804444120753,85.4
7028000,28112.000003892168,-1711278.9777677618,331078.5256417027,-1380200.4521260592,300.3110534977027,1428.4328132192022,0.9238804444120753,85.4
7029000,28116.000003892983,-1713156.2682290673,333124.85934652353,-1380031.408882544,302.16721928046223,1428.4328132192022,0.9238804444120753,85.4
7030000,28120.000003893798,-1713330.0984022506,331569.47103849845,-1381760.627363752,300.7563748275468,1428.4328132192022,0.9238804444120753,85.4
7031000,28124.000003894613,-1713327.657970395,331190.5657107189,-1382137.092259676,300.41268156643656,1428.4328132192022,0.9238804444120753,85.4
7032000,28128.000003895428,-1713848.1986756064,331204.31157848256,-1382643.8870971238,300.4251500163952,1428.4328132192022,0.9238804444120753,85.4
7033000,28132.000003896243,-1713019.4022670835,332186.79667322047,-1380832.605593863,301.31633174820536,1428.4328132192022,0.9238804444120753,85.4
7034000,28136.000003897057,-1711069.1729693133,332297.59198976785,-1378771.5809795456,301.4168307406135,1428.4328132192022,0.9238804444120753,85.4
7035000,28140.000003897872,-1712783.9344695322,331967.01570241275,-1380816.9187671195,301.11697525187543,1428.4328132192022,0.9238804444120753,85.4
7036000,28144.000003898687,-1711600.4933798555,331795.19748693693,-1379805.2958929185,300.96112428208016,1428.4328132192022,0.9238804444120753,85.4
7037000,28148.000003899502,-1712322.7549939565,332826.73259822675,-1379496.0223957298,301.8967977613277,1428.4328132192022,0.9238804444120753,85.4
7038000,28152.000003900317,-1710439.889172975,333763.3744774183,-1376676.5146955566,302.74639653534933,1428.4328132192022,0.9238804444120753,85.4
7039000,28156.000003901132,-1709592.6053006072,332425.72451171867,-1377166.8807888885,301.53305577387346,1428.4328132192022,0.9238804444120753,85.4
7040000,28160.000003901947,-1713512.3078036252,331633.1358338353,-1381879.17196979,300.81412318715803,1428.4328132192022,0.9238804444120753,85.4
7041000,28164.00000390276,-1711460.6017919425,329247.5016523081,-1382213.1001396345,298.65018847431026,1428.4328132192022,0.9238804444120753,85.4
7042000,28168.000003903577,-1713620.4627734572,331175.8258485022,-1382444.636924955,300.3993114949645,1428.4328132192022,0.9238804444120753,85.4
7043000,28172.00000390439,-1713457.6599439643,332494.1024262017,-1380963.5575177628,301.59507925756077,1428.4328132192022,0.9238804444120753,85.4
7044000,28176.000003905207,-1712564.5673073009,331225.0308916157,-1381339.5364156852,300.44394386218363,1428.4328132192022,0.9238804444120753,85.4
7045000,28180.00000390602,-1710999.5982223917,331875.8614033003,-1379123.7368190913,301.0342920166996,1428.4328132192022,0.9238804444120753,85.4
7046000,28184.000003906836,-1712043.631600082,331730.4884174818,-1380313.1431826001,300.9024286938319,1428.4328132192022,0.9238804444120753,85.4
7047000,28188.00000390765,-1712989.6585019678,332100.86001114815,-1380888.7984908195,301.2383812696263,1428.4328132192022,0.9238804444120753,85.4
7048000,28192.000003908466,-1711444.177282298,331336.5681198972,-1380107.6091624007,300.54511581969587,1428.4328132192022,0.9238804444120753,85.4
7049000,28196.00000390928,-1711245.8441832885,330935.64636693575,-1380310.1978163528,300.1814521427218,1428.4328132192022,0.9238804444120753,85.4
7050000,28200.000003910096,-1711083.5782067738,332750.0306550084,-1378333.5475517656,301.82722380956335,1428.4328132192022,0.9238804444120753,85.4
7051000,28204.00000391091,-1713294.2869238555,331433.88083037885,-1381860.4060934768,300.6333851586595,1428.4328132192022,0.9238804444120753,85.4
7052000,28208.000003911726,-1709539.3096355908,332784.1416513013,-1376755.1679842896,301.8581648354505,1428.4328132192022,0.9238804444120753,85.4
7053000,28212.00000391254,-1710736.6283661798,332058.09206706344,-1378678.5362991164,301.1995877951202,1428.4328132192022,0.9238804444120753,85.4
7054000,28216.000003913356,-1710668.058980111,330791.02871668927,-1379877.0302634218,300.05027396130487,1428.4328132192022,0.9238804444120753,85.4
7055000,28220.00000391417,-1710520.7341222763,331822.5044641999,-1378698.2296580765,300.98589359351104,1428.4328132192022,0.9238804444120753,85.4
7056000,28224.000003914985,-1713587.7169745658,331773.05444186163,-1381814.6625327042,300.94103901324155,1428.4328132192022,0.9238804444120753,85.4
7057000,28228.0000039158,-1713904.1834887415,333847.8583493803,-1380056.3251393612,302.8230292331159,1428.4328132192022,0.9238804444120753,85.4
7058000,28232.000003916615,-1714184.779757522,332674.56578497775,-1381510.2139725443,301.7587719684871,1428.4328132192022,0.9238804444120753,85.4
7059000,28236.00000391743,-1712624.6501637548,331435.0153980532,-1381189.6347657016,300.6344142897784,1428.4328132192022,0.9238804444120753,85.4
7060000,28240.000003918245,-1714238.5680906363,331608.156710284,-1382630.4113803522,300.79146539956946,1428.4328132192022,0.9238804444120753,85.4
7061000,28244.00000391906,-1712624.9068825878,332673.7228201998,-1379951.184062388,301.75800734130377,1428.4328132192022,0.9238804444120753,85.4
7062000,28248.000003919875,-1712835.5488924347,331670.51336385275,-1381165.035528582,300.8480271843893,1428.4328132192022,0.9238804444120753,85.4
7063000,28252.00000392069,-1711945.9011134636,332700.2638972565,-1379245.637216207,301.78208192843204,1428.4328132192022,0.9238804444120753,85.4
7064000,28256.000003921505,-1713115.364232801,330643.55077644263,-1382471.8134563584,299.91650129961596,1428.4328132192022,0.9238804444120753,85.4
7065000,28260.00000392232,-1710725.240478946,330628.00694299774,-1380097.2335359482,299.902401970799,1428.4328132192022,0.9238804444120753,85.4
7066000,28264.000003923134,-1711730.7948853727,333203.19141115306,-1378527.6034742198,302.2382718647576,1428.4328132192022,0.9238804444120753,85.4
7067000,28268.00000392395,-1711266.2435401734,333629.916860698,-1377636.3266794754,302.62534127392195,1428.4328132192022,0.9238804444120753,85.4
7068000,28272.000003924764,-1710930.890718026,332459.11418488616,-1378471.7765331399,301.56334250994445,1428.4328132192022,0.9238804444120753,85.4
7069000,28276.00000392558,-1713459.5103261173,332194.22892097384,-1381265.2814051434,301.32307330943576,1428.4328132192022,0.9238804444120753,85.4
7070000,28280.000003926394,-1713534.659843048,330844.9391534827,-1382689.7206895654,300.0991744450694,1428.4328132192022,0.9238804444120753,85.4
7071000,28284.00000392721,-1712713.8458752222,330993.1720796677,-1381720.6737955546,300.23363193106735,1428.4328132192022,0.9238804444120753,85.4
7072000,28288.000003928024,-1711463.891878264,332350.09633464285,-1379113.7955436213,301.46445580204585,1428.4328132192022,0.9238804444120753,85.4
7073000,28292.00000392884,-1710544.6090128217,333369.5565171906,-1377175.0524956312,302.3891764882531,1428.4328132192022,0.9238804444120753,85.4
7074000,28296.000003929654,-1710310.4759537447,332014.985781933,-1378295.4901718118,301.1604874219541,1428.4328132192022,0.9238804444120753,85.4
7075000,28300.00000393047,-1712839.5511244833,333073.0567911088,-1379766.4943333745,302.12023079046486,1428.4328132192022,0.9238804444120753,85.4
7076000,28304.000003931284,-1712404.7802087348,332625.65324968117,-1379779.1269590536,301.71440492602886,1428.4328132192022,0.9238804444120753,85.4
7077000,28308.0000039321,-1713775.9460752923,331425.7376083996,-1382350.2084668926,300.6259986947784,1428.4328132192022,0.9238804444120753,85.4
7078000,28312.000003932913,-1712466.6521530915,331186.9993464984,-1381279.652806593,300.4094466281568,1428.4328132192022,0.9238804444120753,85.4
7079000,28316.00000393373,-1711112.1006948892,333051.7939684272,-1378060.306726462,302.1009439440363,1428.4328132192022,0.9238804444120753,85.4
7080000,28320.000003934543,-1711567.8317819536,331726.3236854706,-1379841.508096483,300.89865099470325,1428.4328132192022,0.9238804444120753,85.4
7081000,28324.000003935358,-1711208.8094832208,334434.8347181729,-1376773.974765048,303.3554572767309,1428.4328132192022,0.9238804444120753,85.4
7082000,28328.000003936173,-1709556.1264336687,332813.3680139304,-1376742.7584197382,301.8846751617667,1428.4328132192022,0.9238804444120753,85.4
7083000,28332.000003936988,-1711329.0801765695,332437.9780779466,-1378891.1020986228,301.544170603432,1428.4328132192022,0.9238804444120753,85.4
7084000,28336.000003937803,-1710208.3354547154,330057.2869209724,-1380151.048533743,299.38471955471823,1428.4328132192022,0.9238804444120753,85.4
7085000,28340.000003938618,-1711919.7916258369,331925.33475891,-1379994.456866927,301.0791677618553,1428.4328132192022,0.9238804444120753,85.4
7086000,28344.000003939433,-1712453.4868893214,331550.86515966034,-1380902.621729661,300.7394980124036,1428.4328132192022,0.9238804444120753,85.4
7087000,28348.000003940248,-1712148.0876634754,333043.2344162579,-1379104.8532472176,302.0931798399632,1428.4328132192022,0.9238804444120753,85.4
7088000,28352.000003941062,-1712389.338257961,331881.5746051646,-1380507.7636527964,301.0394742847654,1428.4328132192022,0.9238804444120753,85.4
7089000,28356.000003941877,-1714924.2643898278,331806.11428633105,-1383118.1501034969,300.9710265719388,1428.4328132192022,0.9238804444120753,85.4
7090000,28360.000003942692,-1712310.629162861,331239.61172293976,-1381071.0174399214,300.45716968166954,1428.4328132192022,0.9238804444120753,85.4
7091000,28364.000003943507,-1714594.2095580846,332202.55821812974,-1382391.651339955,301.3306285563335,1428.4328132192022,0.9238804444120753,85.4
7092000,28368.000003944322,-1711338.0932652168,333107.78401220415,-1378230.3092530128,302.15173077474196,1428.4328132192022,0.9238804444120753,85.4
7093000,28372.000003945137,-1712043.4301525112,331778.6732587586,-1380264.7568937526,300.9461356676333,1428.4328132192022,0.9238804444120753,85.4
7094000,28376.000003945952,-1711850.1108260658,331377.9067548866,-1380472.204071179,300.58261281228926,1428.4328132192022,0.9238804444120753,85.4
7095000,28380.000003946767,-1714558.6704885326,332202.8045318271,-1382355.8659567055,301.3308519798425,1428.4328132192022,0.9238804444120753,85.4
7096000,28384.00000394758,-1712494.7188518345,332926.69084036653,-1379568.028011468,301.98746677993773,1428.4328132192022,0.9238804444120753,85.4
7097000,28388.000003948397,-1712511.4422935434,331261.7392616816,-1381249.7030318617,300.4772408851945,1428.4328132192022,0.9238804444120753,85.4
7098000,28392.00000394921,-1713016.3288129512,332293.16599636094,-1380723.1628165902,301.41281605938275,1428.4328132192022,0.9238804444120753,85.4
7099000,28396.000003950026,-1711106.5189288184,334000.7878975403,-1377105.7310312781,302.9617468791179,1428.4328132192022,0.9238804444120753,85.4
7100000,28400.00000395084,-1714194.7831742186,330852.3825307875,-1383342.400643431,300.10592610157045,1428.4328132192022,0.9238804444120753,85.4
7101000,28404.000003951656,-1713545.92369489,331780.91653603764,-1381765.0071588524,300.9481704748189,1428.4328132192022,0.9238804444120753,85.4
7102000,28408.00000395247,-1714157.742278425,332810.209699542,-1381347.532578883,301.88181035282327,1428.4328132192022,0.9238804444120753,85.4
7103000,28412.000003953286,-1715949.1975692622,331294.1164199428,-1384655.0811493194,300.50660920042367,1428.4328132192022,0.9238804444120753,85.4
7104000,28416.0000039541,-1713161.6446409672,331211.4441778483,-1381950.200463119,300.43161977587465,1428.4328132192022,0.9238804444120753,85.4
7105000,28420.000003954916,-1712810.9629725646,331160.02860334096,-1381650.9343692237,300.3849823042459,1428.4328132192022,0.9238804444120753,85.4
7106000,28424.00000395573,-1714625.9211995527,330507.98824114806,-1384117.9329584045,299.79353673188916,1428.4328132192022,0.9238804444120753,85.4
7107000,28428.000003956546,-1712868.4658352584,331958.2923880969,-1380910.1734471614,301.10906260424264,1428.4328132192022,0.9238804444120753,85.4
7108000,28432.00000395736,-1713438.448804699,331517.06684332667,-1381921.3819613722,300.7088406088015,1428.4328132192022,0.9238804444120753,85.4
7109000,28436.000003958176,-1714538.364451073,330191.62004786846,-1384346.7444032046,299.50656896424914,1428.4328132192022,0.9238804444120753,85.4
7110000,28440.00000395899,-1713637.589382546,330966.03354041284,-1382671.5558421332,300.20901540452513,1428.4328132192022,0.9238804444120753,85.4
7111000,28444.000003959805,-1715283.7979504168,332223.5425243081,-1383060.2554261088,301.34966276908756,1428.4328132192022,0.9238804444120753,85.4
7112000,28448.00000396062,-1712994.0168169662,331976.01674340817,-1381018.0000735582,301.12513981675824,1428.4328132192022,0.9238804444120753,85.4
7113000,28452.000003961435,-1713089.166887477,333248.0741280983,-1379841.0927593787,302.2789835840802,1428.4328132192022,0.9238804444120753,85.4
7114000,28456.00000396225,-1714020.9337491132,331263.14769418165,-1382757.7860549316,300.4785184305956,1428.4328132192022,0.9238804444120753,85.4
7115000,28460.000003963065,-1712570.9707587995,331993.66950330883,-1380577.3012554906,301.1411520872993,1428.4328132192022,0.9238804444120753,85.4
7116000,28464.00000396388,-1712519.2307233885,332527.02014621586,-1379992.2105771727,301.6249378995764,1428.4328132192022,0.9238804444120753,85.4
7117000,28468.000003964695,-1713072.9361230433,332001.5054879871,-1381071.4306350562,301.1482598657617,1428.4328132192022,0.9238804444120753,85.4
7118000,28472.00000396551,-1711646.09715062,331627.2805982357,-1380018.8165523843,300.80881208469987,1428.4328132192022,0.9238804444120753,85.4
7119000,28476.000003966325,-1714027.51021236,330099.1795576519,-1383928.330654708,299.4227190650479,1428.4328132192022,0.9238804444120753,85.4
7120000,28480.00000396714,-1713796.9375471529,332623.3782647434,-1381173.5592824095,301.7123413578103,1428.4328132192022,0.9238804444120753,85.4
7121000,28484.000003967954,-1713198.5516195577,330938.0763629202,-1382260.4752566374,300.18365631664904,1428.4328132192022,0.9238804444120753,85.4
7122000,28488.00000396877,-1712060.2565048654,332353.6345795662,-1379706.621925299,301.46766523418404,1428.4328132192022,0.9238804444120753,85.4
7123000,28492.000003969584,-1713236.2800191455,332258.56028303754,-1380977.7197361079,301.3814262910338,1428.4328132192022,0.9238804444120753,85.4
7124000,28496.0000039704,-1713898.2635664344,331390.8803219661,-1382507.3832444684,300.59438073227045,1428.4328132192022,0.9238804444120753,85.4
7125000,28500.000003971214,-1713682.7860069647,332186.83944411715,-1381495.9465628476,301.3163705443581,1428.4328132192022,0.9238804444120753,85.4
7126000,28504.00000397203,-1714464.2368158475,332375.63221210137,-1382088.604603746,301.4876186038213,1428.4328132192022,0.9238804444120753,85.4
7127000,28508.000003972844,-1714263.725193426,332842.4358112924,-1381421.2893821336,301.9110416584512,1428.4328132192022,0.9238804444120753,85.4
7128000,28512.00000397366,-1714219.0531166587,331765.89756373735,-1382453.1555529214,300.9345472312539,1428.4328132192022,0.9238804444120753,85.4
7129000,28516.000003974474,-1711508.859112857,332936.1305605022,-1378572.7285523547,301.9960292570514,1428.4328132192022,0.9238804444120753,85.4
7130000,28520.00000397529,-1714402.4190813843,330953.1738435804,-1383449.245237804,300.1973507727103,1428.4328132192022,0.9238804444120753,85.4
7131000,28524.000003976103,-1715938.138959162,331241.5493968462,-1384696.5895623157,300.4589272855221,1428.4328132192022,0.9238804444120753,85.4
7132000,28528.00000397692,-1712198.7329127043,331657.4111799207,-1380541.3217327837,300.83614260005356,1428.4328132192022,0.9238804444120753,85.4
7133000,28532.000003977733,-1713797.9209165499,332626.08925273456,-1381171.8316638153,301.7148004108645,1428.4328132192022,0.9238804444120753,85.4
7134000,28536.00000397855,-1713339.5515701994,330247.1777590742,-1383092.3738111253,299.55696363949966,1428.4328132192022,0.9238804444120753,85.4
7135000,28540.000003979363,-1714515.1322778203,332251.585022793,-1382263.5472550273,301.3750992489872,1428.4328132192022,0.9238804444120753,85.4
7136000,28544.000003980178,-1714576.8332511466,329660.38952082075,-1384916.443730326,299.02470624325684,1428.4328132192022,0.9238804444120753,85.4
7137000,28548.000003980993,-1715599.1119533982,332261.7312126064,-1383337.3807407918,301.38430254281593,1428.4328132192022,0.9238804444120753,85.4
7138000,28552.000003981808,-1715063.915106155,332653.8788223602,-1382410.0362837948,301.7400074668472,1428.4328132192022,0.9238804444120753,85.4
7139000,28556.000003982623,-1711621.4514016584,330751.2633553178,-1380870.1880463406,300.0142040363738,1428.4328132192022,0.9238804444120753,85.4
7140000,28560.000003983438,-1711952.2221542,332435.25391654286,-1379516.968237657,301.5416996011843,1428.4328132192022,0.9238804444120753,85.4
7141000,28564.000003984253,-1713284.8194276001,333960.8060959305,-1379324.0133316696,302.92548062796527,1428.4328132192022,0.9238804444120753,85.4
7142000,28568.000003985067,-1715064.264132386,331795.208780499,-1383269.0553518871,300.9611345261198,1428.4328132192022,0.9238804444120753,85.4
7143000,28572.000003985882,-1710876.464253569,332522.1908747476,-1378354.2733788216,301.6205574173345,1428.4328132192022,0.9238804444120753,85.4
7144000,28576.000003986697,-1712619.350322675,333015.2112597212,-1379604.1390629536,302.06776090454434,1428.4328132192022,0.9238804444120753,85.4
7145000,28580.000003987512,-1710948.0564165507,332136.6513076362,-1378811.4051089145,301.2708464436618,1428.4328132192022,0.9238804444120753,85.4
7146000,28584.000003988327,-1712245.847220648,332621.44955489115,-1379624.397665757,301.71059188497304,1428.4328132192022,0.9238804444120753,85.4
7147000,28588.000003989142,-1711987.696566617,332843.451271261,-1379144.245295356,301.9119627506675,1428.4328132192022,0.9238804444120753,85.4
7148000,28592.000003989957,-1714966.249823276,331887.6294316443,-1383078.6203916317,301.04496642991535,1428.4328132192022,0.9238804444120753,85.4
7149000,28596.00000399077,-1713027.250640612,332599.44321306644,-1380427.8074275455,301.6906306154096,1428.4328132192022,0.9238804444120753,85.4
7150000,28600.000003991587,-1715022.2383262347,332067.30446366314,-1382954.9338625716,301.2079440741109,1428.4328132192022,0.9238804444120753,85.4
7151000,28604.0000039924,-1713478.0193717238,331898.53772178665,-1381579.481649937,301.0548610012959,1428.4328132192022,0.9238804444120753,85.4
7152000,28608.000003993217,-1712834.116101304,332330.6393736318,-1380503.4767276724,301.4468069966823,1428.4328132192022,0.9238804444120753,85.4
7153000,28612.00000399403,-1713174.0197540633,330270.11417698226,-1382903.905577081,299.57776855220754,1428.4328132192022,0.9238804444120753,85.4
7154000,28616.000003994846,-1711851.9174485486,333948.50821819773,-1377903.409230351,302.9143256048161,1428.4328132192022,0.9238804444120753,85.4
7155000,28620.00000399566,-1713559.3886927273,333653.67260053917,-1379905.7160921881,302.6468893681225,1428.4328132192022,0.9238804444120753,85.4
7156000,28624.000003996476,-1711345.9518636093,330095.30982657115,-1381250.6420370382,299.419208952106,1428.4328132192022,0.9238804444120753,85.4
7157000,28628.00000399729,-1713554.505461838,333191.687147207,-1380362.818314631,302.2278367040396,1428.4328132192022,0.9238804444120753,85.4
7158000,28632.000003998106,-1710667.7145144548,331917.99554236024,-1378749.7189720946,301.0725105863419,1428.4328132192022,0.9238804444120753,85.4
7159000,28636.00000399892,-1711776.968080977,332622.73035288346,-1379154.2377280935,301.7117536570742,1428.4328132192022,0.9238804444120753,85.4
7160000,28640.000003999736,-1711047.2047208901,332466.7536401273,-1378580.4510807628,301.570272022655,1428.4328132192022,0.9238804444120753,85.4
7161000,28644.00000400055,-1714463.4252603333,333345.56053827866,-1381117.8647220547,302.36741048064874,1428.4328132192022,0.9238804444120753,85.4
7162000,28648.000004001366,-1712622.3116635326,331645.20013258344,-1380977.1115309491,300.8250663380608,1428.4328132192022,0.9238804444120753,85.4
7163000,28652.00000400218,-1713469.9695104845,332015.2682864326,-1381454.7012240519,301.1607436730163,1428.4328132192022,0.9238804444120753,85.4
7164000,28656.000004002995,-1712285.7806097511,332941.78634948743,-1379343.9942602636,302.00115944767686,1428.4328132192022,0.9238804444120753,85.4
7165000,28660.00000400381,-1712150.049500158,331344.0360194033,-1380806.0134807548,300.5518897195244,1428.4328132192022,0.9238804444120753,85.4
7166000,28664.000004004625,-1711857.032179743,333092.8396659914,-1378764.1925137516,302.1381752221845,1428.4328132192022,0.9238804444120753,85.4
7167000,28668.00000400544,-1710466.378089115,332980.36023762636,-1377486.0178514887,302.0361486242236,1428.4328132192022,0.9238804444120753,85.4
7168000,28672.000004006255,-1714366.3249343708,332413.1094248896,-1381953.2155094813,301.5216130201997,1428.4328132192022,0.9238804444120753,85.4
7169000,28676.00000400707,-1712670.2360969987,330920.9836558971,-1381749.2524411017,300.1681520526884,1428.4328132192022,0.9238804444120753,85.4
7170000,28680.000004007885,-1711147.950435657,332259.86943187204,-1378888.0810037851,301.38261377930394,1428.4328132192022,0.9238804444120753,85.4
7171000,28684.0000040087,-1711464.1822645888,331400.4629237608,-1380063.719340828,300.6030728129019,1428.4328132192022,0.9238804444120753,85.4
7172000,28688.000004009515,-1713896.2671343647,331250.50766279205,-1382645.7594715727,300.4670530504853,1428.4328132192022,0.9238804444120753,85.4
7173000,28692.00000401033,-1713733.7544838767,331746.6829231421,-1381987.0715607347,300.9171182272176,1428.4328132192022,0.9238804444120753,85.4
7174000,28696.000004011144,-1714589.9992458317,330930.6972953862,-1383659.3019504454,300.1769629935449,1428.4328132192022,0.9238804444120753,85.4
7175000,28700.00000401196,-1711966.121669786,331861.33452189027,-1380104.787147896,301.021115133506,1428.4328132192022,0.9238804444120753,85.4
7176000,28704.000004012774,-1712020.6118157692,331019.74872602127,-1381000.863089748,300.2577387820007,1428.4328132192022,0.9238804444120753,85.4
7177000,28708.00000401359,-1712817.9642915018,334216.36097400903,-1378601.6033174926,303.15728652511154,1428.4328132192022,0.9238804444120753,85.4
7178000,28712.000004014404,-1712569.2887351979,331765.89976593555,-1380803.3889692624,300.93454922879954,1428.4328132192022,0.9238804444120753,85.4
7179000,28716.00000401522,-1712282.3910755925,333573.88322333666,-1378708.5078522558,302.5745149008291,1428.4328132192022,0.9238804444120753,85.4
7180000,28720.000004016034,-1713189.08430285,331374.3417012892,-1381814.742601561,300.57937906283496,1428.4328132192022,0.9238804444120753,85.4
7181000,28724.00000401685,-1708749.0160961375,332661.6254737625,-1376087.390622375,301.747034213868,1428.4328132192022,0.9238804444120753,85.4
7182000,28728.000004017664,-1714645.8855277952,330781.551871387,-1383864.3336564081,300.0416778091049,1428.4328132192022,0.9238804444120753,85.4
7183000,28732.00000401848,-1714552.5814093985,332233.61314879835,-1382318.9682606002,301.35879751995725,1428.4328132192022,0.9238804444120753,85.4
7184000,28736.000004019294,-1711647.116251791,331960.24144442193,-1379686.874807369,301.1108305327338,1428.4328132192022,0.9238804444120753,85.4
7185000,28740.00000402011,-1715393.6801839098,330719.55966162257,-1384674.1205222872,299.98544659994707,1428.4328132192022,0.9238804444120753,85.4
7186000,28744.000004020923,-1713758.4307504129,332255.84461523115,-1381502.5861351816,301.37896299306453,1428.4328132192022,0.9238804444120753,85.4
7187000,28748.00000402174,-1713728.9480865523,332528.1335264234,-1381200.8145601288,301.6259478122019,1428.4328132192022,0.9238804444120753,85.4
7188000,28752.000004022553,-1713612.4003039487,332049.14683591045,-1381563.2534680383,301.19147385361305,1428.4328132192022,0.9238804444120753,85.4
7189000,28756.000004023368,-1713180.2718104254,332815.26355612295,-1380365.0082543024,301.8863945492495,1428.4328132192022,0.9238804444120753,85.4
7190000,28760.000004024183,-1714256.7542740311,331529.6338945441,-1382727.120379487,300.72023979086305,1428.4328132192022,0.9238804444120753,85.4
7191000,28764.000004024998,-1712526.5197308082,332319.07268557785,-1380207.4470452303,301.43631521299375,1428.4328132192022,0.9238804444120753,85.4
7192000,28768.000004025813,-1711222.1453412063,331290.36391808966,-1379931.7814231166,300.5032054224753,1428.4328132192022,0.9238804444120753,85.4
7193000,28772.000004026628,-1710054.9216911048,333056.3870336182,-1376998.5346574867,302.10511017089624,1428.4328132192022,0.9238804444120753,85.4
7194000,28776.000004027443,-1711834.0575053785,332589.98869271047,-1379244.068812668,301.6820547134754,1428.4328132192022,0.9238804444120753,85.4
7195000,28780.000004028258,-1712512.2617559321,330954.5469079915,-1381557.7148479405,300.1985962368159,1428.4328132192022,0.9238804444120753,85.4
7196000,28784.000004029072,-1713721.5959855728,332175.94415599114,-1381545.6518295817,301.30648776670307,1428.4328132192022,0.9238804444120753,85.4
7197000,28788.000004029887,-1713619.4870299716,331897.70780027116,-1381721.7792297003,301.054108205251,1428.4328132192022,0.9238804444120753,85.4
7198000,28792.000004030702,-1713046.9387516454,331974.35613862745,-1381072.5826130179,301.12363353370904,1428.4328132192022,0.9238804444120753,85.4
7199000,28796.000004031517,-1711792.8270484582,333885.9597294608,-1377906.8673189974,302.8575898122701,1428.4328132192022,0.9238804444120753,85.4
7200000,28800.000004032332,-1714825.8686000258,330892.4760540542,-1383933.3925459716,300.14229369197017,1428.4328132192022,0.9238804444120753,85.4
7201000,28804.000004033147,-1714450.2970907167,333665.2957609662,-1380785.0013297505,302.6574323761477,1428.4328132192022,0.9238804444120753,85.4
7202000,28808.000004033962,-1711504.2589279618,331894.6992922984,-1379609.5596356634,301.05137928105694,1428.4328132192022,0.9238804444120753,85.4
7203000,28812.000004034777,-1712943.0344153494,332557.2045833169,-1380385.8298320323,301.65231726550627,1428.4328132192022,0.9238804444120753,85.4
7204000,28816.00000403559,-1712947.6154272743,330629.64809157746,-1382317.9673356968,299.90389060573233,1428.4328132192022,0.9238804444120753,85.4
7205000,28820.000004036407,-1712419.684755288,331348.08279922226,-1381071.6019560657,300.55556042788083,1428.4328132192022,0.9238804444120753,85.4
7206000,28824.00000403722,-1713932.9652069826,331425.66176366224,-1382507.3034433203,300.6259298983715,1428.4328132192022,0.9238804444120753,85.4
7207000,28828.000004038036,-1712660.57863231,331885.2760100338,-1380775.3026222764,301.0428317142258,1428.4328132192022,0.9238804444120753,85.4
7208000,28832.00000403885,-1715341.590105949,332535.33549542964,-1382806.2546105194,301.6324804947289,1428.4328132192022,0.9238804444120753,85.4
7209000,28836.000004039666,-1713164.8381179627,332725.4713281479,-1380439.3667898148,301.8049468065219,1428.4328132192022,0.9238804444120753,85.4
7210000,28840.00000404048,-1712313.8368449546,331990.6216971719,-1380323.2151477828,301.1383875169604,1428.4328132192022,0.9238804444120753,85.4
7211000,28844.000004041296,-1711497.496283397,332428.8185103926,-1379068.6777730044,301.53586224402886,1428.4328132192022,0.9238804444120753,85.4
7212000,28848.00000404211,-1714155.5188469086,330497.15301702067,-1383658.3658298878,299.78370843642284,1428.4328132192022,0.9238804444120753,85.4
7213000,28852.000004042926,-1714385.5753264055,332166.47412697383,-1382219.1011994316,301.2978977973436,1428.4328132192022,0.9238804444120753,85.4
7214000,28856.00000404374,-1713725.0750594083,332617.69911329297,-1381107.3759461152,301.707189975818,1428.4328132192022,0.9238804444120753,85.4
7215000,28860.000004044556,-1711979.6900571063,332387.9581825309,-1379591.7318745754,301.49879910898363,1428.4328132192022,0.9238804444120753,85.4
7216000,28864.00000404537,-1711665.9692945816,333508.7054596142,-1378157.2638349673,302.5153941745598,1428.4328132192022,0.9238804444120753,85.4
7217000,28868.000004046185,-1711756.2889541257,332720.9094238318,-1379035.3795302939,301.80080884472426,1428.4328132192022,0.9238804444120753,85.4
7218000,28872.000004047,-1714674.3728081118,333034.5349030109,-1381639.837905101,302.0852887815412,1428.4328132192022,0.9238804444120753,85.4
7219000,28876.000004047815,-1713207.474285081,330636.801449752,-1382570.672835329,299.91037919488286,1428.4328132192022,0.9238804444120753,85.4
7220000,28880.00000404863,-1712499.3343934119,331716.22049144015,-1380783.1139019718,300.8894867010146,1428.4328132192022,0.9238804444120753,85.4
7221000,28884.000004049445,-1712251.9612152204,331010.75020803325,-1381241.2110071871,300.2495765056596,1428.4328132192022,0.9238804444120753,85.4
7222000,28888.00000405026,-1711936.3725347426,332500.6986367175,-1379435.673898025,301.60106247536464,1428.4328132192022,0.9238804444120753,85.4
7223000,28892.000004051075,-1712582.9727428854,332797.5140444923,-1379785.458698393,301.87029451821746,1428.4328132192022,0.9238804444120753,85.4
7224000,28896.00000405189,-1712330.4553118292,332697.0865685433,-1379633.368743286,301.77919987218473,1428.4328132192022,0.9238804444120753,85.4
7225000,28900.000004052705,-1712201.9853389654,331460.20381079894,-1380741.7815281665,300.6572619170987,1428.4328132192022,0.9238804444120753,85.4
7226000,28904.00000405352,-1712865.9983124696,331825.68577189324,-1381040.3125405763,300.98877925896767,1428.4328132192022,0.9238804444120753,85.4
7227000,28908.000004054335,-1711578.0107647479,331705.63650193485,-1379872.374262813,300.87988629267534,1428.4328132192022,0.9238804444120753,85.4
7228000,28912.00000405515,-1710522.2890709639,332317.2392330187,-1378205.049837945,301.4346521450901,1428.4328132192022,0.9238804444120753,85.4
7229000,28916.000004055964,-1711554.844951585,331880.6968390454,-1379674.1481125397,301.03867809036564,1428.4328132192022,0.9238804444120753,85.4
7230000,28920.00000405678,-1713158.088947801,333104.35048911476,-1380053.738458686,302.1486163325286,1428.4328132192022,0.9238804444120753,85.4
7231000,28924.000004057594,-1711562.6794706285,331672.25293615344,-1379890.426534475,300.8496050964247,1428.4328132192022,0.9238804444120753,85.4
7232000,28928.00000405841,-1710065.5505503844,330199.4059171248,-1379866.1446332596,299.51363128456796,1428.4328132192022,0.9238804444120753,85.4
7233000,28932.000004059224,-1710916.6410784014,330318.67236825,-1380597.9687101515,299.62181418019645,1428.4328132192022,0.9238804444120753,85.4
7234000,28936.00000406004,-1713204.1030973587,330649.9684411421,-1382554.1346562165,299.9223225640521,1428.4328132192022,0.9238804444120753,85.4
7235000,28940.000004060854,-1712881.334913794,332145.1913150139,-1380736.14359878,301.2785928192611,1428.4328132192022,0.9238804444120753,85.4
7236000,28944.00000406167,-1712565.7389367763,332048.58035281743,-1380517.1585839589,301.19096001438373,1428.4328132192022,0.9238804444120753,85.4
7237000,28948.000004062484,-1714516.2564296275,331688.12045022263,-1382828.135979405,300.86399802588835,1428.4328132192022,0.9238804444120753,85.4
7238000,28952.0000040633,-1712723.59738913,330615.0439558322,-1382108.5534332977,299.8906436475293,1428.4328132192022,0.9238804444120753,85.4
7239000,28956.000004064113,-1712624.919369543,332899.45916337904,-1379725.460206164,301.96276577104936,1428.4328132192022,0.9238804444120753,85.4
7240000,28960.00000406493,-1711445.0295006894,332060.91659939586,-1379384.1129012934,301.20214984072175,1428.4328132192022,0.9238804444120753,85.4
7241000,28964.000004065743,-1711536.7145646457,332465.4136241292,-1379071.3009405164,301.5690565357389,1428.4328132192022,0.9238804444120753,85.4
7242000,28968.000004066558,-1712826.512828229,331740.2988892611,-1381086.2139389678,300.9113274682529,1428.4328132192022,0.9238804444120753,85.4
7243000,28972.000004067373,-1712469.828343721,333203.9515929136,-1379265.8767508075,302.23896140203556,1428.4328132192022,0.9238804444120753,85.4
7244000,28976.000004068188,-1711280.6996461637,332975.722717152,-1378304.9769290118,302.031942073356,1428.4328132192022,0.9238804444120753,85.4
7245000,28980.000004069003,-1713180.9026383255,329261.5015879683,-1383919.4010503571,298.66288738137126,1428.4328132192022,0.9238804444120753,85.4
7246000,28984.000004069818,-1714187.6513432506,331648.64924403914,-1382539.0020992116,300.8281949199974,1428.4328132192022,0.9238804444120753,85.4
7247000,28988.000004070633,-1713788.4710138272,332449.14758001844,-1381339.3234338087,301.55430211204543,1428.4328132192022,0.9238804444120753,85.4
7248000,28992.000004071448,-1713336.500602072,331665.67871331045,-1381670.8218887616,300.84364182295633,1428.4328132192022,0.9238804444120753,85.4
7249000,28996.000004072263,-1714533.5198553707,333719.7880606726,-1380813.7317946982,302.70686064969885,1428.4328132192022,0.9238804444120753,85.4
7250000,29000.000004073077,-1713905.458305098,330434.5941611498,-1383470.8641439483,299.72696324017136,1428.4328132192022,0.9238804444120753,85.4
7251000,29004.000004073892,-1714146.2016171254,332705.347985962,-1381440.8536311635,301.78669354748,1428.4328132192022,0.9238804444120753,85.4
7252000,29008.000004074707,-1712283.2395937685,332680.0606888246,-1379603.1789049439,301.7637562251976,1428.4328132192022,0.9238804444120753,85.4
7253000,29012.000004075522,-1711490.0888473392,330325.77849182964,-1381164.3103555096,299.6282599243122,1428.4328132192022,0.9238804444120753,85.4
7254000,29016.000004076337,-1710827.0165306535,332194.3527936881,-1378632.6637369655,301.3231856705296,1428.4328132192022,0.9238804444120753,85.4
7255000,29020.000004077152,-1713359.0553798825,332619.60464024066,-1380739.4507396417,301.70891842016215,1428.4328132192022,0.9238804444120753,85.4
7256000,29024.000004077967,-1711205.0924004856,331941.6698736812,-1379263.4225268045,301.09398483740085,1428.4328132192022,0.9238804444120753,85.4
7257000,29028.00000407878,-1712010.278971713,333278.4948337487,-1378731.7841379642,302.30657726187707,1428.4328132192022,0.9238804444120753,85.4
7258000,29032.000004079597,-1711772.435444925,333523.57801988,-1378248.857425045,302.5288846123131,1428.4328132192022,0.9238804444120753,85.4
7259000,29036.00000408041,-1710729.404309608,332524.7439733925,-1378204.6603362155,301.62287325386376,1428.4328132192022,0.9238804444120753,85.4
7260000,29040.000004081227,-1712314.3283463772,332043.94929075165,-1380270.3790556255,301.1867593217381,1428.4328132192022,0.9238804444120753,85.4
7261000,29044.00000408204,-1711750.2550282497,330602.0327338938,-1381148.222294356,299.8788415719944,1428.4328132192022,0.9238804444120753,85.4
7262000,29048.000004082856,-1711012.267460838,332035.72064205224,-1378976.5468187858,301.1792953699309,1428.4328132192022,0.9238804444120753,85.4
7263000,29052.00000408367,-1714738.9251541328,330077.54652256356,-1384661.3786315692,299.403096410437,1428.4328132192022,0.9238804444120753,85.4
7264000,29056.000004084486,-1709919.359411953,331540.4593292113,-1378378.9000827416,300.730059206614,1428.4328132192022,0.9238804444120753,85.4
7265000,29060.0000040853,-1712590.8500566334,332036.4532456837,-1380554.3968109498,301.179959891944,1428.4328132192022,0.9238804444120753,85.4
7266000,29064.000004086116,-1712496.142666025,330308.6370452692,-1382187.505620756,299.6127114502302,1428.4328132192022,0.9238804444120753,85.4
7267000,29068.00000408693,-1711252.1573077254,331420.0517966869,-1379832.1055110386,300.62084127146886,1428.4328132192022,0.9238804444120753,85.4
7268000,29072.000004087746,-1709828.7740190048,332993.8942564806,-1376834.8797625243,302.0484249126126,1428.4328132192022,0.9238804444120753,85.4
7269000,29076.00000408856,-1709981.7550228648,331652.06450819236,-1378329.6905146725,300.83129280009643,1428.4328132192022,0.9238804444120753,85.4
7270000,29080.000004089376,-1711147.5743089486,331899.091650005,-1379248.4826589436,301.05536345238806,1428.4328132192022,0.9238804444120753,85.4
7271000,29084.00000409019,-1709734.0785177406,329345.84152775636,-1380388.2369899843,298.7393895227306,1428.4328132192022,0.9238804444120753,85.4
7272000,29088.000004091005,-1712171.326710973,332260.27092803124,-1379911.0557829416,301.38297796400695,1428.4328132192022,0.9238804444120753,85.4
7273000,29092.00000409182,-1711518.933047818,331550.8539017338,-1379968.0791460841,300.739487800688,1428.4328132192022,0.9238804444120753,85.4
7274000,29096.000004092635,-1712107.6458733436,332639.1547949019,-1379468.4910784417,301.72665175859294,1428.4328132192022,0.9238804444120753,85.4
7275000,29100.00000409345,-1711697.164143728,331698.12421783415,-1379999.039925894,300.8730721329587,1428.4328132192022,0.9238804444120753,85.4
7276000,29104.000004094265,-1712081.702819908,333042.99142833636,-1379038.7113915717,302.09295943316226,1428.4328132192022,0.9238804444120753,85.4
7277000,29108.00000409508,-1713322.0263612103,332361.52720620815,-1380960.4991550022,301.47482439081347,1428.4328132192022,0.9238804444120753,85.4
7278000,29112.000004095895,-1714519.2460049372,332443.23347092426,-1382076.012534013,301.54893760726776,1428.4328132192022,0.9238804444120753,85.4
7279000,29116.00000409671,-1714837.1174038835,331840.2457485125,-1382996.871655371,301.00198616179824,1428.4328132192022,0.9238804444120753,85.4
7280000,29120.000004097525,-1713112.1327720918,331469.0815491892,-1381643.0512229025,300.6653146380159,1428.4328132192022,0.9238804444120753,85.4
7281000,29124.00000409834,-1716372.7756920755,334528.7948475952,-1381843.9808444802,303.44068559348415,1428.4328132192022,0.9238804444120753,85.4
7282000,29128.000004099154,-1712765.18245372,332673.38173049426,-1380091.8007232256,301.75769794941976,1428.4328132192022,0.9238804444120753,85.4
7283000,29132.00000409997,-1714433.5978082232,332005.46735873993,-1382428.1304494832,301.15185355573993,1428.4328132192022,0.9238804444120753,85.4
7284000,29136.000004100784,-1713639.3022308145,332036.4164216167,-1381602.8858091978,301.1799264899759,1428.4328132192022,0.9238804444120753,85.4
7285000,29140.0000041016,-1712321.5722595192,332929.24368106516,-1379392.328578454,301.9897823824919,1428.4328132192022,0.9238804444120753,85.4
7286000,29144.000004102414,-1713042.2122388296,331739.2805099954,-1381302.9317288343,300.9104037280329,1428.4328132192022,0.9238804444120753,85.4
7287000,29148.00000410323,-1711920.9940064996,331888.4386985576,-1380032.555307942,301.0457004908117,1428.4328132192022,0.9238804444120753,85.4
7288000,29152.000004104044,-1711431.9823076408,331734.4160425082,-1379697.5662651327,300.9059913205747,1428.4328132192022,0.9238804444120753,85.4
7289000,29156.00000410486,-1712952.2258200329,329915.5803809414,-1383036.6454390916,299.2561819510131,1428.4328132192022,0.9238804444120753,85.4
7290000,29160.000004105674,-1712780.5227908697,331953.3734335689,-1380827.1493573007,301.1046007732811,1428.4328132192022,0.9238804444120753,85.4
7291000,29164.00000410649,-1712206.5742693841,332292.0165666876,-1379914.5577026964,301.4117734474059,1428.4328132192022,0.9238804444120753,85.4
7292000,29168.000004107304,-1715020.7897361796,331484.6836930652,-1383536.1060431143,300.67946685841474,1428.4328132192022,0.9238804444120753,85.4
7293000,29172.00000410812,-1712612.7152734008,331899.9610408168,-1380712.754232584,301.0561520498064,1428.4328132192022,0.9238804444120753,85.4
7294000,29176.000004108933,-1714725.7396365497,330052.6083177633,-1384673.1313187864,299.3804757389773,1428.4328132192022,0.9238804444120753,85.4
7295000,29180.00000410975,-1710446.4592794608,330706.9021631213,-1379739.5571163394,299.973965375962,1428.4328132192022,0.9238804444120753,85.4
7296000,29184.000004110563,-1712265.61116115,332547.7148182405,-1379717.8963429094,301.64370939418023,1428.4328132192022,0.9238804444120753,85.4
7297000,29188.000004111378,-1711945.4958442468,332552.1620568005,-1379393.3337874464,301.6477433462299,1428.4328132192022,0.9238804444120753,85.4
7298000,29192.000004112193,-1712683.3857732676,332300.8756273542,-1380382.5101459133,301.4198092263397,1428.4328132192022,0.9238804444120753,85.4
7299000,29196.000004113008,-1711561.7956851013,330814.8619591433,-1380746.933725958,300.0718923557198,1428.4328132192022,0.9238804444120753,85.4
7300000,29200.000004113823,-1714560.3765063714,333354.83179481694,-1381205.5447115544,302.3758201496626,1428.4328132192022,0.9238804444120753,85.4
7301000,29204.000004114638,-1713236.3253259137,331719.13832135097,-1381517.1870045627,300.89213337395347,1428.4328132192022,0.9238804444120753,85.4
7302000,29208.000004115453,-1712946.891945826,332044.92743197083,-1380901.964513855,301.1876465632752,1428.4328132192022,0.9238804444120753,85.4
7303000,29212.000004116268,-1713243.4797710478,332669.249877013,-1380574.2298940348,301.753950073385,1428.4328132192022,0.9238804444120753,85.4
7304000,29216.000004117082,-1713967.875541225,331403.029752112,-1382564.845789113,300.6054011032216,1428.4328132192022,0.9238804444120753,85.4
7305000,29220.000004117897,-1715428.8562474456,330676.72084098787,-1384752.1354064578,299.94658883552256,1428.4328132192022,0.9238804444120753,85.5
7306000,29224.000004118712,-1713978.1334787142,331598.47015375795,-1382379.6633249563,300.78267902482816,1428.4328132192022,0.9238804444120753,85.5
7307000,29228.000004119527,-1713992.6786887143,332209.58741767827,-1381783.091271036,301.3370045250484,1428.4328132192022,0.9238804444120753,85.5
7308000,29232.000004120342,-1713543.0398380198,332122.7066132695,-1381420.3332247501,301.2581976442634,1428.4328132192022,0.9238804444120753,85.5
7309000,29236.000004121157,-1714498.7227409314,332149.67218593106,-1382349.0505550003,301.2826572781779,1428.4328132192022,0.9238804444120753,85.5
7310000,29240.000004121972,-1712525.329262549,332597.95736336696,-1379927.371899182,301.6892828472699,1428.4328132192022,0.9238804444120753,85.5
7311000,29244.000004122787,-1712490.846451657,331914.16383329115,-1380576.6826183656,301.06903496198663,1428.4328132192022,0.9238804444120753,85.5
7312000,29248.0000041236,-1711627.7196996342,332038.13600722246,-1379589.583692412,301.18148627270074,1428.4328132192022,0.9238804444120753,85.5
7313000,29252.000004124417,-1712426.4974070657,332077.2906703085,-1380349.2067367572,301.217002252174,1428.4328132192022,0.9238804444120753,85.5
7314000,29256.00000412523,-1713299.936156664,330585.1509117936,-1382714.7852448705,299.8635285952012,1428.4328132192022,0.9238804444120753,85.5
7315000,29260.000004126046,-1712413.0105289035,329625.38742781465,-1382787.6231010887,298.9929569312019,1428.4328132192022,0.9238804444120753,85.5
7316000,29264.00000412686,-1711930.793381771,332008.7891079356,-1379922.0042738356,301.1548666113239,1428.4328132192022,0.9238804444120753,85.5
7317000,29268.000004127676,-1708300.7822285611,333640.8991853487,-1374659.8830432124,302.6353029997068,1428.4328132192022,0.9238804444120753,85.5
7318000,29272.00000412849,-1712594.4614107665,331860.7869703735,-1380733.674440393,301.02061846652185,1428.4328132192022,0.9238804444120753,85.5
7319000,29276.000004129306,-1711164.7728101276,332832.7969130196,-1378331.975897108,301.902298513032,1428.4328132192022,0.9238804444120753,85.5
7320000,29280.00000413012,-1711190.9909895435,331963.29121064546,-1379227.6997788982,301.1135968810064,1428.4328132192022,0.9238804444120753,85.5
7321000,29284.000004130936,-1711734.3349681683,331089.0410656237,-1380645.2939025445,300.3205917123289,1428.4328132192022,0.9238804444120753,85.5
7322000,29288.00000413175,-1711497.5759351924,332298.05163026974,-1379199.5243049227,301.4172476662449,1428.4328132192022,0.9238804444120753,85.5
7323000,29292.000004132566,-1713007.6993924342,332770.07566783915,-1380237.6237245952,301.84540601847857,1428.4328132192022,0.9238804444120753,85.5
7324000,29296.00000413338,-1711964.2301205397,331499.1606842772,-1380465.0694362624,300.69259848775835,1428.4328132192022,0.9238804444120753,85.5
7325000,29300.000004134195,-1710491.9467965588,333140.02331922116,-1377351.9234773377,302.18097404938663,1428.4328132192022,0.9238804444120753,85.5
7326000,29304.00000413501,-1712507.6383358687,332392.4729067609,-1380115.1654291078,301.50289427518965,1428.4328132192022,0.9238804444120753,85.5
7327000,29308.000004135825,-1713835.4641560595,332736.80902713403,-1381098.6551289256,301.81523088133514,1428.4328132192022,0.9238804444120753,85.5
7328000,29312.00000413664,-1711014.265008172,331504.27367014816,-1379509.991338024,300.69723631852816,1428.4328132192022,0.9238804444120753,85.5
7329000,29316.000004137455,-1712449.7988233306,332532.32199539675,-1379917.476827934,301.62974704239207,1428.4328132192022,0.9238804444120753,85.5
7330000,29320.00000413827,-1713261.8206227366,329247.923324468,-1384013.8972982685,298.6505709600372,1428.4328132192022,0.9238804444120753,85.5
7331000,29324.000004139085,-1712280.6169975307,331389.29075481754,-1380891.3262427133,300.5929388852523,1428.4328132192022,0.9238804444120753,85.5
7332000,29328.0000041399,-1714059.5921894237,331420.45746001304,-1382639.1347294108,300.6212092360797,1428.4328132192022,0.9238804444120753,85.5
7333000,29332.000004140715,-1713876.1257158052,331618.6962228789,-1382257.4294929262,300.801025464284,1428.4328132192022,0.9238804444120753,85.5
7334000,29336.00000414153,-1713268.0843173414,330459.1228416954,-1382808.9614756461,299.7492124448918,1428.4328132192022,0.9238804444120753,85.5
7335000,29340.000004142345,-1711567.8627746087,332970.3167438762,-1378597.5460307323,302.02703848280606,1428.4328132192022,0.9238804444120753,85.5
7336000,29344.00000414316,-1710901.7948387526,332489.9493525882,-1378411.8454861643,301.5913121334029,1428.4328132192022,0.9238804444120753,85.5
7337000,29348.000004143974,-1713124.368018046,331962.2440992561,-1381162.12391879,301.1126470787689,1428.4328132192022,0.9238804444120753,85.5
7338000,29352.00000414479,-1711683.2191990875,331593.84507464326,-1380089.374124444,300.7784837591317,1428.4328132192022,0.9238804444120753,85.5
7339000,29356.000004145604,-1711303.3323824182,331511.1655261782,-1379792.16685624,300.70348770720074,1428.4328132192022,0.9238804444120753,85.5
7340000,29360.00000414642,-1712008.8425409254,332817.1143938499,-1379191.7281470755,301.8880733866992,1428.4328132192022,0.9238804444120753,85.5
7341000,29364.000004147234,-1714576.29030779,331888.5053926056,-1382687.7849151844,301.04576098691246,1428.4328132192022,0.9238804444120753,85.5
7342000,29368.00000414805,-1715367.981593633,332606.62306119985,-1382761.3585324332,301.69714323277947,1428.4328132192022,0.9238804444120753,85.5
7343000,29372.000004148864,-1713228.4841549695,333118.0334146199,-1380110.4507403495,302.16102768951833,1428.4328132192022,0.9238804444120753,85.5
7344000,29376.00000414968,-1712748.8240916785,331886.24401754217,-1380862.5800741364,301.0437097637884,1428.4328132192022,0.9238804444120753,85.5
7345000,29380.000004150494,-1713143.2774527408,331616.73482896714,-1381526.5426237737,300.7992463447509,1428.4328132192022,0.9238804444120753,85.5
7346000,29384.00000415131,-1710896.2736153416,331056.80173264764,-1379839.471882694,300.29134841413753,1428.4328132192022,0.9238804444120753,85.5
7347000,29388.000004152123,-1714388.0127198044,331934.9978095436,-1382453.0149102607,301.08793281513124,1428.4328132192022,0.9238804444120753,85.5
7348000,29392.00000415294,-1712476.874945704,332708.9521248677,-1379767.9228208363,301.7899627500042,1428.4328132192022,0.9238804444120753,85.5
7349000,29396.000004153753,-1710063.5855198205,331856.64401755127,-1378206.9415022691,301.0168605226195,1428.4328132192022,0.9238804444120753,85.5
7350000,29400.000004154568,-1713845.758590836,330593.876164821,-1383251.882426015,299.871443001379,1428.4328132192022,0.9238804444120753,85.5
7351000,29404.000004155383,-1712560.6236384455,332485.0272547987,-1380075.5963836468,301.5868474512864,1428.4328132192022,0.9238804444120753,85.5
7352000,29408.000004156198,-1712552.3109374605,331402.0080407752,-1381150.3028966854,300.60447434058324,1428.4328132192022,0.9238804444120753,85.5
7353000,29412.000004157013,-1711857.4988138638,332993.90359189117,-1378863.5952219726,302.04843338047374,1428.4328132192022,0.9238804444120753,85.5
7354000,29416.000004157828,-1711472.2105417643,332965.60506948945,-1378506.6054722748,302.0227646692264,1428.4328132192022,0.9238804444120753,85.5
7355000,29420.000004158643,-1713280.3772952314,331647.72851180035,-1381632.6487834312,300.8273597523643,1428.4328132192022,0.9238804444120753,85.5
7356000,29424.000004159458,-1714303.8862745948,333036.1247977712,-1381267.7614768236,302.0867309257259,1428.4328132192022,0.9238804444120753,85.5
7357000,29428.000004160273,-1714991.3230755143,332305.1605558819,-1382686.1625196324,301.4236959519974,1428.4328132192022,0.9238804444120753,85.5
7358000,29432.000004161087,-1712872.3211906068,331260.1369213745,-1381612.1842692322,300.47578745204055,1428.4328132192022,0.9238804444120753,85.5
7359000,29436.000004161902,-1714597.2574206982,330470.5684365886,-1384126.6889841096,299.75959438873315,1428.4328132192022,0.9238804444120753,85.5
7360000,29440.000004162717,-1712063.8523098547,333016.45971068647,-1379047.3925991682,302.0688933356614,1428.4328132192022,0.9238804444120753,85.5
7361000,29444.000004163532,-1712952.5151358899,331647.4143095457,-1381305.1008263442,300.82707474925235,1428.4328132192022,0.9238804444120753,85.5
7362000,29448.000004164347,-1715137.2659567073,330901.93994349544,-1384235.3260132119,300.15087809231073,1428.4328132192022,0.9238804444120753,85.5
7363000,29452.000004165162,-1713895.0538952854,331779.42802961817,-1382115.6258656671,300.946820296851,1428.4328132192022,0.9238804444120753,85.5
7364000,29456.000004165977,-1714021.3998824097,330947.00078370614,-1383074.3990987036,300.19175138171823,1428.4328132192022,0.9238804444120753,85.5
7365000,29460.00000416679,-1710737.399545068,334727.5863790336,-1376009.8131660344,303.6210032209019,1428.4328132192022,0.9238804444120753,85.5
7366000,29464.000004167607,-1712055.6733545754,333398.3257801352,-1378657.3475744403,302.4152721936344,1428.4328132192022,0.9238804444120753,85.5
7367000,29468.00000416842,-1713008.0508172363,332717.66051454004,-1380290.3903026963,301.79786185995613,1428.4328132192022,0.9238804444120753,85.5
7368000,29472.000004169236,-1714425.6871744953,331605.2712931807,-1382820.4158813145,300.78884812728217,1428.4328132192022,0.9238804444120753,85.5
7369000,29476.00000417005,-1713844.5606880859,332002.48018158285,-1381842.080506503,301.14914398006664,1428.4328132192022,0.9238804444120753,85.5
7370000,29480.000004170866,-1710120.4563167822,332575.8297450019,-1377544.6265717803,301.66921157152126,1428.4328132192022,0.9238804444120753,85.5
7371000,29484.00000417168,-1711951.3854398616,332494.13140767533,-1379457.2540321862,301.5951055457559,1428.4328132192022,0.9238804444120753,85.5
7372000,29488.000004172496,-1711133.0952708907,332379.06915898033,-1378754.0261119104,301.4907361516479,1428.4328132192022,0.9238804444120753,85.5
7373000,29492.00000417331,-1713042.0115233772,331456.31253352575,-1381585.6989898514,300.6537322602745,1428.4328132192022,0.9238804444120753,85.5
7374000,29496.000004174126,-1714089.0752854906,333375.0987976361,-1380713.9764878545,302.39420371880556,1428.4328132192022,0.9238804444120753,85.5
7375000,29500.00000417494,-1713855.5843335167,330544.00025717693,-1383311.5840763398,299.8262021137688,1428.4328132192022,0.9238804444120753,85.5
7376000,29504.000004175756,-1711445.2588493563,332494.2349211445,-1378951.0239282118,301.5951994396106,1428.4328132192022,0.9238804444120753,85.5
7377000,29508.00000417657,-1713963.2590057012,331997.05335173366,-1381966.2056539676,301.14422147116636,1428.4328132192022,0.9238804444120753,85.5
7378000,29512.000004177386,-1711170.3795587514,331641.0970678063,-1379529.282490945,300.821344575366,1428.4328132192022,0.9238804444120753,85.5
7379000,29516.0000041782,-1713270.441478489,330301.3501964594,-1382969.0912820296,299.6061017758682,1428.4328132192022,0.9238804444120753,85.5
7380000,29520.000004179015,-1711287.015041314,331351.3300286617,-1379935.6850126523,300.55850588890706,1428.4328132192022,0.9238804444120753,85.5
7381000,29524.00000417983,-1713783.9912361242,331116.6311177706,-1382667.3601183535,300.34561779219996,1428.4328132192022,0.9238804444120753,85.5
7382000,29528.000004180645,-1713609.182549106,332391.27884268796,-1381217.903706418,301.50181117673446,1428.4328132192022,0.9238804444120753,85.5
7383000,29532.00000418146,-1712414.0749404058,333688.36266349774,-1378725.712276908,302.67835564740716,1428.4328132192022,0.9238804444120753,85.5
7384000,29536.000004182275,-1712859.0941377953,333098.64007172966,-1379760.4540660656,302.14343659017743,1428.4328132192022,0.9238804444120753,85.5
7385000,29540.00000418309,-1713755.0160864983,333200.3100004886,-1380554.7060860097,302.2356582265867,1428.4328132192022,0.9238804444120753,85.5
7386000,29544.000004183905,-1712362.7391477246,332107.3962389396,-1380255.342908785,301.2443100789628,1428.4328132192022,0.9238804444120753,85.5
7387000,29548.00000418472,-1714300.3158166893,333141.70968197414,-1381158.606134715,302.18250369669295,1428.4328132192022,0.9238804444120753,85.5
7388000,29552.000004185535,-1713562.7585633565,331471.9687664072,-1382090.7897969494,300.6679335431313,1428.4328132192022,0.9238804444120753,85.5
7389000,29556.00000418635,-1713672.486100953,333204.1464239464,-1380468.3396770067,302.23913812721764,1428.4328132192022,0.9238804444120753,85.5
7390000,29560.000004187164,-1712794.7473662086,331018.7086914294,-1381776.0386747792,300.25679539890643,1428.4328132192022,0.9238804444120753,85.5
7391000,29564.00000418798,-1714026.9227560516,331603.8861847528,-1382423.0365712987,300.78759173842286,1428.4328132192022,0.9238804444120753,85.5
7392000,29568.000004188794,-1714386.203109771,331473.3944365299,-1382912.8086732412,300.66922672424494,1428.4328132192022,0.9238804444120753,85.5
7393000,29572.00000418961,-1709306.4950563032,331133.95386975294,-1378172.5411865502,300.36133072280217,1428.4328132192022,0.9238804444120753,85.5
7394000,29576.000004190424,-1714084.3811113369,332522.78486727,-1381561.596244067,301.62109620951327,1428.4328132192022,0.9238804444120753,85.5
7395000,29580.00000419124,-1710451.8483584262,332025.16435313306,-1378426.684005293,301.1697200879334,1428.4328132192022,0.9238804444120753,85.5
7396000,29584.000004192054,-1710706.972251894,330981.41018031875,-1379725.5620715753,300.2229630772727,1428.4328132192022,0.9238804444120753,85.5
7397000,29588.00000419287,-1712149.5544795077,330670.19729113387,-1381479.3571883738,299.94067152594954,1428.4328132192022,0.9238804444120753,85.5
7398000,29592.000004193684,-1711734.2080000285,332285.7309263975,-1379448.477073631,301.40607193821324,1428.4328132192022,0.9238804444120753,85.5
7399000,29596.0000041945,-1710944.6065485459,333788.5212480315,-1377156.0853005145,302.76920639038383,1428.4328132192022,0.9238804444120753,85.5
7400000,29600.000004195314,-1711712.813940104,332015.6116931504,-1379697.2022469537,301.16105516659024,1428.4328132192022,0.9238804444120753,85.5
7401000,29604.00000419613,-1713496.0717663076,332509.2609911465,-1380986.810775161,301.6088291212805,1428.4328132192022,0.9238804444120753,85.5
7402000,29608.000004196943,-1712852.5807829592,331233.53240031796,-1381619.0483826413,300.45165531682943,1428.4328132192022,0.9238804444120753,85.5
7403000,29612.00000419776,-1715561.0970464237,331847.0208491678,-1383714.0761972559,301.0081316452946,1428.4328132192022,0.9238804444120753,85.5
7404000,29616.000004198573,-1709195.391315475,331531.2286410538,-1377664.1626744214,300.72168633591895,1428.4328132192022,0.9238804444120753,85.5
7405000,29620.000004199388,-1711450.0354500003,333079.89870378113,-1378370.1367462191,302.126436877068,1428.4328132192022,0.9238804444120753,85.5
7406000,29624.000004200203,-1713390.8080613352,327183.5543029489,-1386207.2537583862,296.77804590134053,1428.4328132192022,0.9238804444120753,85.5
7407000,29628.000004201018,-1713566.9842041843,331805.18018627947,-1381761.8040179047,300.9701792787777,1428.4328132192022,0.9238804444120753,85.5
7408000,29632.000004201833,-1711717.6630873661,330022.44180721004,-1381695.2212801562,299.3531126336625,1428.4328132192022,0.9238804444120753,85.5
7409000,29636.000004202648,-1710922.998348169,332943.44886707945,-1377979.5494810897,302.00266746577785,1428.4328132192022,0.9238804444120753,85.5
7410000,29640.000004203463,-1711633.2463392597,332908.567856579,-1378724.6784826806,301.97102798390523,1428.4328132192022,0.9238804444120753,85.5
7411000,29644.000004204278,-1713149.9774552807,332345.15834804357,-1380804.8191072373,301.4599767076832,1428.4328132192022,0.9238804444120753,85.5
7412000,29648.000004205092,-1712901.5892033614,331181.3643563548,-1381720.2248470066,300.40433530351504,1428.4328132192022,0.9238804444120753,85.5
7413000,29652.000004205907,-1713852.514333859,332346.8077940021,-1381505.706539857,301.46147286891124,1428.4328132192022,0.9238804444120753,85.5
7414000,29656.000004206722,-1713022.6958310027,331458.3744854695,-1381564.3213455332,300.655602592877,1428.4328132192022,0.9238804444120753,85.5
7415000,29660.000004207537,-1713202.878610311,332934.28462237393,-1380268.593987937,301.9943548638757,1428.4328132192022,0.9238804444120753,85.5
7416000,29664.000004208352,-1710967.4375875369,332386.2125662667,-1378581.22502127,301.4972157146566,1428.4328132192022,0.9238804444120753,85.5
7417000,29668.000004209167,-1710936.9327250235,331857.6477298009,-1379079.2849952225,301.0177709588446,1428.4328132192022,0.9238804444120753,85.5
7418000,29672.000004209982,-1712387.8652183805,331074.7295482673,-1381313.1356701131,300.3076101791832,1428.4328132192022,0.9238804444120753,85.5
7419000,29676.000004210797,-1714155.7143325843,330635.20441403554,-1383520.5099185486,299.9089305733585,1428.4328132192022,0.9238804444120753,85.5
7420000,29680.00000421161,-1713751.2569209486,330649.49248961214,-1383101.7644313364,299.9218908431934,1428.4328132192022,0.9238804444120753,85.5
7421000,29684.000004212427,-1714356.904374417,331931.4815023048,-1382425.4228721121,301.0847432819857,1428.4328132192022,0.9238804444120753,85.5
7422000,29688.00000421324,-1714201.1181391738,332750.6392862179,-1381450.4788529559,301.8277758800408,1428.4328132192022,0.9238804444120753,85.5
7423000,29692.000004214056,-1712893.1073679496,330137.52111296,-1382755.5862549895,299.45749749969565,1428.4328132192022,0.9238804444120753,85.5
7424000,29696.00000421487,-1713278.493837623,332659.98980483063,-1380618.5040327923,301.7455505493532,1428.4328132192022,0.9238804444120753,85.5
7425000,29700.000004215686,-1712809.6138059758,330990.0072499143,-1381819.6065560614,300.2307612122385,1428.4328132192022,0.9238804444120753,85.5
7426000,29704.0000042165,-1712442.040517863,333045.36068849394,-1379396.6798293688,302.09510851550624,1428.4328132192022,0.9238804444120753,85.5
7427000,29708.000004217316,-1712295.1691492386,331812.6881371117,-1380482.481012127,300.976989507921,1428.4328132192022,0.9238804444120753,85.5
7428000,29712.00000421813,-1712620.383403441,331225.01768092264,-1381395.3657225184,300.443931879174,1428.4328132192022,0.9238804444120753,85.5
7429000,29716.000004218946,-1714800.4164965972,331276.553391106,-1383523.8631054913,300.49067832214524,1428.4328132192022,0.9238804444120753,85.5
7430000,29720.00000421976,-1713700.361561332,331298.3934745817,-1382401.9680867502,300.51048878392123,1428.4328132192022,0.9238804444120753,85.5
7431000,29724.000004220576,-1715619.8527471162,331642.45870231587,-1383977.3940448004,300.82257967176275,1428.4328132192022,0.9238804444120753,85.5
7432000,29728.00000422139,-1714376.3158837352,331438.0581268499,-1382938.2577568854,300.6371742546196,1428.4328132192022,0.9238804444120753,85.5
7433000,29732.000004222205,-1711767.0198991504,331097.2214592416,-1380669.7984399088,300.32801189344957,1428.4328132192022,0.9238804444120753,85.5
7434000,29736.00000422302,-1712489.381669594,331321.03440993663,-1381168.3472596575,300.5310256735773,1428.4328132192022,0.9238804444120753,85.5
7435000,29740.000004223835,-1712354.9154063798,331473.40349569824,-1380881.5119106816,300.6692349415353,1428.4328132192022,0.9238804444120753,85.5
7436000,29744.00000422465,-1713876.2343692873,331503.59167721216,-1382372.642692075,300.6966177039058,1428.4328132192022,0.9238804444120753,85.5
7437000,29748.000004225465,-1714777.1476819403,329961.32839056314,-1384815.8192913772,299.29767855046276,1428.4328132192022,0.9238804444120753,85.5
7438000,29752.00000422628,-1714415.217944637,331550.4865202974,-1382864.7314243396,300.739154560391,1428.4328132192022,0.9238804444120753,85.5
7439000,29756.000004227095,-1714683.962401623,331873.2171964902,-1382810.7452051328,301.0318935387818,1428.4328132192022,0.9238804444120753,85.5
7440000,29760.00000422791,-1713333.476569742,330220.58185800904,-1383112.8947117329,299.53283932321506,1428.4328132192022,0.9238804444120753,85.5
7441000,29764.000004228725,-1712528.0488740075,331740.9714396534,-1380787.077434354,300.911937517837,1428.4328132192022,0.9238804444120753,85.5
7442000,29768.00000422954,-1713548.9758059625,330456.4037176811,-1383092.5720882814,299.74674601190367,1428.4328132192022,0.9238804444120753,85.5
7443000,29772.000004230355,-1713548.7823850047,330789.1403909316,-1382759.641994073,300.0485611196262,1428.4328132192022,0.9238804444120753,85.5
7444000,29776.00000423117,-1712058.8293529488,331922.70458097773,-1380136.124771971,301.0767820090971,1428.4328132192022,0.9238804444120753,85.5
7445000,29780.000004231984,-1714519.4949200042,332025.24590399524,-1382494.2490160088,301.169794060189,1428.4328132192022,0.9238804444120753,85.5
7446000,29784.0000042328,-1713931.890698189,332157.30082698015,-1381774.5898712086,301.28957698167056,1428.4328132192022,0.9238804444120753,85.5
7447000,29788.000004233614,-1713266.3187099546,331588.29343986127,-1381678.0252700932,300.773448043551,1428.4328132192022,0.9238804444120753,85.5
7448000,29792.00000423443,-1714450.124445282,330471.2409222471,-1383978.8835230349,299.76020437959914,1428.4328132192022,0.9238804444120753,85.5
7449000,29796.000004235244,-1713184.6254202463,331609.17436298577,-1381575.4510572604,300.79238848074596,1428.4328132192022,0.9238804444120753,85.5
7450000,29800.00000423606,-1711851.6687295735,332576.2913950721,-1379275.3773345014,301.6696303199697,1428.4328132192022,0.9238804444120753,85.5
7451000,29804.000004236874,-1711860.6623934861,331240.18972258223,-1380620.472670904,300.45769396720334,1428.4328132192022,0.9238804444120753,85.5
7452000,29808.00000423769,-1714052.071450064,330059.9275630186,-1383992.1438870453,299.38711479914934,1428.4328132192022,0.9238804444120753,85.5
7453000,29812.000004238504,-1711179.993496079,332073.482353547,-1379106.5111425319,301.21354784625476,1428.4328132192022,0.9238804444120753,85.5
7454000,29816.00000423932,-1711185.639894506,330803.12810864364,-1380382.5117858623,300.06124894416564,1428.4328132192022,0.9238804444120753,85.5
7455000,29820.000004240133,-1712498.2742858212,333358.7871261057,-1379139.4871597155,302.379407907896,1428.4328132192022,0.9238804444120753,85.5
7456000,29824.00000424095,-1712215.6786636617,330842.73961424525,-1381372.9390494165,300.09717931130376,1428.4328132192022,0.9238804444120753,85.5
7457000,29828.000004241763,-1710865.389027262,330863.7832901884,-1380001.6057370738,300.1162673765285,1428.4328132192022,0.9238804444120753,85.5
7458000,29832.000004242578,-1715092.6248454358,330546.3539440069,-1384546.270901429,299.8283370700307,1428.4328132192022,0.9238804444120753,85.5
7459000,29836.000004243393,-1713607.3284260724,332726.72361335054,-1380880.6048127217,301.80608271555667,1428.4328132192022,0.9238804444120753,85.5
7460000,29840.000004244208,-1711413.754379386,332620.11269830615,-1378793.64168108,301.7093792638626,1428.4328132192022,0.9238804444120753,85.5
7461000,29844.000004245023,-1711371.6294501703,332029.19791273377,-1379342.4315374366,301.1733788046402,1428.4328132192022,0.9238804444120753,85.5
7462000,29848.000004245838,-1712544.378259305,331122.3767292877,-1381422.0015300172,300.3508294580557,1428.4328132192022,0.9238804444120753,85.5
7463000,29852.000004246653,-1713273.1980799418,331165.0172308224,-1382108.1808491193,300.38950733338083,1428.4328132192022,0.9238804444120753,85.5
7464000,29856.000004247468,-1714066.59511186,332392.6797131986,-1381673.9153986613,301.5030818628898,1428.4328132192022,0.9238804444120753,85.5
7465000,29860.000004248282,-1712675.455991365,331492.44102410675,-1381183.0149672583,300.6865032926048,1428.4328132192022,0.9238804444120753,85.5
7466000,29864.000004249097,-1711017.195670588,332329.0835335974,-1378688.1121369905,301.44539574248245,1428.4328132192022,0.9238804444120753,85.5
7467000,29868.000004249912,-1713579.5185463056,331716.1105532884,-1381863.4079930172,300.88938697952983,1428.4328132192022,0.9238804444120753,85.5
7468000,29872.000004250727,-1712306.119367864,332023.67545127444,-1380282.4439165895,301.1683695512749,1428.4328132192022,0.9238804444120753,85.5
7469000,29876.000004251542,-1712160.1206346173,331346.10969975276,-1380814.0109348646,300.5537706905996,1428.4328132192022,0.9238804444120753,85.5
7470000,29880.000004252357,-1711105.4020894244,331679.6891916862,-1379425.7128977382,300.8563502929874,1428.4328132192022,0.9238804444120753,85.5
7471000,29884.000004253172,-1711181.2137587816,331435.92633421783,-1379745.2874245637,300.6352405716967,1428.4328132192022,0.9238804444120753,85.5
7472000,29888.000004253987,-1712921.3226392604,332442.0322181451,-1380479.2904211152,301.54784798816024,1428.4328132192022,0.9238804444120753,85.5
7473000,29892.0000042548,-1709738.9065351281,331790.96970332897,-1377947.936831799,300.95728939080533,1428.4328132192022,0.9238804444120753,85.5
7474000,29896.000004255617,-1714466.437581718,331224.0550304288,-1383242.3825512892,300.44305868879303,1428.4328132192022,0.9238804444120753,85.5
7475000,29900.00000425643,-1710503.96038541,331249.8133406136,-1379254.1470447965,300.46642325238986,1428.4328132192022,0.9238804444120753,85.5
7476000,29904.000004257246,-1711559.0237176511,331750.6388244116,-1379808.3848932395,300.92070650246285,1428.4328132192022,0.9238804444120753,85.5
7477000,29908.00000425806,-1712898.7328558546,332532.0832867536,-1380366.649569101,301.6295305171917,1428.4328132192022,0.9238804444120753,85.5
7478000,29912.000004258876,-1710410.1063033305,334189.948838486,-1376220.1574648446,303.1333288968459,1428.4328132192022,0.9238804444120753,85.5
7479000,29916.00000425969,-1711142.328454813,331517.15147223376,-1379625.1769825793,300.7089173730561,1428.4328132192022,0.9238804444120753,85.5
7480000,29920.000004260506,-1710918.7604446746,332567.6551635768,-1378351.1052810978,301.6617966624603,1428.4328132192022,0.9238804444120753,85.5
7481000,29924.00000426132,-1713684.4945618082,332850.999683811,-1380833.4948779973,301.918809681379,1428.4328132192022,0.9238804444120753,85.5
7482000,29928.000004262136,-1711177.6943986584,333628.20246384275,-1377549.4919348157,302.62378619775166,1428.4328132192022,0.9238804444120753,85.5
7483000,29932.00000426295,-1711986.8240644094,331852.21613840427,-1380134.607926005,301.01284413089246,1428.4328132192022,0.9238804444120753,85.5
7484000,29936.000004263766,-1710242.3209892847,330321.3539988816,-1379920.9669904031,299.6242466041011,1428.4328132192022,0.9238804444120753,85.5
7485000,29940.00000426458,-1711341.493722083,332044.3864022999,-1379297.1073197832,301.18715581205504,1428.4328132192022,0.9238804444120753,85.5
7486000,29944.000004265396,-1711883.8929852117,331316.8512153336,-1380567.041769878,300.5272312276048,1428.4328132192022,0.9238804444120753,85.5
7487000,29948.00000426621,-1712542.5037867818,330856.61647537746,-1381685.8873114043,300.1097665812808,1428.4328132192022,0.9238804444120753,85.5
7488000,29952.000004267025,-1713517.5023860745,332288.1070986033,-1381229.3952874714,301.40822729026155,1428.4328132192022,0.9238804444120753,85.5
7489000,29956.00000426784,-1712865.3953651786,331275.8346748235,-1381589.560690355,300.4900263969153,1428.4328132192022,0.9238804444120753,85.5
7490000,29960.000004268655,-1712356.109525632,332842.34845659573,-1379513.7610690363,301.9109624217175,1428.4328132192022,0.9238804444120753,85.5
7491000,29964.00000426947,-1710097.774686128,332947.1783731797,-1377150.5963129483,302.0060503849926,1428.4328132192022,0.9238804444120753,85.5
7492000,29968.000004270285,-1713541.5802891683,330340.37371436297,-1383201.2065748053,299.6414987976173,1428.4328132192022,0.9238804444120753,85.5
7493000,29972.0000042711,-1714515.1468256451,331615.7075969842,-1382899.439228661,300.7983145745058,1428.4328132192022,0.9238804444120753,85.5
7494000,29976.000004271915,-1713287.104378717,332814.1680381364,-1380472.9363405807,301.8854008388902,1428.4328132192022,0.9238804444120753,85.5
7495000,29980.00000427273,-1710129.8359560445,332241.69518402184,-1377888.1407720228,301.3661284832315,1428.4328132192022,0.9238804444120753,85.5
7496000,29984.000004273545,-1714058.2964628395,331838.1885389225,-1382220.107923917,301.0001201308377,1428.4328132192022,0.9238804444120753,85.5
7497000,29988.00000427436,-1711931.5746360254,330950.8803529279,-1380980.6942830975,300.1952704185324,1428.4328132192022,0.9238804444120753,85.5
7498000,29992.000004275174,-1713080.657320993,331913.3824670789,-1381167.274853914,301.0683262089501,1428.4328132192022,0.9238804444120753,85.5
7499000,29996.00000427599,-1711539.2357385326,331074.7150379624,-1380464.5207005702,300.30759701733604,1428.4328132192022,0.9238804444120753,85.5
7500000,30000.000004276804,-1713265.4007886797,329317.027948424,-1383948.3728402557,298.71325361932946,1428.4328132192022,0.9238804444120753,85.5
7501000,30004.00000427762,-1712870.4259022232,331175.5432856035,-1381694.8826166196,300.3990551909302,1428.4328132192022,0.9238804444120753,85.5
7502000,30008.000004278434,-1711805.2771340776,333084.55467905453,-1378720.722455023,302.1306601677109,1428.4328132192022,0.9238804444120753,85.5
7503000,30012.00000427925,-1712589.7849365454,331679.14926344156,-1380910.6356731039,300.85586054083666,1428.4328132192022,0.9238804444120753,85.5
7504000,30016.000004280064,-1713786.040781211,329701.8521687328,-1384084.1886124783,299.06231572412287,1428.4328132192022,0.9238804444120753,85.5
7505000,30020.00000428088,-1711355.9032439943,331436.845412642,-1379919.0578313523,300.63607423920587,1428.4328132192022,0.9238804444120753,85.5
7506000,30024.000004281694,-1710730.797547469,333045.2253792657,-1377685.572168203,302.09498578070554,1428.4328132192022,0.9238804444120753,85.5
7507000,30028.00000428251,-1712088.5030875225,332084.9958147556,-1380003.507272767,301.22399134952417,1428.4328132192022,0.9238804444120753,85.5
7508000,30032.000004283324,-1713560.2793043498,330549.617585872,-1383010.6617184777,299.8312974182588,1428.4328132192022,0.9238804444120753,85.5
7509000,30036.00000428414,-1711150.1208695471,330901.330446335,-1380248.790423212,300.1503252363561,1428.4328132192022,0.9238804444120753,85.5
7510000,30040.000004284953,-1712862.6270988043,330745.73432658357,-1382116.8927722208,300.0091888260373,1428.4328132192022,0.9238804444120753,85.5
7511000,30044.00000428577,-1712218.013270598,331269.73344969464,-1380948.2798209032,300.48449216499097,1428.4328132192022,0.9238804444120753,85.5
7512000,30048.000004286583,-1713549.7321915776,332725.18442560715,-1380824.5477659705,301.804686566133,1428.4328132192022,0.9238804444120753,85.5
7513000,30052.000004287398,-1711307.735635005,331736.5844296011,-1379571.1512054037,300.90795819719705,1428.4328132192022,0.9238804444120753,85.5
7514000,30056.000004288213,-1711751.1732636672,330612.4045062154,-1381138.7687574518,299.8882494847139,1428.4328132192022,0.9238804444120753,85.5
7515000,30060.000004289028,-1710273.3422220368,330207.14810687536,-1380066.1941151614,299.52065398456295,1428.4328132192022,0.9238804444120753,85.5
7516000,30064.000004289843,-1712937.0432575736,332107.7340773832,-1380829.3091801903,301.24461652172806,1428.4328132192022,0.9238804444120753,85.5
7517000,30068.000004290658,-1713158.105514286,331809.4845145,-1381348.620999786,300.9740836012946,1428.4328132192022,0.9238804444120753,85.5
7518000,30072.000004291473,-1712606.5696256086,331195.9797652045,-1381410.5898604041,300.4175924872011,1428.4328132192022,0.9238804444120753,85.5
7519000,30076.000004292287,-1714576.3728308454,331275.4774327107,-1383300.8953981348,300.48970235368404,1428.4328132192022,0.9238804444120753,85.5
7520000,30080.000004293102,-1714153.3477246892,331242.1420873783,-1382911.2056373109,300.45946489670587,1428.4328132192022,0.9238804444120753,85.5
7521000,30084.000004293917,-1713379.9910605568,331066.9002202279,-1382313.090840329,300.30050843875125,1428.4328132192022,0.9238804444120753,85.5
7522000,30088.000004294732,-1711814.466975797,332004.50529857504,-1379809.961677222,301.15098090082796,1428.4328132192022,0.9238804444120753,85.5
7523000,30092.000004295547,-1712484.1785233133,330280.3894068611,-1382203.7891164522,299.58708889427396,1428.4328132192022,0.9238804444120753,85.5
7524000,30096.000004296362,-1712184.833642969,330153.03094888135,-1382031.8026940876,299.4715659904142,1428.4328132192022,0.9238804444120753,85.5
7525000,30100.000004297177,-1713549.8974000588,332285.9519076118,-1381263.945492447,301.4062723834132,1428.4328132192022,0.9238804444120753,85.5
7526000,30104.000004297992,-1711463.2022467833,332510.3119693548,-1378952.8902774286,301.6097824309895,1428.4328132192022,0.9238804444120753,85.5
7527000,30108.000004298807,-1714816.2328933924,333753.79052820936,-1381062.442365183,302.7377032325203,1428.4328132192022,0.9238804444120753,85.5
7528000,30112.00000429962,-1712395.5156171154,333047.14770770055,-1379348.367909415,302.0967294651572,1428.4328132192022,0.9238804444120753,85.5
7529000,30116.000004300437,-1712226.3629639633,332064.515787833,-1380161.8471761304,301.20541455282955,1428.4328132192022,0.9238804444120753,85.5
7530000,30120.00000430125,-1713037.5071473308,329759.4158739053,-1383278.0912734256,299.11452997423186,1428.4328132192022,0.9238804444120753,85.5
7531000,30124.000004302066,-1712279.425119834,331751.49598244246,-1380527.9291373915,300.9214840039053,1428.4328132192022,0.9238804444120753,85.5
7532000,30128.00000430288,-1711516.3318147473,331233.5385509708,-1380282.7932637765,300.4516608958957,1428.4328132192022,0.9238804444120753,85.5
7533000,30132.000004303696,-1711790.4080748241,331979.64884990605,-1379810.7592249182,301.1284343878171,1428.4328132192022,0.9238804444120753,85.5
7534000,30136.00000430451,-1711507.258525079,331961.1684784658,-1379546.0900466132,301.1116714165387,1428.4328132192022,0.9238804444120753,85.5
7535000,30140.000004305326,-1711724.702974448,331328.2784128667,-1380396.4245615813,300.53759648377184,1428.4328132192022,0.9238804444120753,85.5
7536000,30144.00000430614,-1710166.3472197652,331993.46570904594,-1378172.8815107192,301.14096723184946,1428.4328132192022,0.9238804444120753,85.5
7537000,30148.000004306956,-1712653.7299640775,331788.9412172894,-1380864.7887467882,300.95544941408576,1428.4328132192022,0.9238804444120753,85.5
7538000,30152.00000430777,-1712426.6783486642,331910.100776722,-1380516.5775719422,301.06534948949536,1428.4328132192022,0.9238804444120753,85.5
7539000,30156.000004308586,-1710400.7546745464,333551.93670494866,-1376848.8179695979,302.55460789524807,1428.4328132192022,0.9238804444120753,85.5
7540000,30160.0000043094,-1710284.2557266653,331457.3428642571,-1378826.9128624082,300.65466684129814,1428.4328132192022,0.9238804444120753,85.5
7541000,30164.000004310215,-1714514.2365324683,333061.4487381079,-1381452.7877943604,302.1097014859169,1428.4328132192022,0.9238804444120753,85.5
7542000,30168.00000431103,-1715108.400387777,332624.3314052601,-1382484.0689825169,301.7132059219863,1428.4328132192022,0.9238804444120753,85.5
7543000,30172.000004311845,-1713757.383437369,332432.1046919824,-1381325.2787453867,301.5388430373415,1428.4328132192022,0.9238804444120753,85.5
7544000,30176.00000431266,-1709726.521919107,331463.635197557,-1378262.88672155,300.6603744215122,1428.4328132192022,0.9238804444120753,85.5
7545000,30180.000004313475,-1713270.4542617034,330950.23082670744,-1382320.2234349959,300.1946812534599,1428.4328132192022,0.9238804444120753,85.5
7546000,30184.00000431429,-1713300.7206666023,332826.0950511782,-1380474.625615424,301.89621946219023,1428.4328132192022,0.9238804444120753,85.5
7547000,30188.000004315105,-1712240.5803606194,331608.6273860781,-1380631.952974541,300.79189233497186,1428.4328132192022,0.9238804444120753,85.5
7548000,30192.00000431592,-1712848.8346963301,332120.576469422,-1380728.258226908,301.2562654569018,1428.4328132192022,0.9238804444120753,85.5
7549000,30196.000004316735,-1713148.3558013868,331743.5539686461,-1381404.8018327407,300.9142800497211,1428.4328132192022,0.9238804444120753,85.5
7550000,30200.00000431755,-1711974.164375281,332755.8530440617,-1379218.3113312193,301.832505117939,1428.4328132192022,0.9238804444120753,85.5
7551000,30204.000004318365,-1714097.8862660471,333477.5321976509,-1380620.3540683961,302.4871178762918,1428.4328132192022,0.9238804444120753,85.5
